13480
-646
-95
-2632
4741
-4706
-2743
-2656
-2213
1682
2838
3703
666
-3839
-2756
-1080
4539
-4062
39
-2007
2818
3806
4808
1521
-2468
2862
-2935
1894
-2476
2922
4270
-3340
-1740
3833
1772
2138
1584
463
-4280
-1479
2113
-4409
319
-2975
1498
-3974
1941
-4756
3851
-873
-4053
1106
-105
-113
-2655
3859
-4875
4262
2828
1681
4658
-3926
793
2931
4210
-3351
2262
1341
4699
3807
-3485
3507
2435
3149
4240
-1907
108
1313
-1680
792
-4274
718
-2590
-3585
28
2646
4399
2501
-519
-1468
722
-1526
4629
-1518
-3657
-112
4903
-757
-4465
1660
3626
2041
-3532
974
3469
3792
668
4217
-4166
-3686
-2211
-2872
-1559
2192
-3089
-1188
-3118
4568
-4561
630
-3533
472
-4927
-3467
-2572
-2921
-4546
4296
3808
-505
3306
-414
-4493
3804
2569
78
3372
-3836
-738
-201
1285
-3468
-896
-4762
3129
-120
3656
-2759
-4663
3949
-4778
368
-3157
3856
-76
4035
2310
3092
862
-3815
2563
296
-4658
475
59
2625
-3247
2646
-35
4876
-800
-4059
-3179
1381
946
-437
-3950
2497
2373
-2010
-3371
3958
1630
-544
1174
158
-2508
-1927
4415
3444
-3023
-322
-594
3743
4585
4759
-1122
2179
139
3181
1983
-954
52
1661
979
666
-1737
-3022
-2233
-3555
1445
627
4442
-2561
1698
-258
2711
2111
-526
-2829
-4487
-3397
4455
2699
-1865
3351
976
3548
-1486
-3460
-462
2115
-4935
4484
2198
-2819
1439
-3708
1703
-2148
2061
-245
-883
-3171
-464
-3579
-2005
-3682
-2483
2536
-2875
1174
-3398
-1264
-2471
2758
326
-2230
-2280
4334
-744
2186
563
-4985
-4550
2153
-207
2783
769
-4849
2332
3870
1205
4000
-3043
-2837
-2225
-2742
2060
-4825
-684
300
-3309
3290
1641
1861
-1726
-1381
-1620
-2326
-4731
-4576
-4406
4864
-2827
-2681
4014
4300
-4204
-4501
-219
3048
-1615
-4296
-778
-4729
3262
-276
-3417
-2677
-2458
2946
729
3920
4111
2446
-2474
-4994
4062
-772
-4275
-2532
-3869
3370
-2824
3221
4616
-468
1943
4394
4195
-2246
3400
-1840
1691
15
-1735
534
218
-1161
3817
-556
3266
-3599
-4369
3676
-2106
3708
-1688
152
-894
4247
4233
26
2381
3610
-3984
575
857
-2996
-1762
4010
-2444
-3006
982
2440
839
-1597
-495
428
-4241
-4709
3852
2767
2153
2164
2481
-44
-1850
-4717
-4623
196
2632
-132
2684
-4870
1216
4884
3322
-599
1874
-3319
2921
4180
2481
1210
4842
-1441
2607
4689
3527
3268
944
1052
1674
2012
-3821
-4427
-224
-3534
-3176
2262
2746
1503
-3313
-3497
4763
1105
2822
4273
481
-478
-1313
-1056
2295
-2945
349
-3640
1255
-3923
3490
-3224
-280
-2851
4269
-3545
-179
-3953
-4797
1914
-2025
-3906
-401
-4197
4863
-3873
1760
-3584
2484
-2724
4235
-966
-352
-1914
2059
2575
-1939
3124
4382
-4727
108
-958
-2687
-3469
-4331
-2841
3698
1108
2569
479
2589
4724
-624
1493
3854
4305
2005
1278
1254
-1407
-1648
-214
-4812
-3241
3627
4944
2570
763
-1724
-130
3038
2997
329
2850
3641
3912
2459
657
-2030
3560
-1479
-2232
2301
372
3862
-1131
814
4612
-366
2931
2764
751
-3441
-2281
1588
1965
3825
-2096
-3530
866
1305
-1637
2720
-4957
3631
-2543
-3427
1532
-2754
1740
-4694
1099
3840
4484
-4129
-2564
873
1375
-3849
3367
-160
3272
2398
2840
-592
-408
3490
-2561
-647
2614
3961
4226
-2297
3794
-4467
3908
4720
3815
3537
211
-3056
1924
4398
3297
3869
-1773
-1740
2264
843
-330
2526
-3741
-2710
3758
4357
3147
3379
-3112
-4182
2928
4177
4914
3706
-2287
1274
1797
2412
-2991
1815
-1263
4929
-785
3402
-3045
3020
-2061
-2330
4947
3549
-4549
-209
-3292
2794
1580
-736
2397
1182
-253
-988
313
-2154
2527
-2325
-33
-489
1403
2643
2111
20
481
-4113
-217
-1675
3503
-203
-4884
675
157
3183
-2287
1894
-3326
-2485
3264
2344
3929
-1570
3220
-3011
-4359
-3372
1518
1550
865
1072
-807
-2467
-4665
3185
3741
4898
-3158
2039
4021
-955
-3491
-4064
583
-4595
3360
-3247
-4784
2274
-1986
4525
634
3340
-3479
3643
4316
-1902
-4532
2738
4011
-4752
-2109
-1154
-987
4319
1210
4698
-2903
-4592
4525
4307
479
-1156
-4011
4276
3226
-2829
-956
-991
-4439
980
4749
4660
3203
1641
914
2453
-3283
3613
2618
3882
4490
1387
-61
4010
-4155
3733
3342
-4125
-3155
-4084
-3898
-4165
-2200
-3104
2208
4346
147
1343
-2612
-3479
1856
-4029
-4881
-2064
-111
2746
-4932
4350
3376
1322
76
-3663
-2290
-713
-4173
1313
-1196
-954
2088
-707
3134
1492
3508
-3234
-4915
123
-4221
-1309
2748
4729
-818
916
4419
1828
-4584
129
21
4663
659
-2900
-4801
-3743
4741
92
-4790
703
2762
891
-4365
4761
-1521
708
2596
-628
2202
5
1158
2337
259
-4916
-3400
2087
-4109
-1904
3404
2738
-926
3542
-801
-4807
-3946
2104
1208
94
-310
-550
-2487
-4279
1536
945
28
-1179
-1762
1687
3664
2370
-4855
-2367
1161
-1164
-4150
-1181
3377
-779
-4634
-3989
-646
-2558
-496
-1237
2140
-4075
-402
-3554
-4857
-291
4009
2090
-3156
3812
-2934
-3649
-2422
-3460
-2286
-3818
-4897
-190
4032
2419
-2451
-1164
-3548
2079
2937
-4170
-3006
3361
4921
-1842
3407
-114
2840
2994
-2152
2834
-3841
-2715
-3866
1543
72
4679
-4208
-3343
-1487
-2427
622
4751
-3766
-1884
2506
3486
-4906
2441
-1752
-4680
3820
144
-1739
3314
-1270
4200
4506
2095
2215
-2226
1534
-1990
-1745
-3511
4214
2298
727
3058
-2906
3172
2725
3692
-2868
4218
4027
271
4750
195
880
1704
1486
-2741
1625
-1514
-4657
-4684
2582
-1818
4728
-107
-366
-2517
915
1683
-1067
-3790
2177
2048
-3011
4258
907
-2534
1291
3043
-529
3892
4037
-1314
-3607
-4962
208
-2225
-4605
2769
-189
-2246
4186
-4501
221
540
1875
-4317
-1717
3052
-4560
-4698
-2500
3283
745
643
-3771
-3674
842
-1724
-1700
-4971
2609
131
3358
4417
-150
4713
1345
-915
-3207
-2831
3151
3920
-2068
-3991
3425
433
-3508
2347
2671
1622
-4791
1256
-1497
3491
-38
3837
37
2359
3062
1410
3474
-2465
248
-1740
4858
2378
-1507
842
-2593
-4528
1822
2314
2316
453
-2321
2896
-3929
-3574
-4481
3154
-3842
1709
-2825
-2768
-2253
1797
-85
3210
-1046
4745
525
-2537
-317
-3998
4546
-105
1895
-4708
212
-4498
-4890
-4293
-4825
4107
1210
648
1756
1771
-3792
-2794
-2828
2017
94
-554
-1191
-2852
3454
-3782
-1355
-3644
-4997
-2050
2336
-2274
-3033
4613
1233
-361
3510
-589
-4921
-2348
-486
-4349
4946
636
3813
1597
3374
-2835
-3655
-4653
-1941
3724
23
-3984
-1626
-1189
-829
4356
3240
-1475
-2249
2566
3409
311
-346
-1185
3880
-687
-4100
3098
-4252
206
3934
-1982
-1368
2541
-3562
3318
-1862
-1603
-3655
-1091
-2691
-2136
-2396
-1439
-4374
-4911
-65
1380
-3959
3589
-4175
-114
-3102
735
-3224
1832
3946
1659
-2448
2079
-2280
2887
3161
2997
1729
-2143
-1269
-3527
2446
-4795
3347
-958
484
4036
-3018
222
-4155
-4798
2180
-3662
-1419
-244
370
-3295
-3725
4777
2733
-1861
-517
-4076
-3489
2096
-3206
2353
4189
-2370
-639
-3291
-1743
-3234
-2692
-3478
2634
148
-303
1306
-1804
1069
3482
4116
-2439
-4417
-1974
-569
2097
2431
3282
-3430
2808
1077
1213
-502
-1503
2214
379
2013
1448
-4079
2993
-2140
2908
3795
-4071
-1950
4826
1731
-2768
-2538
512
-1512
-2056
615
4176
4306
-1184
-3228
-3177
-2965
1998
1450
184
-1886
-128
4000
-1803
-2772
-3071
-538
-585
611
1754
4064
2119
-3018
-283
1116
-1131
1732
-4644
-1091
2581
-3759
108
-4541
-1378
4609
4418
-3966
541
-4089
-143
-3489
-7
-3090
-3022
3728
3950
916
-2306
-1320
-1245
1343
4694
3983
-3330
-2773
3415
-4947
-1474
-428
1618
2397
-1472
3711
-3759
438
4354
3556
-2196
-3939
-4199
4603
-4421
-374
-3902
4593
-75
-2476
2663
-4576
-2744
4163
-1370
4729
2309
299
-2275
180
4551
-4696
-884
-3571
483
2520
-621
-2462
-1675
3889
-2569
-1808
2
-170
-1350
800
-1120
3112
-990
4817
4528
-4668
4530
1881
4518
-3681
-4402
-2110
-2027
-591
-2395
-3088
4589
-99
1931
-3210
-348
-3746
-568
1280
3563
-1178
4159
1785
-4605
-3378
2123
1959
260
-4112
-4152
-2403
2368
4520
-3067
293
-1969
-1298
-2744
-3928
-4253
-1816
342
255
-139
-1
-14
-3823
1875
-2041
-4992
1794
-2057
-304
-539
-2753
1189
-1407
-2846
-4654
-3123
200
-4012
-285
2186
809
-1405
-4588
2220
2378
171
-1281
-1458
-576
-453
-4216
-921
-3481
2954
-85
3697
-1043
2277
-881
-1583
1211
747
1289
-85
1724
2175
-3653
3452
-4602
-1999
-3539
-2442
636
1858
-1575
-2781
-2158
-3615
-3513
3879
-3831
-4074
-4449
1215
1416
2580
2873
2677
3724
-4745
-3386
1281
2683
-247
-2671
2498
-2056
2440
4131
905
-3450
-1322
-278
2197
-3919
-3360
279
1699
3202
-2894
-4151
-4388
-2233
288
2654
-3731
2003
4738
-3661
-316
4962
929
4238
1496
318
1121
1905
-2230
1671
-3483
-3126
2618
1109
-2188
2999
-2256
-4644
2255
-3231
1617
3790
3296
2926
1741
1650
-2958
-3415
-3774
1869
1114
4470
4474
-1712
1624
293
3092
-62
2818
4254
3253
-394
136
1825
-4060
-4436
-1375
-3672
3966
3448
-869
-884
-1004
-4368
-1205
-526
-909
4993
1100
-1594
-1475
-3662
2038
-1117
4065
670
1334
4177
1596
3095
-4465
3057
4879
866
-4392
2063
1199
-4041
-3174
290
1325
1273
4000
2650
-3114
4444
-2392
-2351
-748
-4736
-954
-126
-506
-3696
3404
4691
-3202
-4463
-2718
-4189
1158
2441
909
1263
65
-2314
-3734
-863
3002
-1852
4725
3098
2353
2463
1257
-4257
-3747
-1935
3525
-1528
-286
4397
-4087
-2441
3985
-1445
3900
-2338
-411
4063
3549
-1704
-3689
680
1099
3987
2673
-887
2954
1803
3810
4684
2407
-2708
-547
-683
3158
-2192
-3470
-891
-3218
4886
-906
4875
4912
4382
4401
-151
612
-4432
3972
-3108
-44
3179
-2556
-1853
-2663
-589
2857
-4883
537
861
226
-1915
-1666
-891
2011
1840
3599
-1210
69
-1943
4967
-3893
-2133
3342
-2905
-3788
2371
-4494
-111
4899
4901
2639
-3117
3520
4025
-3396
522
3524
-1224
2819
4454
-345
1011
2025
2495
4493
4737
-2784
-419
-3937
3629
-716
-1232
-1546
3590
-3624
2801
3873
574
-3093
-2690
-575
2050
599
-4423
1834
713
2166
22
-2374
2925
212
-3662
-297
2863
-4707
602
-2258
276
-1299
-3064
4137
-1293
-2277
-3879
-3224
-1192
4717
1920
1449
-3876
-348
-3803
-1924
-4351
-1167
-1907
3690
3891
663
-2971
4343
2414
1519
-658
-4396
-3267
944
-1480
-4466
780
-4026
2280
4729
-1585
-1372
3165
-1788
-866
527
3459
-4729
4090
1189
-784
-4317
-1338
-3687
-4096
578
1552
-3930
4151
-3490
3208
1505
-2153
3070
-1397
2414
-828
-550
-3060
1242
-4928
4773
-4028
1812
-1795
2541
4786
-4506
4547
-2200
-4590
1790
-4202
4362
-2403
921
2969
4377
-1303
1410
-4392
1215
-1078
-4429
605
345
-4770
-4643
3137
4120
-1428
920
-638
-3497
3666
1808
4514
252
1377
-2888
-242
-1207
2049
474
2652
-2176
3741
2744
856
-1559
-4540
-4979
2649
-4161
1421
3048
-627
3749
944
-1564
1188
-3061
-154
-3362
-3750
2355
-1893
-1181
4667
2820
-4062
1886
-3651
3479
4393
1365
1341
1777
3219
1315
1320
4109
595
129
-205
318
-4522
2846
4255
-3193
3634
470
-1924
-3718
-881
434
-1058
4237
2125
4633
2898
-1435
-2670
-1056
-3347
3130
-4063
1285
-4622
-3328
-1983
-771
-2471
2676
3816
1867
15
105
3168
814
4097
-1669
-976
1038
-4653
-3445
3586
2801
4537
-3636
-1862
-1254
4408
-465
-3851
-1573
1289
-197
3805
-995
-2956
251
2194
-796
2740
4801
-3531
-2635
-4040
2965
-1848
1593
-3829
-2398
684
4544
2276
-2663
-753
2181
-1305
-401
-2832
-1184
-2942
2464
1477
3652
478
4023
-4599
4675
-2670
-4047
688
2604
3543
-2565
-593
-1545
344
-264
-2931
21
-3545
-1385
2759
4317
-4090
-4445
-3904
-434
-2416
-1112
2117
-3495
-2712
-4645
806
13
2131
-2119
1814
-1253
-4087
3876
-4532
-1050
-3102
-4447
-1361
-2761
-2228
1540
1517
-2102
4058
-4293
591
-4779
-2999
4079
1747
-2540
-1968
-2808
-3218
-1742
-664
4909
-4187
4764
2
3673
-4522
-3994
-1511
-3756
634
-4263
3628
-4210
-4016
-2394
-662
-3159
-3518
-5000
-3974
-3151
2414
-3808
2356
-4925
1810
3187
55
796
4817
2886
-109
2487
7
1561
4963
748
891
1263
157
-227
-1634
-3422
836
-1939
-4719
-2673
810
403
-1455
440
-4548
2141
3281
4108
2849
1254
-4591
-3242
-2225
-3362
4757
-2850
1002
3279
1235
2997
300
-4505
1568
4963
1595
2120
495
2654
4936
1092
-605
-3734
-1517
-842
-4267
671
4032
-651
-4285
-4545
-3761
-851
-313
1249
3939
-2483
1255
-925
2033
-4111
4050
4794
2669
-3551
4788
4735
-1206
3304
613
4769
-4932
1853
4856
1323
3369
-2522
4911
-3116
-1343
-1124
-1859
1790
-3166
3256
-2571
-2848
-3361
1121
2380
-3188
-2535
1363
-1251
-4323
4226
4671
452
2538
3871
819
-3759
2599
26
-4757
3876
1720
4775
335
4042
3866
-1844
565
-556
-4218
3643
6
-943
8
2611
-4267
109
1362
-1961
-2169
2821
1175
4015
3514
3007
-148
3836
-3529
2490
-419
-4808
-2082
-398
764
2872
2288
-4408
-1467
-3247
920
287
-1484
-2785
3306
3886
3622
-2898
2719
2522
4477
-939
836
-1351
-2099
1314
-3451
3150
-4926
-3728
-989
2821
-3275
2596
1688
4214
1753
1485
-110
-2002
4327
408
-3770
-2466
2331
3832
-2013
3536
-2427
-1085
3798
4293
4937
3237
-289
-2099
3877
-1359
-4596
-4994
-3604
310
751
4475
4564
-1
-1227
-3274
-2676
-3853
3510
-574
-4079
993
3078
542
3102
-4967
318
-3951
-202
3818
-685
-3152
-3836
-333
1692
-2602
-2767
1750
414
1716
-490
937
-22
-3562
-3608
2814
4043
2449
4005
2310
-1228
-2166
4939
4288
3825
2809
-3529
-2872
-2972
2212
-2804
3966
415
-1719
3830
1892
-4409
2938
68
-740
-870
-2641
4842
-37
1595
-499
-2059
1468
-1359
4223
2227
3818
62
-4494
3040
2836
2061
-4381
-3630
-4208
980
3878
-445
-4197
709
883
4610
-3095
-685
4000
-4159
-2186
-4978
-176
1781
-1533
-601
-4726
-2362
-3408
3225
-1826
4341
-1729
-1110
-4342
-1161
2547
2792
2113
3076
-3696
3827
4102
4178
-3137
4484
2748
3206
1177
-876
-3282
-2527
-4091
-1215
1529
-2981
3476
-4196
-1604
-3563
-2406
-1064
3709
3379
-1043
-2469
165
1666
-2612
3931
-2207
3317
647
-4032
4422
-4404
-4541
-1222
887
-1431
-288
3267
-4170
668
1348
2310
-4021
4563
-450
-4048
-4062
3723
1737
723
2435
3143
-3476
-2767
-3089
-2380
1308
4097
-4173
3378
-3869
-1710
4795
-2388
1893
-1990
-4380
-3676
47
-822
2571
-419
2441
2666
-4193
-4536
2086
2142
-2434
3808
3791
-2016
3121
-4197
2291
2517
-333
-411
-4401
1201
3674
-79
-4571
-4214
-1613
-471
-2227
3694
2757
55
183
4918
4279
4418
-1001
1174
-960
-1966
92
-2494
-2120
2127
3898
4194
-4238
-4176
2197
3483
3983
-1252
-1634
-2467
3432
-4382
1560
-4870
-2558
3455
1562
-2176
1968
-24
2867
-842
-3832
278
-4022
-1682
-1285
2992
-1302
-2141
4891
3862
-4069
-2104
-254
3679
3959
44
-3252
769
1571
2897
2868
4356
1055
1810
2219
491
-3577
-4932
-4981
-465
-140
-1770
-4265
911
-1342
966
34
1185
3674
-1204
-2333
3464
-2175
-3205
1548
-2838
-2048
3091
4116
-2937
4031
-782
2100
4617
-797
3073
-3598
-1025
-4990
-1501
443
-4065
4024
3371
254
2523
-4480
-3854
-3212
-4720
3143
-1365
-4125
3334
3166
-1011
-1227
802
4021
-4247
1226
986
3459
-1108
-1183
-2638
-4648
4252
1500
-696
3435
1714
608
4935
-4896
3750
37
-3126
1566
3657
454
1074
1546
-4331
3675
1793
140
2754
1639
-2864
-2288
-414
2720
1083
665
4541
-1205
1054
3884
2369
2044
-4704
-160
-3676
4554
293
3754
-2278
4061
1607
-4908
2213
2501
-2236
3310
3213
646
3930
-3345
701
2855
4029
3452
2278
979
-3124
1647
-1738
-207
4414
-3664
-1533
2961
-4653
-3251
-1238
-2262
-2350
4735
-1446
-295
4770
2024
1702
-2171
1333
1085
794
2754
-2890
-2970
1657
1949
-366
-2163
-4978
-2911
-945
-4855
1517
828
893
1664
-1001
-1576
3080
-291
-1726
-4388
-579
-40
777
2964
1236
103
-453
1986
-4519
-1075
-1371
-1129
2635
2673
869
3226
1491
-1723
-2039
3245
-2564
218
3371
1667
-3650
-1433
-990
1304
3361
3449
-1492
4523
-3751
-2161
-4629
1728
2722
4968
4175
4680
-2449
-916
-2140
2035
4844
1802
3537
2553
-4287
-2660
-4395
4724
-3876
-1460
1081
3858
912
-2948
-2693
-4745
-3054
-2229
-4455
-1666
-553
1235
-260
-852
471
1463
3545
4265
-3615
2125
-2965
-4940
1568
3177
362
711
2923
-4745
1523
-707
-2955
-1196
451
3504
1886
-3405
3357
-583
-1796
-4584
2225
1056
4912
2960
-312
335
2400
-2064
-3165
1214
-4762
-556
-3972
-3179
3563
3648
1092
-3468
-618
-1676
-3108
2904
2878
3303
-108
559
-3864
-2669
-4304
-4274
841
-2325
163
2820
2950
2729
358
-1569
1483
1226
891
1496
806
-4971
2182
-171
293
-2135
-2084
3633
518
-3868
-4170
-2676
4733
4640
-3613
1876
4087
-3842
-3847
-1648
-3641
4999
-3743
17
-3771
4180
-2291
-1217
3545
2039
1502
-2683
-3836
-283
-190
-1006
-2202
4032
2372
-4732
-983
-1164
-4364
-4856
3495
-2452
2178
4820
2558
-3287
-492
-4808
-1270
582
609
2571
-1749
-1209
3662
288
-2266
3479
-2510
3813
2643
4669
2433
-3750
-2248
4361
203
-493
-4077
3980
-2475
611
-1299
-2014
-3108
-2096
3978
3446
1514
4834
-3009
1693
4998
2831
-2037
577
-3031
2184
-491
-1765
4655
2987
-2849
-919
-4267
-4434
2919
-1843
2564
-4012
3861
3754
-518
-547
-549
3987
89
-4514
-2436
4970
3390
1426
533
986
-3314
639
-11
-3537
-4295
3746
-1107
-3327
4637
-3549
-3641
-4367
-541
53
-813
532
-3266
-64
4711
-1765
3364
1809
-2330
-2157
1077
-3732
-1707
-3058
-425
-2983
79
3473
-2726
-4872
-3758
4791
3929
3435
681
-84
-4105
2285
-834
-3737
-2716
1546
66
-1407
-4187
1496
-3027
4126
-1621
4389
2169
2873
3019
4142
2697
3297
-304
-1609
-465
-725
-2711
-1463
-4357
2691
-998
-1263
-1624
-3527
-4367
4816
266
-1545
-2708
4763
221
-2604
1887
3330
-3225
-4908
-2564
-3823
-1893
2664
-1939
538
-4127
2084
2512
-4130
803
-3878
-397
-41
-2269
-2548
2325
2020
-4888
959
2593
-23
-423
-3850
4061
227
-959
1743
-3300
-2661
2701
2741
-1750
3126
1787
-4021
851
-1249
-2608
1047
1706
-930
-1260
2876
1220
-4401
4053
-3007
-4721
2948
-247
316
-49
2599
-1287
-3970
-2642
-2248
-3547
-620
4411
-101
-91
3075
3346
-1763
-585
-2317
-693
-2657
4081
2558
-3036
3686
2540
1945
-4719
3521
3864
-1178
-2531
3287
-2532
902
-728
-3662
-3511
265
-1906
4351
-2261
27
3216
2055
-2365
-2142
-1899
367
2374
-4164
4566
2309
162
494
-879
-801
-1616
4721
-4464
-2486
2178
2289
3958
-4945
3818
1569
3593
2281
2671
-473
1276
-2621
512
-1869
3118
-982
-4934
2875
-140
-2178
2073
3380
-2383
-2746
2887
-4808
-2300
-1457
1647
-54
-3891
-546
-302
295
-23
4530
4211
-4225
-939
508
-4187
-3129
1622
4168
-3997
3703
-307
-3246
3504
1332
3782
1692
-4792
1793
-1441
-2915
1212
-2703
4929
2291
3121
-4925
-3334
-3432
2821
321
2424
4347
-2819
-2159
2502
747
-1446
1921
-223
4153
2944
-442
-1245
258
-4837
1782
-252
-947
3701
3853
2593
-3955
1037
4029
4614
-4097
-2635
4299
3667
3210
-3030
1381
-1929
-3621
176
3119
86
-271
-2868
1764
467
4059
-3853
3292
2891
-2532
3279
-1271
-4566
-4641
4751
-3744
1908
-4861
3906
-583
-1850
-4532
4687
-4620
2086
2256
816
-1474
2170
1990
-1532
1171
-3644
-3087
-931
783
-3214
4244
-2360
3631
-4564
-3875
-199
-3167
-1260
-2203
901
-3723
-2937
-4425
-1578
-1406
4846
2669
-2960
-1452
1765
-3025
4427
-820
-2916
4364
-58
917
-425
2899
1513
-241
4027
-3593
-3171
-1501
1774
1875
4490
2960
473
-3908
872
4738
-1047
1174
2992
-241
-3449
-2531
-2055
-2141
-4309
-66
-4393
-1674
3835
-1940
2189
601
-1472
-4374
516
-2559
2788
-374
-3139
2516
-3333
-310
3935
-4685
-3222
-4754
2067
3931
797
-646
927
-3198
3860
-4115
1040
2814
468
1901
-2293
-1788
-1174
-4330
330
4640
-3178
3541
4018
-495
2632
-1926
-1070
-1728
-3514
-1963
206
-1430
436
2806
3585
-4457
4725
1318
4042
1029
3124
3554
-1417
-675
3924
2415
-2123
-4410
2781
-323
-4587
-2032
4871
4906
-2635
203
-2970
2213
2440
3132
1309
311
-3429
-4875
-969
-4770
-4484
2800
-917
2611
-1181
-3123
3144
3792
-4015
3315
326
-4957
3312
2959
511
-3968
-110
2608
-894
3596
3601
3873
-3861
-3442
-4102
-3297
-2668
14
2973
2232
-297
4083
-4791
533
-648
2654
-4846
2882
2474
4504
2894
-507
-700
-2702
-3556
1694
3304
-4775
2809
-4293
945
-4522
414
-2036
1061
4520
72
-3568
-1998
-949
-4961
4817
3580
3188
3550
-2548
3896
-3888
179
4452
2424
-3294
-2180
3488
1140
2262
4278
304
3537
-939
2726
777
-2623
-4713
2699
-2478
3876
-2168
4184
-69
-2565
4426
2559
-4587
-4395
999
332
-2020
1760
-2529
2559
1177
2296
1337
4509
-2123
3676
942
3666
-1206
-942
4951
4485
3057
4047
-216
-3961
2547
3514
952
3788
3783
-1943
-1652
-2258
-1667
1780
2001
1417
-3748
1005
-4318
223
1255
4269
-4775
3228
1178
-1196
-2256
3650
-4691
-2908
2344
-2553
193
-1079
-2812
-4419
-1992
-688
-2684
-3455
-2306
3467
484
4746
3291
-2669
832
1630
1914
1484
1913
3219
-4111
-1740
-1127
-248
-2283
-1399
3407
-1534
-1444
-2394
4069
-1950
-2683
4907
-3733
-2894
-256
-2337
2927
-1612
1103
13
4507
-2619
4709
4622
-3037
2499
3207
1817
-488
-2890
3145
2095
-1688
-2823
-2136
-1723
-2263
2128
2056
-623
-2334
-3663
1218
422
-4587
15
793
-261
4060
-2802
3375
-315
869
-38
-3631
-3185
-4324
-255
1994
3795
3453
714
-2525
-4267
-1811
2505
3995
4334
2645
-1077
172
-2485
933
444
-1270
3275
3454
2031
-2132
-4108
-3645
-3456
-3020
-66
-1641
1502
4270
-4404
-1092
3021
3643
-3994
-2841
-2889
-3726
3192
1755
4194
-3281
-2720
-480
4209
-855
-658
-3742
-1154
2311
-2804
911
-915
-616
3097
629
590
-2892
-3865
4511
-1466
-507
-716
-753
1593
1331
-2454
-4468
-3424
481
-2838
-4661
2954
1006
-2124
1064
-288
4265
-501
-4866
4564
-3342
1759
-4017
-4510
-3815
-413
1419
-1
2240
1481
-2955
-3276
-161
-4641
-995
-2662
240
-1157
822
3404
-840
-1437
-4577
-3152
1119
-4387
-3122
-3607
-3119
-4624
-3914
-598
28
179
592
3175
1683
-2521
-2978
855
1674
-3529
908
2006
4709
3018
-739
3581
2238
3667
3
-1468
98
2469
-495
-3850
-2639
2037
3879
-3382
2333
3969
4203
630
1643
-1100
4042
-1503
3616
1994
-4438
3858
637
-1653
1541
-4546
-2313
920
2187
-372
419
424
3266
-568
-4467
-2917
2807
1294
-1346
-1326
895
-2956
2558
-2595
3296
2930
-1378
-651
217
4898
3310
-4993
4447
3386
2582
260
3840
-3998
1167
2369
4042
-4662
-2341
-4659
570
3564
-322
165
-1954
-926
-3901
890
-2100
-3698
-906
4615
-1312
-3282
3307
3690
-4082
-1749
4033
-4809
-4160
3472
-3735
-2995
-3833
-519
-3443
2091
-4990
-4173
3027
-3996
4971
-3037
910
2688
-3172
-786
-1662
-978
2754
-4411
3134
-3678
-744
1511
-3195
-4041
-4252
-633
-4074
4912
-4854
1866
1611
1266
410
-2059
-3372
301
-1085
1900
-3013
-4591
2233
-1872
-4905
-4002
2454
2613
-469
2069
-4642
2724
-3200
2271
-3609
-4470
-3038
-2380
1904
4287
-3116
4724
-2004
-3063
114
-2091
655
3017
2158
-4492
-4251
-3861
-2113
-4669
2914
882
-3597
2960
-617
-1479
-3665
-2341
1096
-4621
-1824
38
872
-4321
-980
-2621
4410
2217
3984
3713
577
-2447
4313
-4668
3122
1260
2199
-3734
-3237
-364
-3493
2159
2171
-1404
-3892
1138
-1810
-382
2253
2881
1399
-1377
1763
-4387
-4830
-3323
-2058
-4710
1158
-2601
2359
-4014
2542
-2169
-4204
670
-4122
1302
4879
277
-139
-4569
2246
-4878
2556
-4069
1495
-4477
-4881
-2300
4995
-3380
-4981
-4664
1098
603
1294
4957
-3498
-3223
-1320
470
-268
-1750
-3482
-892
2713
70
-3995
2418
614
-1600
-3706
-1700
3636
-3328
-2472
3973
-3709
-4181
3883
-2225
2299
4306
966
3548
-3865
-4785
4277
-4194
-1187
4809
1264
1398
-1785
-2269
1650
3468
-3447
3300
3404
-4761
-3319
2980
961
4014
-537
-4238
1204
927
1400
3972
-4820
-3058
4706
-664
2963
-3078
-3392
-4383
928
3503
1105
-379
4861
4763
-2049
-1709
1631
-4871
3178
1737
-1574
3044
3019
638
361
868
2118
-953
3358
-2500
3557
-281
-4757
619
2109
912
-621
-1562
2046
-1414
-4204
-4404
-3639
-782
-2043
-1193
3936
-633
3404
493
-3476
-2420
-337
3755
-4436
-577
4421
-4556
1695
1323
-2797
2369
2177
-4560
4110
3316
-3510
-2571
2509
-1838
-2173
-4821
-4903
-615
1449
3761
-3199
-4418
-1710
-4102
489
-3393
321
-3519
-4701
1591
898
-4713
-1712
475
1112
-2116
3696
3310
3558
-3096
-4172
-2676
2069
4952
-2550
3126
1072
4516
4252
-4555
-3276
-4605
-1549
909
1048
1964
-1505
-2307
-4247
2378
3996
4376
2320
694
1474
-374
3000
-4258
3375
1415
-2310
-310
-773
2483
-4285
-4590
2281
2712
-1901
1033
3053
3250
-3513
698
-4368
200
-1292
932
2612
3275
1370
-3294
-4942
-500
-3231
-357
-1852
1434
4742
373
-3305
-2737
-4395
1496
2786
262
2921
-1286
-937
2898
2234
2584
-4878
3568
-1104
585
3982
967
-2591
-3754
1379
-561
2947
-3520
1127
283
-1179
2015
3687
-1812
-4747
4377
3468
-791
2380
3442
-4891
3495
-35
3207
3061
3650
-2384
1378
-4003
-3630
943
2151
372
-290
-137
1111
3020
1031
474
-1873
112
-4854
4332
1551
2187
1493
2174
4685
-2403
-3419
-2328
-2365
-4227
-32
-2596
2559
-371
-500
-322
-1728
-2072
-1199
-2273
-4001
-4095
-1499
-3058
4461
1127
-2989
4487
-2748
-891
2556
1327
-2040
3317
-3617
-264
2749
1075
-1768
1166
-19
-4440
4620
2382
-796
3201
-4377
3986
2731
-2017
-2116
-1875
3017
4717
3546
4055
-3054
-1639
-4107
4793
-231
1162
-3669
4770
1086
1012
382
3731
-494
-4907
-1946
-74
-347
-1261
3493
4181
3672
-1416
2546
-4128
2120
1182
618
-4598
-4349
4702
-117
4580
-2397
4521
-2138
1278
-120
1160
1744
4510
-3705
-644
4848
-4349
-2480
-2464
1602
2473
-3643
-463
-3288
4115
-4697
657
559
-1391
4479
-2330
-2803
1878
3839
1198
-2359
2900
2320
1879
-3698
-539
-306
2886
3364
3926
4977
401
-904
-1079
-1707
1716
2030
4574
-1824
-2197
66
1309
-4536
-2918
780
107
2801
2834
-2841
1715
3527
-1633
2937
-1809
-3876
-1537
3609
480
2744
4824
-4944
3986
4592
-1093
4221
-614
-3833
631
-4520
-1738
479
2677
2615
1320
2360
-904
-3766
4738
-2564
2883
-2794
-2379
2824
-4174
-4151
2205
-4292
4213
-3353
-4647
4344
-2130
1181
2887
4641
-1410
-2130
1306
-3370
-3693
365
2452
-3365
-1094
-1518
4322
716
-3812
4165
2833
1918
3740
-3803
-2270
2423
-4181
-3156
1308
-4341
1355
2164
-3131
-1374
-83
4866
4535
-1529
3445
1402
-2018
638
-4311
20
3012
-1657
587
776
2458
-909
3753
230
-2833
-3804
138
-1686
3295
3922
-4886
-70
2525
-4022
2903
-4308
-2447
-2173
2408
1134
2217
3610
1244
-1538
-3513
4906
1815
-2006
-1805
3461
-4526
-3839
-195
197
-740
-3871
-4868
-1290
-2105
-568
4733
-1288
676
-2299
-277
2558
-664
-647
-3633
3400
1662
600
3146
-270
-1464
2594
-2129
3573
-2791
2217
-1807
-4974
493
1624
-1897
4428
4435
4555
-818
-1348
-1603
-304
252
3168
-1738
359
3532
-3417
2873
742
-2150
-4414
-3360
1456
365
2919
3630
3387
-960
3147
-3950
-4835
-2965
2035
2595
-1035
-3076
4189
-508
-1808
-993
-940
-3906
-4863
2565
1018
3998
1785
-4031
2066
-2612
-925
-4898
-4257
426
1607
-2324
-1476
4289
4113
-2831
4664
-3221
3148
3308
-3507
-817
-2941
-277
-3184
-386
-580
1519
-794
1706
1874
-4229
-3966
2769
962
4406
-2434
-1763
360
3228
-691
2435
-2019
-1243
-4239
-90
1321
-646
2722
2297
2248
-1209
333
-237
2629
1552
2872
-405
4992
-4298
10
2416
-4411
1177
-3420
1774
338
1857
-1658
4989
668
-4180
-2788
-2503
-1299
-4890
-699
-2138
3408
1071
-4870
-99
1832
-726
4223
-2591
-3953
-3705
-4821
-2200
-940
1006
2735
-4364
1535
-3047
504
-1005
2901
-1257
4275
-4353
2479
-1118
3237
4445
972
1274
1651
-3140
-3189
2916
434
668
-667
2805
1987
-2223
750
4624
1941
4633
-3445
-1343
-2840
-1824
1044
-1863
3468
-2782
4887
-3403
344
9
-1457
-3812
-503
-2537
-600
-2465
4727
3719
-2110
-2530
2394
-3555
2185
3538
-1929
3351
4995
2236
1406
1561
3892
2091
1122
2282
-2751
4512
2046
-1082
181
3253
2562
-4193
-1716
1866
-4595
-2593
-890
3649
-3616
4078
946
-4067
27
-1923
2183
4495
722
1159
1842
1135
1691
1631
1228
2381
-166
-1693
-3758
4015
-2456
3793
-1825
4322
-1437
931
-4496
1807
1802
3928
-4948
4194
-1280
3389
-3752
-3191
4185
-4321
-1944
972
2995
21
-3833
-685
-2604
3138
-2236
3762
2644
-2861
104
1575
-4532
361
-4174
-3419
-2643
-77
662
238
-2114
-154
-557
387
-4546
-4414
-4204
-3446
-2199
-4519
1344
2610
2388
-543
2802
-588
-1812
-4950
3098
3738
-3671
-1321
463
-440
2597
2087
-1550
-4669
867
-2711
-2071
-1780
-2037
1310
627
-841
-4882
4774
-4127
-1563
1065
-436
1982
-3955
-3082
530
1281
-813
-3701
-742
-3487
2482
-4981
3956
-2182
-2195
-2176
2978
-3750
-2931
3086
-1418
1203
-1161
4254
4722
-4690
-515
-3388
4818
-2557
-667
-3127
-926
-1350
2642
-1052
-4693
-2697
540
4096
-1484
-4011
-3773
3524
-2388
-604
4086
-1263
-4496
1134
-145
4494
3991
-281
-3950
1310
-618
4081
-2918
2080
4196
4363
-3351
2157
1207
2388
950
1299
4692
4361
-2518
3268
978
1200
-1688
1782
2097
999
-3754
924
3493
-1011
4705
-2519
-2681
-2877
3139
-4069
2064
-1581
526
1192
473
-3421
-3680
37
2188
-4222
-38
-3575
1677
972
1036
-1574
4708
759
2437
-1153
0
-4483
1851
2440
-4868
2809
-1221
-4348
-3754
3296
1969
2363
1712
4846
-1599
590
4067
811
1192
3118
-4938
-1254
-2620
-3217
-3853
1451
-4482
-1960
-4900
4589
2243
-2692
4599
4168
-3647
1422
2644
4991
-4867
-2849
-2592
4905
1904
4537
1557
-3590
2664
-4233
-607
-4439
-1516
-881
2485
3692
-2915
-3959
-1376
-2510
-4499
-236
-3705
2595
2887
2331
-78
1368
-785
-4712
-335
328
-3154
-3653
-2972
-1464
4119
-1374
-4544
3254
-735
4382
4405
-3627
2148
-4667
-4525
-3844
-1929
4907
3935
-2170
-3022
-3881
-2820
-2654
3657
-2194
-2314
1563
-2870
-4711
-4321
-2570
391
-4249
842
-4854
2147
-4035
-4149
-4110
4489
2782
-4905
-1348
-3785
-759
-947
230
3951
3958
582
-1415
2182
-3080
4554
2895
4514
-3102
-1505
-3928
2909
-1203
2690
1248
323
-2297
4039
1982
3180
2562
4862
316
-2802
3849
213
2298
-3261
2501
-4066
-4116
4841
4736
-4970
4074
3784
-3212
2516
64
-2935
4442
-269
-514
-2543
-90
-4191
637
-3650
-3965
3922
-3944
3876
3676
-4470
-2890
1899
1724
-3125
1879
-4115
-2540
-2179
-2527
-2096
-3783
-3445
-2812
3426
2621
-2634
3252
-3722
-1906
-2825
1047
1981
-3651
1068
2018
-3271
-317
4955
-4402
11
-4984
-2984
3933
-3887
4207
998
2646
-2270
-3784
-4173
2994
214
-3254
119
4500
4123
892
2367
-3009
2605
4750
-4157
-1005
-2039
-2670
-2221
115
905
4398
-1648
-451
3961
3151
-2784
2493
1401
582
-4711
3741
2436
-3
-3048
992
415
-3271
2757
2388
-1873
-2073
2006
-4985
4536
-2800
-756
-3582
-4829
2631
1030
3023
2626
-3986
1198
4158
3376
3694
4776
3605
-4384
-3902
-1828
-1333
4126
3278
3494
1806
3541
1376
-3599
-3045
-2697
448
2331
-4284
-2151
3422
3502
2948
-1540
2686
-1376
2759
46
-1303
-3620
1052
-4009
-4758
-1180
3042
-4431
-3289
-1120
-3489
3846
3822
-1140
108
-3518
2874
-3312
4156
-2529
4350
2571
-4257
3499
-3376
-1456
2589
500
-3759
1816
-4516
-4225
324
486
-973
1153
-4727
-3350
776
1670
-4863
-1921
-2510
-2251
-4686
-1783
-2558
4718
3772
-2434
-1083
3095
-4901
1661
-4716
2312
1475
3722
-140
2652
-1539
-2376
-789
3177
-3906
-279
2786
-1629
-1787
3865
-119
-4991
1725
-2070
709
-3985
1378
-3448
1794
3822
-635
2850
-4027
-2147
-21
2767
1839
2671
-2123
4802
1452
1524
4784
-1963
-4579
-4514
-1571
4051
4466
3572
-583
-4758
-2987
-902
4006
-201
-758
-1692
-3587
2199
-4848
1195
182
-1520
-168
-2198
4702
912
386
3355
-3631
-2718
824
-1955
-1022
2331
4287
1168
-4917
921
-2400
2538
3879
-4152
2544
4882
3764
-3972
2576
-908
2896
1148
-2439
3564
-3903
857
558
-2851
3381
3215
1784
-1578
-1150
-1726
-4193
3117
657
-2638
-2400
275
2086
128
-2364
936
-1825
-3530
-2905
-1994
-4363
-3085
-4548
266
-498
-4
-921
-3069
1059
-192
1574
2043
-4756
-855
3828
-1266
-2468
4947
-4505
4368
4591
874
293
4721
4939
4407
-2330
3217
3541
-3421
-2392
-2619
-4734
-3436
-2716
-2266
3793
379
355
2150
984
-1965
1775
137
-1632
1465
2578
1844
1035
-3554
4279
2845
-403
-3194
3277
3896
-3244
-1314
188
-360
1195
-1181
-3560
4128
4037
-4242
3243
-11
-2317
-41
3502
-1029
-4413
-4662
4858
2114
2799
2678
4795
-687
4065
-4769
2510
-2346
3193
-891
-1446
-4138
-41
-1266
1361
1823
2765
1726
2403
-3058
1847
470
791
3664
-1953
1646
-1410
-2073
1983
3370
3576
181
3701
-2011
-1004
156
-1454
2756
-3280
4700
2403
220
4325
-4514
-2687
-3665
2828
-4876
863
525
-1755
3786
4447
4806
3845
-3448
-3572
-1181
-1998
-2946
-3185
4622
3276
-618
-2091
-1111
4141
1731
-1895
1798
-3495
3559
-412
-4828
1665
968
-3597
1894
-1422
-3308
1965
1859
951
-4002
-1629
2240
-3538
4631
-3724
-2792
97
-4975
208
1515
4339
955
327
3664
4956
1566
-3644
-2306
3141
1157
1844
2273
-4468
4080
-2465
4296
-2570
-2260
-1855
-1172
-3265
-2303
-2261
2953
1405
-3563
515
-2281
1764
-1425
-2621
722
1274
-1509
119
-1003
4357
-2638
3456
-3632
3219
1992
231
-1406
-3815
-2792
-3466
-2589
1151
3266
-1727
2551
1888
3077
-2171
1084
-1773
3346
2050
938
3542
610
2243
-2319
1131
4950
-4904
-1826
-4577
-1539
-4924
-624
-2186
4495
-3374
-4337
-3783
-2697
-3505
-2136
3301
-1647
3716
4527
1154
-712
-1230
4580
-4630
2479
2020
2287
4751
1387
3785
-3974
-2308
-1747
-1497
-1841
-84
-4477
-1223
-2256
-3531
-1072
1347
3554
-409
4362
4749
-2279
2385
2724
-1226
-4342
3508
-579
-798
-1917
-3537
-4927
508
1660
-3355
2333
-2224
2417
3120
-3266
4384
1518
-487
3707
1369
663
-3108
-1087
1612
-4752
-1962
-3930
1733
76
2606
1759
451
-4776
-3084
3694
-3441
-1010
-4146
-1392
3822
1245
4424
4943
3903
-1954
2532
545
-529
3136
895
1082
277
-1988
-2829
-3120
1540
-576
2501
3974
3367
3555
-1958
319
-3863
-1150
699
-3360
-1792
1168
2033
-3400
-24
4447
-3192
-3629
-656
-4452
1313
-1390
4996
-462
1131
-2528
-3468
1598
-4855
3985
-2244
-513
-986
-3301
1864
-584
1760
3423
-3441
-4927
1834
-4833
-2238
874
-1880
-2211
-3802
3027
-1628
4470
1785
1227
2528
-3461
1512
-1057
-3211
-175
3979
615
254
-1809
-4589
2980
952
-3240
-3363
-1402
3083
702
-182
-4365
3271
-520
2882
-4877
4600
-643
-690
4868
3913
3517
4331
3011
-3980
3175
-3613
-1846
327
3166
-2344
-4813
-4988
-3920
1195
-2438
2562
-1140
-1664
-3145
1721
-209
4318
-2146
-1936
-4261
3625
-4804
-2860
2616
3824
405
-3983
776
2349
4386
4638
4846
1838
-3746
-2514
3770
-1005
-1156
-3480
-1367
4295
4283
-2987
-4034
-4221
-4075
1639
-2383
4767
1563
377
-3973
2714
4745
1532
-4307
4358
3545
1996
-3488
-35
-597
-110
-867
1486
-1071
4643
-2853
563
2253
3647
2612
-3161
-3200
3341
-1483
4672
-2529
1280
-4912
-459
-3641
3349
-1334
3612
4088
2341
2700
4963
3044
175
-2295
681
-3255
3014
4834
2517
-392
-4809
2301
-3753
2420
4963
-3396
-2419
-434
2297
4469
4365
-2570
4797
-2447
-1424
79
-4563
2158
3045
-3468
-2399
-3040
-3065
-1221
-471
-3983
3950
4745
4851
-251
3643
-1006
315
-318
-1830
3913
-470
3165
1724
2192
958
-664
164
1874
-4157
-1802
1609
3789
-4693
-1465
4177
904
2746
1885
-2314
2662
-1181
3344
3909
2643
3105
-1425
-3784
3375
1807
756
-263
863
1785
-4980
-1164
-4144
669
-3051
-3846
1554
1702
-1650
-4649
-3885
4949
-607
2879
512
2119
-4943
-4477
-285
307
-1232
-738
912
-472
1009
-4488
-2807
2562
1595
-2754
2602
2301
3104
-2400
3083
-2633
-939
4257
-19
-1773
-2497
4835
1957
-4757
4289
-1311
4586
-1621
4187
-2859
-3605
2632
1312
1246
-3718
-1765
-4444
2746
-2185
3845
2743
274
-4814
572
312
2703
-1418
3638
2758
-357
-423
2856
-2320
-3014
-4111
4237
-2706
-3924
-3769
-2222
430
3277
4081
1754
-10
69
1309
-3078
3891
3804
2805
2596
244
4916
2960
401
-2064
1171
724
2486
1838
-92
-1314
-2288
-397
-3402
-4330
3990
1300
-4171
1522
221
-1503
3518
4026
-4680
-2383
-4000
-4178
2435
-4886
-4569
209
886
598
1861
-2365
4631
-3963
1303
-59
-1257
4569
3972
-706
-272
-3021
418
-376
-2132
1579
3413
-3639
3227
-904
3833
-3785
3899
-1110
2205
4513
4630
-2822
-3945
2191
2984
-3362
-1334
965
4528
-2426
1019
4009
-2980
3535
-1287
-3564
1270
-1764
-3950
554
3006
-1817
-4790
4783
565
-1934
2565
2048
4345
-3470
831
-3993
-989
130
3626
-1547
-3305
4656
-4083
-1088
-4632
4043
-4386
-3845
3588
-4736
4814
-4392
942
-2604
-1312
-4724
-4106
-3037
-4964
4728
1672
4888
-3247
2392
-2965
4894
1641
-4896
-1739
1295
-3142
-2691
-3422
-3333
-240
2983
780
4995
-1666
-1016
337
2771
3254
-4907
-366
-692
44
134
-1119
-1997
2429
-2375
2179
3552
-4128
1518
2187
1552
-4185
-4946
-2681
-1615
2310
856
3177
-2645
4493
-2423
2697
-3346
-2906
-3628
3070
414
200
3452
4854
1669
-105
-666
-3463
-842
-42
-171
2405
3256
2562
-4621
4729
3319
4663
-122
4392
-3719
-3542
1688
-1236
4633
3901
-4052
-536
-3082
-4313
2950
1598
3539
4072
-2453
-4819
1458
3012
-1260
-2431
1946
-4532
-1386
4142
4618
-300
-1904
4484
219
2304
-2065
-930
4665
2364
4915
1545
-3641
-966
-4642
1056
1438
-397
-1511
-1618
-2944
-321
-1878
-3271
-2353
-3150
3058
378
-50
1094
-4546
-4856
-1008
-3663
943
1216
-435
1741
966
288
2927
4941
594
3149
681
-830
4021
1140
-1701
2986
-655
2167
1063
4684
2635
1190
-4515
4067
-3925
-1759
74
3606
-304
2735
4391
2494
-4488
-4257
-1737
293
-520
2537
-1088
-2043
3265
-2125
935
1417
-4365
-3648
-1690
3727
4452
2325
-2213
-4022
-1819
1906
-1893
-1196
-4690
-315
-2152
4183
3550
-3807
2387
-2282
-2099
1348
2093
3342
-3878
-565
-1286
-1725
-1175
2329
2076
-3288
1976
-659
2811
-2780
1545
3192
2828
-547
2791
1819
-3311
3265
-2520
-3683
10
4638
3137
-1247
-3946
4545
830
646
-4235
1453
-4560
4576
-2168
2423
1095
2448
-2182
-3238
-1931
-3914
2609
-3943
2531
3851
-3392
1495
405
-4501
4569
-4271
4819
-3627
3535
4682
-150
4291
2451
786
-8
-4840
-2256
2187
-2329
2383
530
-4825
4468
2237
-4004
-3646
-2630
-1398
3964
2365
3869
-3253
1872
1397
3367
735
25
3531
4870
2385
1538
4152
2848
290
1991
1679
-936
1534
453
-1092
-583
-858
-4914
-1902
-325
-788
592
-2411
-871
-3984
74
2899
1875
4222
-1407
75
4685
-3229
-3805
2037
362
-4449
4092
-4253
-4944
463
4103
2292
-4808
3301
929
2204
2144
2715
-4202
-4209
1403
103
-317
-3810
4923
-119
-680
-742
1613
1850
2164
-3599
2393
3141
-221
2397
-1760
-4472
2567
-1903
-4969
-2730
-4840
-1394
3534
3437
4555
-4921
-2674
553
-2889
2180
-2868
-556
-1992
896
4340
-4252
-2004
3225
4456
3122
2617
85
-953
-2369
-1043
2202
2764
2782
2767
4620
1800
-30
658
2886
-3460
423
-4290
2118
4333
-1099
2210
-3215
-3107
94
608
-4054
-2143
4090
-4986
3584
2564
3744
3462
375
4823
-1799
-3997
-2837
-3623
4214
3927
-2223
-1384
1879
-4404
-824
158
-1210
-743
-1705
-2795
2035
4735
-3422
-2069
-3974
3395
4258
-743
4229
-1531
-18
-469
-3126
937
-2851
2966
4116
805
2226
-3579
-1816
3557
1430
4661
4843
-1026
-1171
1350
2592
2652
582
2004
1376
-1765
-4642
4321
-3153
1593
2240
-1867
-833
-3345
-3697
4580
-2755
3768
597
1068
-2004
-1677
4882
3098
1745
-3839
4483
4314
-1336
2165
3735
-2278
4537
2372
3887
-2804
-892
-1825
3850
-1404
-3482
1851
306
3920
-1465
4949
-1859
1154
1197
-3861
2463
2572
4847
4696
2869
2655
4036
-4520
-235
1063
1219
597
3622
-2508
-4196
4177
3731
1121
-2709
-755
-708
1180
4561
3306
-483
1708
3953
584
2043
-1059
67
1609
841
-2275
-2547
3170
4458
2838
3165
376
4836
3801
-2586
-3277
3687
-3259
3656
-4923
1430
1026
-1857
-3633
451
-3230
3928
3367
511
2658
292
-3308
-3255
-2095
-2826
240
-2918
155
-2639
4445
3371
-4015
3540
2568
1830
-1425
-4892
2052
-1649
-3713
-4052
-788
2298
4257
-2996
-1719
4525
1471
1071
3725
-4940
1849
632
-2597
4040
-3000
-1499
1329
2589
-25
1005
-3267
-3720
-2794
1023
-1556
-4196
-4221
-994
-4855
4568
-2085
-725
865
1
135
-3286
2933
2856
-1998
3325
3133
1217
-2129
343
-443
4342
1992
4011
-1511
-4154
4001
3869
1984
-2661
2432
-304
4402
20
-417
-751
-1493
-768
3496
3611
-3168
1405
1406
-635
3033
-921
3820
2091
-927
3138
554
-788
4928
4567
1872
2445
22
4104
-2030
-2418
4604
3602
2774
-2358
3661
-4716
731
-363
-2759
-348
4902
4573
1143
-1271
2917
1963
3282
-2532
-3841
2713
3141
3324
-3168
2421
-902
-691
-1268
-3302
-3539
2725
3670
-416
1726
698
-3021
1091
1053
4748
-1802
4191
4512
-3378
293
2612
3808
-4816
-3506
3037
3743
1620
-1555
-1735
679
1591
-3024
4033
-1497
-3532
-4134
721
-1814
-3774
4734
1505
-3920
-4635
-1456
1101
-2844
-215
-1299
-3143
-2882
819
1673
-2250
3831
3539
1331
-4888
4743
3905
1101
4200
-4466
-1154
2399
-1535
-511
-4320
-1290
2729
3753
-1546
-4378
643
-4709
1718
1873
-2803
2959
2902
-4148
-408
-1253
1510
-1314
-1945
-755
-3349
2947
2772
2847
-1089
-1139
-4610
-3059
-2988
-2477
-1667
-3161
-4249
-664
-363
1054
3090
1847
3907
3558
-1182
4106
4105
4753
2117
-2045
4204
1483
-2081
2490
-1021
-731
2398
3284
-4187
-1136
-4724
1815
497
-4985
-2419
-3375
1698
1799
1775
-4302
-4308
-3171
378
1723
1566
-377
3002
4635
2298
-3838
-3250
-4590
1764
1607
3373
-389
2325
4646
4837
21
4250
-720
-1923
-1779
844
-3417
-2098
2134
2030
-1804
480
-182
4422
1244
634
4255
-999
1327
2698
-2387
3157
3518
4210
3783
2330
2309
-4408
-439
-4561
3074
1999
-1985
-2815
3964
-3993
2980
2178
4452
-1310
-3839
-4090
3427
-2667
-2602
2554
4217
-3309
2243
-597
369
4770
3441
399
1243
995
-4447
-3975
-3589
438
3157
-4911
-3876
-4634
302
-4399
-1125
-3338
4767
-2438
-4873
292
4481
768
-3091
4922
-4643
-339
2520
3228
-868
111
1288
-2792
-2510
3529
-1096
2611
-2323
-2193
3
1963
-2273
-4280
-4741
252
-2537
5
-81
4576
4852
-1008
417
2461
-1610
-1914
-3438
462
-1358
1829
-1768
-2436
1778
-2739
4308
-2102
-87
855
4463
3156
-1831
164
-1496
-3351
-2708
-4201
-1321
2605
-4194
-4166
2943
-3692
-4952
181
1107
3911
-3039
1682
-2752
-2482
-3648
3029
3383
4407
-4667
-2074
-1811
4606
4195
-2291
-1906
3402
3158
-3433
-2452
923
1821
1867
3939
1289
-3385
2197
2187
-2761
-1699
1227
3473
4277
-1890
2675
-1997
144
-3715
-4499
-1310
4182
3536
-591
2294
-4144
-1683
3845
-1570
2377
4481
4492
3854
1518
3642
-1813
-867
4948
-1419
-1223
-3826
-1421
-2380
-78
3004
-3228
-1329
3398
2461
-4313
-1770
4530
-947
2734
3964
2268
2606
-237
-2573
-3634
-2712
-2485
-673
4210
-2250
581
1296
528
-2456
-1317
959
1899
-541
252
2553
-4556
-4271
2994
-1033
439
-4790
2404
-4121
267
272
-4639
-3237
-2627
4895
2385
-1686
4660
695
-2796
4158
2963
-1429
-988
-536
3615
-1733
2084
1416
-1751
4344
-336
-1522
2860
-3854
-2551
-3806
-2413
4076
-1064
1583
-1820
250
-1522
2653
-4825
2834
-2809
-4827
-1198
573
-4852
-922
-4789
-1004
-578
1148
-3074
263
-4407
1589
2975
3966
3829
-635
892
2666
4525
3036
1243
501
-827
-581
-3930
1369
697
435
-1633
961
-514
3771
2845
360
-4046
263
3511
2124
-3354
3059
4549
2440
-4368
1477
-2760
-3747
4505
2068
-3969
-953
-4447
1042
-4097
-4810
4735
-2979
-2729
-2461
1686
4234
-4711
4348
-3313
4660
158
-2345
-910
-1456
1790
-3555
-2336
-434
4253
-3578
1851
2498
3534
3378
51
2148
1063
1312
3186
3985
3459
4920
4647
4530
4341
-1213
4349
-4920
4618
4204
3647
-1256
-2625
568
-3923
-1753
-367
-4192
3322
1093
896
2586
-259
-2538
-2895
249
-3426
-4648
1776
4306
-2282
-1830
1911
3254
999
812
-3314
-364
4538
-537
4908
-3166
3577
-1527
835
-1133
-2225
2252
-4126
-2835
4250
1495
-508
2421
3329
2592
2844
-3435
2384
1038
-662
-1629
-3075
2459
-1942
-2021
-1416
-764
1727
-1780
-4109
1284
4631
188
2104
-2093
91
-2455
668
4814
4095
4461
-1926
2798
3303
-2272
-424
1975
4327
-4038
-2587
-3655
1529
4365
3625
-4045
-3617
36
-1656
-3272
4524
2343
3590
2161
2140
-3651
-3546
2860
-4533
748
2220
3962
-2436
605
-1398
-2798
4044
2529
3255
3386
-331
54
2424
-1075
-3959
3386
658
2591
3924
-1130
-3400
3113
-2581
22
-2163
536
-1019
-4729
2652
-4465
4587
-208
-1938
-2413
490
-660
1522
3825
-3562
-24
-1034
-2641
3473
1407
-2927
-4721
-543
3960
-2318
2574
-1062
2084
-881
4327
2282
-3553
3002
2821
-87
2709
3597
1664
563
-3057
-1956
581
4636
-11
2150
1030
4190
-2185
-2093
3583
-3379
-454
-1102
-1390
-4140
1370
-2531
4621
-4576
-642
-3763
-1511
2787
-1960
1358
-467
928
2817
-3417
-4091
-3750
-3392
3680
-3888
-1818
3086
627
-300
3540
-633
-4500
-3267
-2540
-836
-2996
-4314
-357
-3298
-258
4424
-2814
760
3496
2085
-3127
1274
-2551
-1469
-529
-1172
4940
3189
-2493
1678
-3441
-2638
-1317
4813
-3815
-4957
165
-4773
2266
4022
358
2929
-2702
1753
-1726
-3001
3380
-976
613
317
910
3507
2576
-991
-233
1470
4223
4144
4161
2629
-215
898
-3034
-2651
1675
4802
-1957
3472
-3464
-2677
-2964
-3364
-2826
3825
-4166
3044
2430
-424
-4277
-2619
218
-2244
-4254
2445
-4111
-4322
2839
1160
-674
244
3595
-3406
4440
-4533
2692
-3177
-157
-2642
1309
-1912
-1258
1173
-3494
3455
1302
-2801
-1522
2711
-1204
-536
732
-4352
1184
708
2790
-1834
2936
1296
-513
2331
1912
1386
-1372
91
2540
-3472
-2889
-2506
1165
-1103
-3365
4367
1836
-442
-4418
-4133
3219
3268
-2005
-3684
2776
-3415
722
2749
4855
-270
1610
-4331
43
2559
3832
-3612
4626
613
1604
-2724
-1505
4883
-4375
-1064
3252
-2926
2357
2770
-4598
3275
-1848
2019
4177
-199
70
-4302
750
4974
747
4198
3909
-1699
1681
-4438
-4465
2915
4643
958
216
-4593
3098
-3456
2288
-3591
-661
4351
2313
1711
-681
-4756
4455
2743
3606
-1823
1372
-3284
1890
2212
329
275
-1133
2687
2609
-4659
-3702
3197
-4271
-284
-4550
-1389
-4189
4290
-4655
-3870
1792
2356
-2595
-4166
-2296
-3092
377
-2800
3151
-1522
-3852
4779
-2023
-4029
-2762
845
1996
2691
-1129
-2821
391
999
4332
2913
4610
3472
-4177
-2819
-694
1083
3196
-256
-1575
-69
4892
4963
-1128
-4952
3416
-3074
3762
-2737
-3263
299
-4371
1237
-720
-2979
4617
-1791
4200
-2130
-1099
1897
-2362
-2930
-1377
-4777
1047
4971
-948
-2608
1890
3979
2710
-4582
-1507
-892
4484
1814
965
-4479
-1659
1787
3159
-1621
2724
2016
518
1867
-2231
3283
4012
-4172
-1490
1989
-884
1062
1510
-906
3772
-1355
-1914
-2274
269
-1643
263
4482
1899
313
-816
831
1642
-3852
-4721
-1772
-598
472
4061
1896
168
-3923
-2126
-4363
-1867
-2130
-2283
4877
350
3063
-2950
-3932
-3800
1551
1602
-887
2226
2947
1652
-3310
-3036
-1871
4015
-1028
-1964
384
-223
3962
4540
375
-4345
235
-62
-4985
-3452
-3184
-4579
-4118
1185
-3319
-485
-1890
1242
2501
-4531
3709
3280
99
-4411
-141
-4794
-1211
154
-4014
1640
3543
948
-833
1972
1763
-2790
2767
3974
-3376
631
2815
4479
3997
3594
-3320
2777
672
4806
-3908
-3405
-3179
1969
-4152
-4050
922
3666
-399
516
1605
4775
2677
-2646
412
858
501
3603
-4051
1988
2481
4880
1287
-2319
2411
-2058
-684
4020
3217
-3989
3311
-680
1193
1796
-298
-2346
1046
-3148
-4970
4866
-4725
4375
-1573
-558
-3958
3434
2529
1613
2687
-4274
3584
-3331
-4310
-2755
-640
3900
-1485
1324
-257
-4017
4536
-1759
-3138
-3705
2595
-3305
2825
-1996
-1012
-944
-321
-4088
-3536
-2770
4849
3087
2276
535
-4520
-1629
-4350
-4989
4811
3431
-1286
3097
-3651
-4695
-2781
-2939
-4962
-3815
2223
3548
1218
251
-2287
-375
-2411
-1661
894
2102
1836
2366
2554
479
2305
123
-2953
-1018
-906
-2049
1896
957
-4141
3747
-1280
140
-2908
-2653
-2499
-393
1808
470
1282
3211
-2526
-1147
4744
-3915
3289
4533
3571
-20
-650
4834
-946
-3338
-4055
-3922
-1651
-40
4325
2855
-131
529
-4320
-2998
-643
-3243
2711
-1528
155
-3291
4877
883
-4514
2199
3976
-1655
1790
4738
70
-4699
-2980
1139
1853
4478
-4771
-3308
4683
2291
2335
-2140
-4865
337
-3965
-3321
-1165
2629
314
3888
-3163
-3065
95
3792
1927
-3289
-852
3874
-2679
2981
-4004
-4640
2090
-4929
-3965
-4869
2581
-1575
-1767
-1520
2569
766
-4990
657
2854
2512
1495
4247
-88
1743
3565
401
-3494
-4275
2017
-4060
3080
2603
4397
4064
2535
-2217
4941
1911
4339
4655
3723
-1080
-4394
-2633
-553
234
-4129
-3236
-2553
1797
4981
3084
-1355
-3720
880
-31
-132
3332
-1970
4472
4052
3181
462
3903
-254
-2012
-3776
2239
4265
3283
4077
4032
1583
3493
2985
-163
-3994
-3602
-3956
843
-2689
-1982
1896
3506
3892
-2217
-831
2600
-3803
221
-2066
-2876
-4180
-1756
2147
-1464
-4530
2337
-2200
-3545
3627
-4693
-1877
4331
-4825
-4766
-2608
1010
-2750
3236
1032
-838
2566
3412
4121
-3995
4467
-4006
1545
1106
-2921
-2755
-698
489
3662
3288
-246
-1560
-1690
-1788
-760
-3947
-580
3143
-280
4704
-4789
1400
-3746
-1314
180
-3526
-689
4879
-1794
-4070
-2601
3052
-386
-11
-1683
2275
-1727
-4407
-3601
3973
-3754
-3462
2040
-569
-48
-4285
-947
-3852
4852
-1974
819
3542
-4113
2916
-787
1596
2026
2321
-3865
2820
3025
-3070
-2351
-3932
1325
2407
2814
3889
892
3759
2901
3340
4355
1412
-4336
1173
-4382
128
-2314
-260
1892
1955
-1447
3980
816
2912
-4068
-1860
-3224
2573
-3176
-4349
3364
1424
4815
4110
-1372
-2329
-1821
-3998
-4999
-2858
-711
3950
-3119
-641
-1997
-1456
-2556
4624
-4604
-1510
-4505
2161
-1240
365
2530
-1780
-698
1508
2815
3927
3439
4626
3340
4282
3273
2269
-4584
-1536
2033
-2195
2500
440
-4531
1131
393
-3193
1919
4913
-1505
-1973
-1755
2065
-369
-4464
-2380
904
3922
-1352
-4728
4426
-374
-222
2768
-3038
-2020
-1934
4988
18
4912
2216
4911
-2452
-4309
-4706
-1611
-1040
-4791
630
-3636
787
-2693
2261
-2082
-878
-4785
1390
3215
907
-1154
1016
-4025
-2557
-780
4827
1039
1388
-395
-4547
-3079
3704
4850
409
161
-2298
-415
1505
-4187
749
251
-4467
-2343
2872
4070
-2127
2840
4763
-4215
-2534
4239
4711
-2049
-543
-1123
-4049
-655
4982
2282
-693
3775
740
3244
1336
1866
-4581
2918
-2045
-1429
-3477
-1317
-150
-1133
-1460
-2391
-117
-3271
68
874
214
-4164
-3466
-1935
1329
2543
-2181
2830
-4362
-3121
959
787
-1985
4184
-4046
1564
4997
-913
931
657
-1845
1640
-2829
4596
-508
-2625
-1516
1489
-1726
-3196
3414
-314
-277
4602
-1360
1955
-2456
335
3967
786
4229
2349
-901
-1517
-1235
457
2448
9
4290
-1830
-1126
-2941
-491
-603
2007
-1775
-1964
-1535
4455
-4816
-3983
-338
3808
-753
2841
1247
-2992
-2608
-2637
-4475
760
-2193
2946
-4035
-3265
2675
3340
-2492
834
728
-3517
-1835
2507
-4698
-1325
-1358
770
4955
-703
-3620
-3277
-848
1513
-3662
-793
-3843
4356
-1440
3858
-3282
-1822
-206
4281
790
2317
1640
-1549
3276
1022
601
-781
3367
-749
3311
757
942
-643
2100
-3966
-3505
-2273
-397
-919
346
-2512
2302
504
-1802
1881
3863
-1759
783
-3243
-685
4642
1069
-394
3190
-768
707
-3561
-3645
-361
-406
-730
-443
-4664
-3757
-791
4446
-3400
2352
-2959
-2124
656
1654
-2623
2044
-362
919
-2476
-4071
-2773
1655
3534
1579
-3701
265
-4198
619
-319
2856
-2015
-2960
-3653
-1521
183
1724
4686
4393
-2052
4745
-3211
3666
-2156
697
-1154
-3166
412
1476
-3416
-4454
-3236
-1024
2093
2516
-1459
-4607
1715
-205
-4721
-2772
745
2485
1478
-2459
4144
4515
-2327
1146
-2928
-4594
1712
4213
4596
-28
-3187
4950
2188
2829
3730
3693
-1701
-615
131
-4774
3258
1345
-4088
-4693
738
-3911
-3264
1651
-3282
-8
-3014
-3577
-951
-2813
3371
4269
293
-1581
1805
-1599
-3126
3760
-3767
-207
2285
-2599
1602
2654
-1023
-3554
-1046
-272
3207
1295
-1720
3301
3638
1594
3500
3942
1417
3902
-3630
1656
-964
-4928
2754
2535
841
-80
-4240
2738
-1956
1427
4653
1797
3854
2556
204
-2903
42
-1492
-1818
-495
710
-2796
-2068
1221
3407
-4790
3304
4440
4928
-1216
517
-526
1395
985
2294
-2642
-4506
2749
2342
4777
-4563
-1573
-3100
2100
1818
-4238
-2187
-43
1208
4716
149
1878
3360
4244
92
-4552
32
3415
230
-1834
-474
-88
3351
-4904
-3426
2743
-2267
-257
4354
-1305
-20
-3559
-743
-4222
2017
-4753
388
-4609
1464
-358
428
2083
-1126
614
-2002
-1289
627
2095
-310
2075
4828
-4612
938
-4354
-4029
3651
2896
-4961
-2597
4006
2821
-4443
4937
4156
3664
3740
1831
-4937
-112
4721
-795
4100
-241
625
-2076
-1877
4946
691
-1910
522
1819
-11
-1011
-4988
2196
1465
-4803
522
-616
-4207
4821
2958
2716
-2914
-4814
-3907
4478
4114
1476
-2124
-4491
2439
-4032
-2706
2129
2061
-4102
-2291
4479
3016
2561
-3440
-3286
-4887
4842
-3313
4868
675
-866
-2013
804
4732
-4164
-4006
3930
-485
-1047
-2444
2413
-4250
2575
-4132
919
636
-3996
4143
941
2999
3271
-1818
2285
-2968
4911
841
-2295
116
-228
-4383
3
-756
-2455
-4825
-3927
-4883
514
1782
-555
1818
-4073
-986
-1989
976
-2148
1819
764
-3620
3477
-4849
-2877
2882
2850
-2751
-3635
152
3232
-4085
-3789
100
2499
3650
-4287
556
-2560
-3668
-1462
3050
39
-464
-3664
1469
490
1182
1446
1736
1942
1723
4396
-2689
3924
1993
-1402
-3037
-4588
1999
-4392
1553
4472
4567
-3543
4322
3872
-2303
3412
2247
2527
-3281
-4896
3240
-476
4630
2298
2692
3865
4738
-664
1573
-3934
-2417
-1064
-4281
-1207
-4278
-117
2753
-235
-3352
-3716
4384
-4984
-702
4085
-2950
-4422
-159
-1618
771
2656
4192
2329
2848
-3059
-495
3208
-2322
-1035
1357
1958
-776
-1376
4150
-2601
-4656
-178
997
-60
-682
-3286
-1446
-3973
1705
-106
2479
-4221
13
-2612
-4439
-3012
-2287
936
-2349
3528
4992
3980
-2258
-1550
4684
-4969
3255
-4015
4800
-2547
1483
-3550
4644
-3735
-4798
970
-3091
1894
-1648
-495
-4249
2582
-4150
-821
-2574
-1530
3697
-4894
1152
2921
2048
1371
-4563
-1692
3169
-3054
3327
-4297
-2272
1080
2373
550
1560
-2937
-2118
2660
3736
240
-3712
3487
-4449
-3259
2757
-1218
-3336
-2325
4518
-1734
4857
3084
2282
1106
-3271
-1568
-4029
-3324
1969
1202
4221
3921
-3336
-3441
1605
-2737
-3978
4831
4801
-553
-1006
598
43
-2136
-4212
4127
1123
4973
-4993
2793
-2147
2243
-2074
544
2791
3354
2981
-1867
383
-303
-2267
-2485
1391
975
-2607
-2620
-111
-1056
4423
2036
-4473
1647
-1379
-344
-3065
3442
3302
1530
-4450
-3684
-3789
-4632
4287
-4518
4482
-4304
-4651
-1529
-3855
-1558
491
3177
-729
-625
142
4333
917
184
-4724
-4544
-137
2948
963
1491
2740
662
359
4660
3090
-2868
4292
2329
1220
3485
2883
4752
3941
1723
111
2496
-577
2797
4298
-3682
3224
-2278
4327
-4010
-1275
78
-2326
1963
3746
-4392
1534
-3009
-4102
-3435
-3615
-2660
-2375
2356
-2155
1510
2661
3290
-2244
-586
-4578
-553
4016
3206
931
-3289
1867
-3969
2935
1413
-4031
1355
-721
273
-4595
-3898
3894
-385
2073
-1999
-644
-2866
58
1015
2817
4245
-1644
-1521
1844
-3443
-4770
-4030
4989
-1745
4083
180
2528
-4607
-1893
-2643
-2283
-1873
-4721
-4612
-4971
-2643
420
950
2895
4126
46
4758
154
1528
-2401
2972
4932
-1130
-4763
2157
4313
3516
-2394
3260
4078
-2483
2516
586
-4172
-1597
2570
4598
-740
4748
2040
-4428
-3416
4803
-4740
-626
4855
-2163
-1614
-1594
-3253
-4663
-4492
84
-372
-1221
-4855
2821
4522
3716
616
1925
4161
4373
-2754
-3901
3696
-4076
-4390
-2086
3848
-1005
887
-2169
-154
-4251
1595
2474
3623
-4079
3025
-4243
4968
4908
-1327
2418
-4228
-839
2237
-4385
-2017
-4427
2354
-2122
-696
-2708
-3650
-2249
-3236
3137
-3266
-2377
-1684
194
-2037
-3251
-996
-2929
3758
-332
-3758
3217
-1275
2473
-2984
2712
4283
3846
2441
547
-2392
-3392
18
2108
657
-1990
-962
-1603
-3771
3948
-115
-4977
-933
2191
4041
2710
3869
-3951
-558
-511
-2956
1329
-327
1271
-4769
-2602
-321
100
-2228
-4356
3315
1796
3679
-751
-3159
-917
-4646
2615
1842
-4774
2891
-147
-4781
-2353
4628
-2246
2923
3730
-4974
-4656
-4862
4203
-4121
3442
4464
-4576
4029
4229
-682
-2595
-1678
-3091
1558
1106
1209
2783
1404
-1725
-3176
1900
-501
-1907
1435
-4157
4067
-3943
-4931
-1780
2448
2639
-841
-1690
1503
-2410
1416
215
-1081
4020
-3657
1482
1682
4566
-2016
-1464
-4478
-1704
2823
4689
-4531
-2186
-1133
840
3391
-3486
-1025
-793
-4671
4103
-2031
-4329
-1983
-3875
-3705
-353
-3194
-405
-3301
2503
80
-2754
-3123
-61
565
-3655
3693
-2172
-2578
-2157
-4437
-3098
4511
-4491
4622
3
3449
-2310
437
3987
-4342
224
-560
-4178
-3087
1993
2680
4979
3584
4853
4408
137
4217
-865
81
-2878
615
-4306
-2353
-2121
-2585
1550
-4286
-3160
4444
-2908
3533
4185
3877
3845
-1129
3437
-2397
2902
3597
-683
-3844
1716
-2369
-892
2321
1716
11
2258
-3729
-176
-2379
-997
2092
1167
-4531
3364
3135
-4207
-3632
-724
-48
896
2151
-3915
1609
-396
4727
-334
2477
-182
3996
4083
781
2445
-2741
-3026
-4916
4024
-2256
-1131
3892
2546
-1309
2933
4322
-375
998
-2990
1478
3518
-3625
-4581
3799
3526
-845
-3536
1429
164
-942
-4361
-1779
1921
-2043
-177
1587
-159
1331
1097
-2926
2890
4069
-2002
-2367
1312
4762
-923
4600
1461
-3843
-1550
2282
1852
846
1060
4503
-2097
2073
2052
1870
1536
-2872
614
-4939
3534
-3902
-2630
-3701
-4579
-3777
-3165
2634
-654
-3791
3988
1161
673
-4688
63
4433
-1477
3631
-4268
-4641
4549
-742
2178
-3870
4619
3669
-90
557
-3804
-779
1649
3275
506
-4164
-767
3174
2314
2328
711
-3310
-4177
-1787
265
4728
330
-2558
-883
4548
3483
-3256
734
-4125
1551
1455
-1252
572
-3169
-394
-3615
-493
-575
-756
4377
1044
-4194
-4829
-1544
779
-4446
4570
3125
3292
-4923
2614
-3815
-4418
2121
1937
-4400
146
890
-862
353
3832
-1656
-4784
3278
-4795
-4094
-2200
476
107
195
-970
-3288
1769
1420
-647
918
-3487
3411
-1663
168
3935
1075
-4818
3133
227
473
3723
110
-1250
-4437
1232
3857
4263
-68
2721
4497
3651
-236
4054
-3060
-3771
4763
2387
4455
-281
3192
-4071
-3684
3341
1972
1277
-1348
-578
-940
-621
-621
240
4158
-3113
3915
-3937
-1497
-2879
2209
1130
179
2022
355
-1423
418
-2357
736
-3831
-3047
4914
116
-2573
-3732
4909
2634
-719
-4411
1521
4446
4378
3188
-4254
887
4838
-3324
-2000
293
-4161
-830
4561
2768
1757
-1865
-1444
1830
2013
-4454
1449
-967
2697
2567
-3178
-4753
1036
-3029
-4853
-1931
-2345
-1331
4413
3298
1790
-1614
-941
954
-2219
4902
-1042
-4115
-58
154
-3457
-1602
489
-33
-2806
-2180
2129
970
4148
-1491
2257
-3974
-376
3576
894
-1518
-1187
773
-236
987
-4865
4900
-4235
4806
4158
-1287
2357
4442
45
4885
2745
1599
4406
-4914
3590
4614
1587
88
1633
-4018
-758
-4863
4836
4562
166
-1054
4444
1193
-3803
-165
4463
2234
-849
594
-734
3844
-3186
1526
-3906
-699
1990
-55
-2984
-3807
1248
3747
-4256
2794
4588
4443
2285
1365
4114
2731
-2644
-4242
-3206
-3318
4130
-3412
-1881
-4891
3843
-1868
-4726
4632
-4051
-4693
2731
4365
1393
-4611
-4344
-1479
-616
-3848
1422
-4056
-4991
-2525
4573
3671
-996
-2980
-3809
1941
352
-1765
4630
-2474
2433
4860
-3411
4766
-1360
-187
2768
-687
39
-4349
343
482
4336
4058
4336
-2598
212
-3110
-2115
-4177
-1239
-4560
-3987
-1385
-1719
-622
-3453
-1026
-2451
-4383
3981
-92
-2869
-879
2895
-850
63
2940
3260
219
-1614
1273
-4275
-2446
4123
-562
1116
2911
2614
-960
-4553
4284
-4249
-3113
4076
1180
-4829
-2739
2208
-1867
-4175
796
-2543
-4602
2695
3428
-3460
4712
3625
-2858
-3093
3319
2475
-1622
-1183
1352
-4319
-1387
3806
96
-3964
-2571
-1727
358
-4007
1854
3809
-3439
-2302
-2220
341
3158
2209
-3249
-2893
1464
1753
3610
-1312
779
3012
-411
-674
4250
1837
2702
-417
-3476
-4774
4566
4521
2088
-4652
4807
-410
-3514
258
-4668
-1710
-2213
4184
4450
4707
-136
-122
-1086
-822
2637
-2698
1420
1262
1035
3915
1814
4364
-1707
-3674
-3922
3022
-865
-56
-4131
4110
4274
-4747
-2583
4624
873
-237
-3139
-2423
1049
1829
-1649
2629
-3261
1647
1982
828
0
76
2286
-883
-4599
4649
-751
1698
-141
-852
-3669
2424
-2169
-3726
-376
2897
-2644
591
-2203
-1165
-2723
3751
518
3641
4223
-41
3283
2406
-4713
-4564
-1712
-4052
-3237
1637
1020
-4906
12
-909
-734
3685
-3206
-3702
-2451
-2359
-1707
-4514
1827
-3534
-828
-4149
3246
-2789
-98
351
-740
-1179
-2988
2397
-2891
-3692
-4968
4548
4932
4424
-1638
3492
2273
545
4144
-4612
-3895
435
-983
3854
-1643
3966
-3360
-4736
4657
-419
4034
-4639
-1556
1913
-4856
1
2705
2130
-1081
2800
1159
-2239
-349
-3515
-1107
-4894
4880
-4565
-1136
-2738
500
2135
-1933
-3713
-4049
-580
-3751
-322
-2571
1826
2677
3566
-4815
3669
3223
-678
2421
-2066
-1496
-1925
-2957
-3923
3537
3874
3444
1317
-486
-3406
-3133
2320
2474
3444
-2499
-4967
-3554
1256
-3034
426
-571
3672
648
-3275
2757
-32
1102
970
4838
-4457
-1808
-1114
-2539
-2916
4190
-3573
2187
-2527
1561
2284
-246
4999
872
-274
-4899
1700
-2270
3992
-4438
274
1087
1299
-1320
-2042
-4499
3023
-2964
-1127
-2767
3552
3480
-3855
-2886
-1768
4873
3390
4440
-2857
4646
3110
4283
-375
1327
-3587
-2244
-3665
2733
-1504
-4790
-119
2312
-3122
3803
-2987
-257
2952
4337
-3614
-3164
-4909
6
960
-1536
-3821
-2665
2650
3501
-57
-1056
357
-4001
-4683
3405
-2854
-1498
-2297
-589
4149
4464
-2086
-2460
-1170
3433
3027
-2157
153
-723
2067
-3731
-4145
-4179
-1351
-2604
-606
1482
-1506
2618
-1939
-4149
-657
-288
-4757
-832
-471
-2821
3999
184
3804
-2840
2953
-1273
4346
2390
3447
4746
-4428
419
2283
-2125
4338
-473
-1615
-1951
4473
3086
-973
-2508
1291
990
1558
1518
2593
-4935
2482
-3783
-323
-686
2981
-4557
3854
-2156
-1268
743
4805
-298
4904
1297
-3986
3769
4130
2273
-2697
1619
3125
-556
4374
-848
-1631
4560
-3206
4991
-3969
3053
2432
-2049
1406
784
2098
-1103
-859
2267
-12
1460
-326
2325
-3569
4949
2916
-605
-318
2221
3282
856
4601
-2961
619
3574
860
-4461
936
-65
-3657
-2800
2036
1568
-2090
-4571
2671
-3775
-1721
539
-3300
630
2465
670
3476
3492
426
-530
4924
4537
3541
2573
-3813
-1047
-2242
-4350
-45
-4750
-2263
412
-3934
-2269
3381
-133
-4863
4991
1626
3526
2776
-3488
-3890
-1534
2318
-300
4182
-3561
-1572
2428
3474
2288
-4022
4716
2766
2977
-2120
-475
367
-600
20
3050
-40
3174
3510
-1298
-3545
308
-4177
830
-894
-1189
-1626
3924
4867
-4750
1778
-805
-3103
1852
-2244
869
2203
116
-4195
2461
572
-4819
-3559
2439
368
-2652
524
3189
2634
-3666
-3390
-1840
1520
344
-1015
4754
472
-3839
3340
4375
3509
3398
4007
3985
2442
720
4410
-611
-132
-3712
3658
3728
-2675
4214
-2678
-1623
2790
-2186
-4574
-2287
4243
-3624
1597
-4503
1103
-2287
1294
-4768
-2463
1283
3126
1606
-3785
-3886
3182
-4460
927
-488
-1461
675
1280
1374
4551
4938
4071
-690
-2328
3404
-2309
-1131
1937
3766
4470
2132
2586
2092
843
-100
-1786
2358
3089
-1625
-2277
-3100
295
-4611
4229
2100
442
1881
4772
-62
494
-4431
-1379
-2415
2318
-1490
3284
4499
-4646
1989
4257
421
-3677
-1549
3218
3093
-2381
2883
4838
-3306
4991
-4049
-2845
-4495
2367
3977
-2830
-1693
-2740
-3717
-1460
-1301
-486
-4998
4645
3414
1056
-3300
1610
1478
4048
3938
-2858
-397
-1376
3785
-2510
-3869
-4441
2046
4229
2887
2655
1753
-1678
2555
4183
813
-1424
1649
-3600
-1036
4896
2263
451
-792
4821
-338
3143
1123
-3101
1946
489
-2703
-396
-2490
-3781
2580
-3598
1908
623
-1024
4410
-926
-3781
326
-2345
-416
-3162
-3787
2726
4395
396
3805
3062
257
-3957
-2307
1489
3020
3329
-4655
-1284
337
-4062
1233
1508
1211
2085
-1404
-3632
398
-1860
4274
-2363
-1596
1706
-93
-1426
-2176
4441
-4033
2158
-3111
-2437
2894
-1469
-4714
800
4865
-636
1245
-2374
3045
1579
3671
-1124
4722
2251
-3982
1947
3862
-3253
-346
-4726
3984
-4290
2049
-1670
-2712
-3112
3881
3142
-3699
-4642
4634
1264
-1551
2530
-1618
-915
2847
-4715
277
1661
-2545
-812
2020
81
-2692
-121
-4189
-2830
-999
3069
794
2421
-2615
2928
1099
-3780
1216
-1983
4565
-3305
1004
2272
-2099
1589
1964
1978
-3762
-3775
-1759
-1720
-1695
-4777
-4451
1513
-437
3055
-2769
3543
-1936
1772
-2109
3321
-3750
-1210
-1699
2430
-447
-3818
2624
-2257
4050
3064
-4166
-4306
2797
-4796
-305
-271
2827
2932
4646
4971
-1547
-3666
-884
3128
4539
2069
-165
1614
1519
280
-131
887
4796
637
299
-321
4010
4218
-4242
-3632
4011
-1988
-3258
3022
2476
810
-481
2902
4720
-1008
2082
3613
-3371
-3541
245
-1364
1622
-1743
744
-760
-1167
-2321
-4742
-3770
4167
-3215
-3106
-3165
-1058
3452
4865
-1060
-3472
-3402
-1503
4822
-223
1525
-4320
-529
2252
29
-4276
2151
-2023
557
-19
-695
4115
3948
-4760
2457
1469
-565
4008
3889
-4788
-1225
-1920
2762
962
3458
-2225
-1790
1402
-2597
-1780
-3874
-2202
4056
-1131
3188
2330
-4749
-3212
465
-4495
-2493
4764
-1431
-1623
2060
3881
-132
-4118
-2538
-64
-2863
-57
-4529
44
-3282
-4906
-2571
1669
-1828
-1876
3063
4696
-2960
2345
-3895
780
-4173
225
-4463
759
4924
669
-3573
592
-2758
-3303
4682
329
-2882
723
3931
2953
-2701
293
-2506
-3644
-4650
1782
4809
-1212
3749
2536
-456
2595
2929
2960
2521
3497
4905
-2900
-2838
2161
4283
2803
4271
3063
-1223
114
-3839
-4009
-4355
2117
-223
4654
3216
2169
-679
3778
-1634
-1788
-6
-3613
4449
-1434
4138
2162
-1501
-3514
3647
-2645
4729
3814
4812
4180
-796
2484
-1791
2767
2113
1911
-465
-4831
533
-2860
4714
2556
-1177
278
1858
-1142
2657
-532
-1688
2412
-2689
-4435
-1530
-313
-588
-1589
-4046
1618
-3894
-222
3465
2594
-570
808
-4985
-766
1479
1983
1716
-1485
-4376
3808
207
-180
-1969
-1759
598
2732
651
-700
1640
-4772
-2140
4975
-217
1312
2760
-2561
783
2736
2225
402
2537
1535
2162
-4142
1357
1924
2671
2857
1890
-4471
4549
-3673
-1619
-269
-4954
-3665
1165
-3909
-908
-254
-3950
4064
1569
-1246
3884
-3874
-2856
-2888
1551
2878
1224
-2565
-2604
3076
4099
884
1739
-4304
-3805
-294
-4681
-677
3557
2273
-2627
-1884
4792
1405
1747
-2134
-1266
-1995
3742
-850
2463
1992
-1920
422
-878
1141
364
1387
-3732
-3494
-1456
-4046
-1566
-1167
-2047
3308
2129
4704
-3171
2600
-150
2991
1988
-3741
-1741
2769
930
-4271
4082
-2462
3076
-256
-3105
408
178
2179
-2703
-2061
732
-1292
-1187
-4712
1365
2981
-2790
-2698
4690
-1536
-2137
4481
2487
-346
2457
2429
-1057
2063
2443
-2804
-3097
-4097
-4744
4117
-3602
-2952
329
4664
-4279
4090
4694
-289
659
2703
1209
3355
1095
-4605
1626
1601
-3162
-1026
3422
-976
208
-4311
-2285
-3119
4416
2668
-262
-1121
-928
4966
4074
4310
1200
4537
-1640
-62
-73
-2509
-4730
3064
1141
2582
-4670
4051
2356
1279
-1196
-4441
3447
667
2238
-1520
2733
1578
1100
-1745
167
-2569
-1477
-3726
-1944
4695
456
1082
1280
1334
4978
-3250
850
-725
2104
-2123
-4906
3618
1538
-1666
-3800
2529
2005
2450
-3774
3062
1882
1518
3787
4937
-3787
1417
3367
4856
3599
-661
2394
-3448
2653
1640
3757
-4920
3344
-3496
475
4687
3317
-2111
-1049
-2715
238
-3264
-3780
3115
2301
4104
-1322
-1713
-4243
-2280
2903
-3681
3346
-609
-3263
1361
1929
3315
-2850
-2728
-4506
437
-3410
2546
976
-4770
-4668
-3328
1884
4272
-3703
-4486
-4257
-4833
2737
-3163
-1942
2429
3342
4673
-4530
2886
3016
4528
-23
-3935
3992
-3160
2181
-1535
3109
-979
-1635
-2671
-4310
-2650
3827
-3507
4262
-2994
3230
-3316
-3913
-2855
-2731
-4833
-2109
-4937
-3037
4513
4639
324
2360
4534
-4418
-2178
-4232
-101
-3723
886
-3081
-1689
-4008
-4996
-264
2089
3822
2396
-958
-3584
-4807
2502
-3068
-3814
2723
4817
-4372
997
4892
-3114
-4619
1055
1057
1825
1169
-3376
-451
-4187
3321
4689
208
-661
-723
433
-4379
1072
-317
3502
-842
1032
2431
-3967
1209
534
2437
-4583
1017
1276
-4669
1514
4861
-1685
-3957
-1484
-4460
-3346
-3848
808
384
3999
4126
-4680
-367
-2460
-2599
1834
-2376
372
-372
4342
1350
-4142
257
3378
2895
-4325
-4971
4851
1435
2399
2361
573
4389
-1749
1676
-1252
195
4201
829
-263
3557
3788
4029
3272
-853
-3064
2249
-1015
3694
-3047
570
-126
3854
-1496
2235
2057
-4994
1724
4188
-1652
-53
-2308
-2024
-4150
-3494
-3432
-94
-4186
-4709
-1105
-2639
3739
4984
2134
2691
2376
4925
-3198
4187
2416
-4484
1324
2519
933
2657
-1242
1415
3773
3202
-3800
3550
3192
-1832
-3813
3073
-1948
-3568
4234
4304
3494
4859
605
2699
-3525
-1043
3233
-3565
-241
-2778
-2035
4394
-2659
-1489
3782
-2703
2143
-3448
-4968
-1732
4316
3458
-3412
824
-1528
4198
-2235
4603
-4756
-4222
-2907
-4659
-4890
-4418
-4473
-733
4820
-3252
3462
1096
3107
587
2636
931
-2093
4289
2371
-3014
1496
4594
-1070
-1340
3515
-4771
-1391
-4789
-4949
532
-3958
-1478
4929
-2274
-888
2792
2807
132
2114
-465
362
160
408
4818
2374
-3718
-880
667
3389
2401
3610
-2501
-2723
-3094
2690
-4713
2988
-4296
3189
-2120
1379
-3236
-4756
80
4412
-4279
-1847
3364
-1312
-113
4620
3325
-1292
2596
3611
1344
1316
-2931
-569
-977
-2114
3069
2163
-2317
-2753
1262
-3522
-4906
1188
-2864
2726
-1695
3819
-2167
4811
-3356
3238
-4706
-4131
-3927
1491
-1441
2701
-84
-623
388
-768
4834
-4829
-3706
-1038
3389
2871
-3526
3704
-2802
-3641
2969
1521
713
974
3280
-3249
669
-456
2920
-3800
-1958
4670
-4619
1975
4988
1194
242
663
-2359
-370
-1445
-2429
-2171
2765
-3412
-751
-2624
4982
-915
-2796
4074
-3382
3258
397
-4928
2315
2907
-1370
-2173
2778
3407
2863
-1754
-834
2547
3415
4720
659
-1520
-2231
-565
-922
-3755
2818
-4334
-3854
2684
-17
1702
-3289
-1690
-689
1804
3817
-2264
611
988
-3037
970
-3900
38
4321
-2115
489
-2519
270
-4854
-1491
-1122
26
-3303
-171
-577
-2220
-2834
2510
-4533
-3422
3937
3098
819
1541
670
4266
-2451
-1455
859
-3790
-4891
-4892
-1672
3382
-1308
-2582
1060
2734
4311
632
517
3350
1883
756
-677
-1438
-1366
446
1138
-2993
1918
-1353
4832
-3460
-391
4334
4626
1987
-2607
-641
-4844
-2096
-931
1565
-3122
4016
3592
3088
1500
2306
-174
-2632
-4120
612
4770
-2601
-4305
4412
-4769
-4747
1166
2595
-1459
-4295
4782
-4411
-2683
2623
-1599
433
500
1655
710
-4321
3104
-4386
1164
-989
2170
-4707
-4014
4607
-4765
3431
1087
4308
540
2537
-1490
-3407
-1654
-3990
-301
4403
-1126
3163
-243
-2861
2357
-1705
1000
2283
-1364
-3459
-1521
-2594
-683
-1764
-4807
-4009
3778
-3575
-4244
3167
-735
-313
929
3987
-1447
3837
227
566
1819
1241
-500
3136
-2507
-4422
3674
-643
1861
-2707
-1907
-259
4782
-1533
-1058
-3821
-1605
-953
-3239
4707
2671
-2569
-3912
77
472
-3672
-3117
4439
-2368
-1290
-2325
-1051
-1942
2375
1422
-1499
2638
3936
2117
-4803
-3029
-3119
4147
-983
-3538
2991
-1469
1639
141
3451
2883
4898
-3752
-2686
-833
-1115
-2145
-777
-2389
155
-2765
1962
965
-1362
4662
2213
-537
-2410
4996
-548
-4564
4701
-789
3556
2627
1798
-1504
-4095
1356
-2465
3448
-3719
1174
-2674
-3755
-2230
1798
4996
-4832
-2813
2815
-824
-4609
2560
-2384
-2702
4916
260
1860
2724
-238
-4480
1456
3429
-2940
1524
-2161
2885
-4528
2487
1747
-1258
825
3745
736
2532
3183
2921
812
-4640
1377
2129
4827
-4322
3806
-4657
3511
1846
835
-4030
3069
-1968
-1730
2262
1629
1488
3639
2155
439
4957
-13
4685
1352
-950
584
4397
4633
3649
4030
3802
3976
394
1930
380
-70
-496
-3923
4115
-3281
1332
1094
4107
-4424
911
-3331
-2100
-4761
63
2038
2025
-255
-2116
-1986
-1039
-4593
3803
1007
2986
396
1801
-2160
-4857
4060
-4386
3288
1977
-1419
-3059
-3537
-3844
1052
1032
1497
-2129
2656
-3062
-336
2480
-1391
-315
-4793
613
321
1502
849
1814
1395
3697
-720
-2755
125
2122
1114
-3992
-1058
-3223
1220
-9
4614
-591
2464
2020
3133
-3421
1430
-3925
-4350
-1888
-3347
-3568
2859
-4892
-1687
3970
4603
4250
757
-2707
4669
-3911
-2226
-4369
-2027
4382
-2027
-4895
2241
-4619
137
4723
3653
-3806
3377
-1291
-2579
-677
-4604
1403
-4969
3541
3653
-3629
4562
1311
4586
-496
-4500
3091
2886
2740
-2410
-820
-1351
-3572
2815
2523
3308
-29
4648
-4351
-4870
-480
4459
-3316
-4327
3566
-416
2346
-626
-4807
1137
1398
4556
-1602
4263
-1914
3330
-967
3249
-1318
-1483
2704
2490
-263
-3183
1603
1857
2444
-3058
1261
-1762
3870
3543
2842
562
-778
206
-3381
4384
4865
2472
2658
-872
3278
-1745
2998
1155
2975
2135
2934
2446
2639
3257
2848
3279
-1849
3682
3946
-4967
-190
2275
-4019
-72
-2659
4593
1438
3320
-1349
-634
476
-4825
242
-3127
-1012
-1688
-4239
4009
1901
451
-2272
-4962
2243
4525
-4511
-3421
-4866
-295
2339
2610
-2429
2053
-2746
-4439
-1887
-4278
2380
-4474
3069
1350
3891
4785
649
4094
3258
4676
2506
3417
-3576
3269
2392
3102
-3582
1338
2748
1767
3620
-4782
4039
1078
-1877
4924
4996
-2376
1232
548
-2003
251
4925
71
3739
3977
4724
1219
1375
-2612
-3802
-1069
-4160
4785
-1614
-2133
-4499
-888
-2127
-1517
-911
-2082
-456
4126
1109
-1071
-2380
-2959
1176
2945
925
336
-3209
-4274
1984
4083
-787
1097
-4560
-2283
-3800
3039
462
-1862
3110
-2815
1085
-2057
253
-4137
-414
664
-4153
-4671
-388
2108
-3864
1344
-3043
-2575
-4039
-3696
-1869
-2110
1606
4526
3724
3335
-2302
-4707
3241
-3865
1276
2907
4949
800
-4525
1673
-909
2552
1571
-490
-835
-1479
4098
-574
2405
3897
2864
1661
365
-1588
4158
-4474
-2821
-1809
-320
4050
-1900
3684
4463
3137
173
-766
1626
15
1210
2641
1371
4685
1357
-2865
623
4214
-4388
-3769
2770
-4491
2719
-4720
-2523
3835
-3421
-1358
-3041
-1228
2806
-1941
1951
1141
1248
3184
-3274
2688
-1838
-2773
-2368
1100
-4658
-4316
4120
1419
2518
-1602
2715
-2759
-4356
4863
-3068
-4386
2599
639
-304
891
3401
4846
-1749
4955
-3606
2822
-3154
1714
-1338
-326
-902
-1085
-229
-1119
-4718
4375
733
4986
1490
2195
888
-843
2381
-4126
-2286
1975
-3744
-685
-1205
1125
-2002
4390
4784
-1115
-3294
-725
3744
-2228
-4726
-22
2928
1120
2352
-4401
-3056
417
135
835
3600
-3944
1062
3450
-2759
1175
-2552
-2265
-1497
1292
2023
3462
-3483
1486
2462
-2752
3448
4831
-2443
-1050
-3899
1085
-4271
300
1385
-2080
1097
-3621
-1740
-3129
-1830
-3237
3772
-2446
3847
3772
-4471
559
-2813
3833
-996
-3507
-660
-72
853
-3391
-3292
2222
2883
-439
-1007
3634
3455
-1001
-3066
-4782
2677
-3774
2900
-3733
371
-3479
3328
-1313
-1616
2404
-3457
-4009
-2282
3862
-4848
-1315
-1265
-2042
-4040
1635
3663
-4219
-3383
415
-1954
-194
3465
1353
-565
24
-2306
4971
-1240
2768
2653
-3744
4470
2783
3699
767
-3400
3047
-2218
659
-2733
3738
-4045
-2610
-1966
3547
2932
2679
-686
3585
1581
3300
-1918
-324
2861
-917
4372
4719
-1757
2170
2992
-1271
1302
-4502
4529
-4395
3051
-368
874
-4490
-4984
4706
-3620
4331
-1384
-3965
-3302
-4111
-1432
-3915
2922
-3124
-34
-3108
2384
-4742
-3173
1699
-2712
-650
-472
-1420
-830
1200
4026
-2996
1166
1208
-3831
497
-3158
3308
1970
3918
-3561
-1436
-2508
-331
4824
-261
-2429
4355
-2549
371
-3874
-2966
-2690
-3288
3993
977
-1478
2594
-513
3433
4888
-1929
-2357
-2474
3605
-928
4519
1486
-4740
-4544
-4640
2040
4639
-3193
3383
1181
701
2842
687
-4272
413
2884
-2374
-903
3966
2503
3323
-4723
2147
1013
-3777
1755
-187
-2572
-4438
-3215
1307
759
-3392
4296
-1492
2330
2033
-796
500
-3283
1426
-4110
3053
1766
549
842
958
4023
1239
2574
114
-4559
-4561
1036
4210
-3918
-2153
4292
-19
3889
-4634
-1001
-4650
-1105
-289
1080
869
-2484
719
1107
2800
-2594
-18
597
-4641
-228
3418
-4451
2842
2198
-1060
901
-4470
2181
-2793
510
1985
-1444
707
-4935
-669
-4542
457
2468
-789
-2052
2675
-4660
-831
1843
4582
-302
-1608
-573
-2386
697
-4437
-1318
1574
-1648
-370
-2151
946
-2157
1815
-763
17
-867
-3035
244
-441
-3665
2224
1431
-51
-589
-1014
4636
-1756
1064
-3336
1361
-4593
-3747
-50
365
-3209
2864
-1445
4905
2061
-3951
-3646
3350
-665
2263
1036
-2230
-1790
819
-2939
-1968
1724
3967
-502
1018
4862
109
-3435
-1152
1874
-3240
-830
2855
-3203
1533
2199
-2086
-1041
1916
-4344
-1661
-1834
366
1469
-4654
-169
-622
-1112
2190
3336
4422
1241
-4061
2030
-2054
-1923
610
3915
2833
-2928
-137
3785
4779
4844
-2044
-2946
-4747
4466
2927
878
-4005
-1162
3059
1690
3760
-348
-946
3030
-3923
3066
2046
-4116
-406
-4433
-3491
1923
2790
3275
-1209
2705
-1175
2035
-2211
372
-3328
1104
-500
-4623
-1495
-3260
-267
-1496
4810
-3454
-4510
-3637
-4958
-1833
3236
-2826
270
-3585
-3910
-2068
4818
-502
-3081
2274
3945
315
-3739
-1807
-4911
4170
247
2300
-1031
-2182
826
-3384
863
-661
1321
-3867
912
3070
-1244
-1507
1021
2176
1845
4489
-2910
-1291
-4851
-2335
4120
1512
3469
-1960
4385
4776
4553
-4248
-3428
2232
-2511
2771
4063
232
2170
4180
-3088
-2110
-2667
-2758
2835
3849
2925
-788
-1617
4128
3885
-1594
-4226
1214
2635
-3629
2773
3203
3950
79
2661
2190
-1855
-4109
-3813
1322
-2923
1788
-2680
-537
-199
-2790
4930
-4254
170
4935
-1490
-161
1172
4101
2471
813
-399
-364
4958
4612
-1333
704
4213
-4632
3800
1069
1513
-3958
104
-4336
3829
-79
-3375
4414
1074
-4881
-4293
2194
-3975
693
330
2977
-1201
-1756
-2633
-172
1489
4959
-2266
1174
4567
-95
-2406
-3289
547
-32
-4162
1728
-3848
-3306
4444
-2177
-548
-3783
-1487
-398
4313
-4188
-3952
2414
3713
-352
-866
3249
-2930
-3282
2368
-2881
360
2655
-4545
1707
4057
-1540
-3026
-4268
1646
-488
1409
-781
4936
4756
3918
-1250
3399
1233
1334
2903
2072
-2398
4827
-3986
-3940
3102
1603
-4676
679
-4460
4881
4542
1177
-528
-3197
3874
4632
1522
599
-1552
1734
-4041
-4191
-4170
1114
-3726
4740
2465
3548
327
-1428
488
3345
183
1984
-3349
-1387
-489
4148
-480
2465
-1904
3131
4670
1789
285
225
4857
3727
-4915
3196
669
2551
-3401
3678
507
3905
1457
471
-4141
-3930
4439
-718
2240
-4617
-3995
1265
357
-3163
-3946
-414
4026
1385
4609
796
-1514
992
4971
1762
911
-2136
-4777
237
-1051
1371
3139
-2732
-1052
4658
3520
171
4550
-1325
2491
3859
-4426
-4520
1685
-1539
-1716
-4294
-2105
4147
-1930
3542
-2608
817
2561
-85
-4096
-774
-3815
4316
879
750
-2988
-540
4879
-4419
3821
-2823
-4186
-1970
396
-3817
4084
2533
33
-3951
721
2914
-1055
-4777
2960
1886
541
-3335
2421
197
1209
-3757
-4562
-833
-3173
-4329
-646
-3155
3915
-2503
3725
-79
-956
4353
-1527
3189
4646
3664
-2892
3887
-3771
4758
4219
-1901
-2172
-3849
-2545
2267
-4983
2534
-1435
3896
-1764
4623
-4736
-2203
-4806
-2008
688
-2292
-4091
-476
3827
1923
-4918
724
-4331
-3142
4587
2413
4698
876
4415
671
2690
-2140
1381
