15542
2594
-2444
-2818
-1075
2357
4539
-1951
-2982
-3376
-2104
2736
-1628
-2730
-2147
2488
4952
2189
-4394
4760
-4554
-4588
3585
2023
4636
2540
1136
290
2011
2596
485
4166
-1382
1516
-3375
998
-4018
-1062
464
-2253
97
-3783
1367
-934
1141
314
143
-846
1381
3974
-1971
-3020
-1292
4087
-279
-3993
2009
-4330
494
-1442
-3246
-4759
-1364
2358
2285
3265
-1766
-4106
-4412
2197
-2035
-1135
-3962
-1040
-832
1748
324
3605
1733
192
1280
-1265
3354
283
4104
-4144
-4874
4073
75
-2407
4243
1926
1013
-2007
-4113
3782
344
-581
4915
1977
2087
3133
-3355
2324
-1520
-2746
-1447
-4431
2235
2620
-152
2281
4663
4317
-3289
1414
-2274
4374
2635
505
-1832
-4102
3761
942
3051
2984
-4710
-4972
-3461
-659
4035
-410
-4759
2857
2101
-4818
2661
-1930
-4571
1789
4671
1302
-2520
4132
1094
2548
-3422
1164
4552
4684
-2183
-3345
2872
-182
75
-3411
-3842
209
4753
762
-1090
6
-4720
-3933
-1188
-1267
4635
-4674
1907
1466
4305
1324
-238
-2075
-4028
4878
1908
2699
564
4302
-2920
1674
-1459
-4041
-2431
4339
2472
-1720
-362
-878
-2457
-3430
306
-356
899
4761
1249
3630
-480
-491
2507
156
-4481
4664
840
-4529
-3885
3597
-264
-196
760
3228
540
1932
-3228
477
-2551
-3315
3778
-2370
4769
2058
-982
-3512
4964
-4204
2083
988
2440
616
-4207
1214
-4469
-1634
-431
-4405
1724
2342
1066
-2014
-2109
188
2977
-2385
-3567
3615
3271
4427
1144
1946
2626
4589
-13
-1795
3267
-99
-1247
-4922
2369
1051
1345
-3621
-4550
1013
-186
1414
1357
1278
-4200
-1949
-4555
-3848
-931
2458
-403
-1767
-484
707
-2020
1211
-4516
75
293
1322
777
-249
-212
-976
806
-771
-602
-1518
3424
-4375
1010
4706
-2264
3741
-4633
4029
-1943
3599
-2087
2159
-3839
-1714
4998
-889
2646
-2104
-617
-2241
198
-1026
-1969
3967
2343
-1877
1015
-1625
4819
1233
-451
-643
-3244
3140
-3084
-856
1127
2753
-2255
-1502
2560
-3668
-2942
-423
-3737
1476
-745
-2057
-4540
455
-1877
-4294
-936
-1479
397
-1376
1933
4166
306
4729
-4346
-4030
1192
-245
-2365
2186
3815
2256
4717
-2029
-215
4847
-3245
-4292
1504
-4880
1247
1774
4827
-1949
2552
-4090
2968
3381
-2113
-1504
4330
-4906
192
-1989
-2527
-3129
447
2828
4045
-3979
-4443
1154
3431
-1628
-1542
2275
-2264
-1890
3027
3930
4185
-1310
-4152
607
973
-3989
4343
-2754
-960
-1251
-334
239
3033
4292
-4880
1897
-4675
530
-1816
1423
3351
38
-1511
-414
3032
-979
2702
-3488
-739
-3666
-2656
-1251
-1963
-1425
857
-892
2683
-785
-647
3000
1771
2438
4834
4497
-3900
3612
1945
585
3298
-4
3345
3081
-2925
826
-4352
-4874
-1860
843
-603
-2899
4940
3675
-4588
3796
-1898
1456
-1440
-3989
-4749
3831
-3302
-948
676
176
-4683
-2467
1888
1739
4372
116
1172
-93
283
-2969
-2100
-4970
-965
4648
-3951
-1624
-2158
1468
-2919
-3812
-512
-800
4386
-4475
1390
-995
-4483
1067
-356
4886
-788
4839
-315
151
4724
-2549
3839
-3961
-3134
1113
-4784
3787
-2555
4783
2292
3831
-4869
-3887
-4082
-3367
-199
-3285
2198
4385
-3388
2954
-2134
-1861
-3642
-2505
-872
-2500
-31
-1441
2226
-478
4857
-4477
-945
2623
3609
662
-1304
-1440
1884
-4390
1470
921
4349
-1826
-1853
-4777
-2523
-1743
-3511
1746
-913
-2533
3967
-694
-3483
2047
-816
164
-2050
-2966
2581
4982
564
-3965
-2479
315
1386
-2033
4232
588
4854
106
4466
4134
-4762
3119
-3051
-3980
1290
-4091
-3666
-1656
-463
-3941
3145
-391
-1786
2296
-1430
1042
-256
-2
-2692
2482
2874
3442
-3259
2872
-1557
4703
309
1808
3321
-1926
1176
2995
-772
836
3819
-1149
-4407
2550
-2259
-2570
4319
-2675
-4621
-3794
-3903
-2898
-2139
2836
213
-4656
1536
1589
4609
-3590
-4394
-4147
-3903
2055
-3812
4596
2066
-2062
2192
-4597
-1064
-2185
-4301
4822
2339
-2297
3472
1115
929
-1969
1217
-1559
-2514
2140
-3663
-4877
1471
-2128
-4110
4512
-4583
382
-3281
2052
-4342
-1069
1888
-2138
4102
1778
1413
821
-4460
-633
-4926
-1278
-2391
-2844
-3080
4495
3159
-310
-1588
-1227
-1351
4940
4933
-1995
-3263
-21
4891
2269
-2610
2832
-4524
-922
-1935
-2845
1050
-2510
-3100
689
-1332
-1782
1942
3878
1492
439
4369
-3133
-1557
2903
4412
3613
-2947
1172
3874
-4598
4344
-602
-3455
1482
-3200
-4960
-4864
-4212
4454
-925
2551
-3822
2699
-4258
4445
-3875
-782
4205
4270
-2995
-2745
-2607
2312
4670
-4167
-4833
2470
-1873
-4733
4598
-3878
-84
-4853
4379
-3452
-4873
-4907
3535
-1758
-3383
-1639
667
-505
-4037
-702
3375
-2189
3490
2538
4024
-4559
-1832
-2149
4630
-1377
-2539
2263
4668
-1705
-1484
-1891
-2950
-3709
-4949
2371
485
-2201
-4776
-203
1024
-383
-4102
2264
-1806
1861
2036
2324
-303
2796
1768
3314
3971
-4093
-4026
-3952
-793
2121
4575
405
-4019
-1180
-2253
-2314
-272
4990
2043
2315
1372
-1245
-2778
-23
-69
-2055
-1513
247
-3094
3784
3055
1311
3885
3533
-1162
63
-1260
-1190
575
-4228
198
-2908
2751
-1340
-242
-422
934
-3678
188
-3636
2480
1257
-2017
3815
-819
-4657
-2607
-3986
4599
145
-2944
788
-4961
-4900
-2548
2118
-4722
4081
4511
-3867
-647
-791
2861
-4416
-3057
-3125
1537
-3233
3370
1231
4363
619
2376
2169
3439
324
955
-3428
1149
-1575
-486
-2221
-1751
1183
771
2881
3060
-4142
-1871
453
-4800
-1199
1793
-4718
-1854
4464
1302
1872
-2173
3366
-2644
3199
-3158
-1524
-409
-8
4389
-79
-3636
-3913
-296
-4443
-4503
4731
-2584
3272
-3185
-3799
-2062
4369
-896
-3124
3273
-1209
-3965
3807
-1164
4904
-4041
-1357
-299
-1232
-4318
-3366
3152
-801
-4726
-4051
1139
-689
-2729
4118
1537
1375
-3193
4579
3043
-4652
3832
647
74
-1929
349
2229
1322
-4848
1499
2149
1127
-2924
4676
-490
-4226
-874
-4413
2509
94
1472
1901
-403
4250
3862
-545
1351
4637
-4935
475
-4790
-4209
-4704
-4525
1118
508
4889
588
-2044
-1508
-2959
-2331
3929
-2091
-1471
935
-1483
-3524
349
-2445
4699
2613
-643
2858
4450
-3144
4870
1078
-2088
3611
-2680
3276
1176
3628
11
-4959
4928
1865
224
-1117
2920
-4139
-1789
223
-4692
3583
2246
-294
709
1246
-54
3364
-4005
-1698
3152
2312
437
-2566
-837
-2834
-1888
1511
4735
1604
2808
3320
3329
-1894
-1165
1306
-1220
-2499
-3582
1356
-3307
812
780
1842
2756
-2868
4617
-229
3317
1131
-279
-1084
-3229
842
4159
778
1469
4002
-3255
-2223
-3357
-4337
103
4635
-2221
263
-1433
-1196
4222
3632
1490
-4001
-3964
1161
-4303
-1477
-1836
-4366
2319
2768
4545
-2784
4555
3728
-1026
1955
-1636
1336
-3879
-4731
1435
883
-1843
1313
3068
3353
-4909
-4596
-2075
2418
1125
-2360
-565
-3417
1887
984
3831
-3761
366
1603
-3358
-2911
-4285
4118
-1535
3522
642
4491
509
-1199
-4099
3328
-885
-792
-4801
-1552
3638
2551
2919
-815
3435
-1516
3712
-1555
1282
731
101
3434
-1530
-15
-1201
4921
3174
-4199
164
4434
1638
3820
-1232
-2051
-2628
1686
2843
-2075
-283
-4487
3790
-3573
-4588
-1795
-3426
-3355
-883
3212
1885
1740
4988
401
-4707
2943
4235
-1666
462
856
1399
-4723
4077
2925
4943
4239
-2193
-322
4677
-3837
-1315
-27
377
133
2517
2435
3656
-3501
4969
-1834
-2130
-4582
2312
2663
-2428
4320
2384
-4561
-1888
-2146
-685
-843
-3798
4549
4654
-4632
389
-1567
-1919
-886
-1054
1270
-4499
4900
-2440
4119
-4366
-1825
3345
-2362
4922
-2561
-4502
-1977
1381
-3339
3600
3086
-4436
-3693
1439
-4471
4582
684
-1574
-1108
-3160
1121
4717
-2647
-1980
-3089
-872
-221
4207
3674
1254
1877
-3226
-4513
-4255
-2354
-2483
-296
-4674
-1573
-3619
1410
-1255
2556
-627
-1113
-596
-3846
-4284
4458
4438
2989
1619
-4546
1778
2454
3183
3327
4170
-1337
-1034
4290
4307
-2208
3167
3585
3320
2780
-3524
-4469
-4604
-102
-2851
2794
2332
1625
-3116
-4836
-4727
325
3181
878
868
1262
2152
920
1869
2817
-3939
1134
3030
4971
-1596
-4889
-2356
4507
-1660
-96
2638
1666
-4394
-4810
4414
-2475
-594
-4455
197
-4612
2891
2099
-4835
2004
-467
1202
-467
-3879
905
-1647
4426
1936
-332
2920
-1332
-4139
-3361
192
192
1034
-3200
-3096
1945
-4673
1104
-2042
4193
-2878
316
-3491
19
-631
-3540
4922
4868
-2019
-2703
2762
-6
-3330
642
-4532
4159
-3346
3589
749
-2706
-1999
2435
3775
1529
3221
2299
-2463
4194
-1274
224
1753
4720
-2177
-2947
-479
-3889
-644
648
-3932
-3751
3973
4078
-3488
4419
-2959
667
3396
4292
4664
2762
3700
-4526
3971
-4429
2131
3221
4402
3978
-1441
-2072
2324
-4292
-4201
-3872
-2104
2775
4815
4014
-1051
-4691
3872
4440
-2696
600
-1018
-1304
-1814
3778
-1117
2619
-256
2794
-750
1445
1942
-1248
-1238
1652
4086
-4520
-1669
2874
-4146
-4596
-1107
-1089
-1897
-1729
2052
4394
1498
-2555
1509
-3718
-2987
2733
-1425
4138
4802
-4837
343
-3197
4805
148
1812
2306
-2418
-506
2058
-2683
-806
930
4584
2132
1791
-187
2746
374
814
-964
-878
-1046
586
833
1808
1753
2068
-2014
4386
4243
-2939
-3025
-1850
2159
3290
-3412
-1744
1511
-4879
-1875
2685
1655
2924
-3677
981
393
2361
1052
4194
-399
-3710
-4693
2691
2952
-3253
1062
-4146
4984
1231
2415
-2354
-4457
-4148
2352
-3738
2001
-542
3912
-1176
968
-4968
-2658
-2446
-2191
3496
-413
-4814
-2413
-3466
40
4607
-2349
-2076
2975
-1995
-2774
1881
-3143
780
-555
2577
4508
992
-4377
362
4158
-1768
-3202
-352
-2826
-3185
3184
-4994
1542
-4946
4339
-1281
-3781
573
-4598
-1339
-3740
-95
-4252
3712
-3149
-869
3392
-3075
2320
599
588
1936
2347
4341
4139
-4876
-348
1692
4951
-1023
-4534
-2155
4746
562
-2539
4439
-4482
2499
-607
4566
1845
844
-4455
-4448
-1561
3464
1536
-1100
-3804
-864
-1978
632
-1972
-4514
-291
-1262
-1589
-1360
807
-1240
1340
-3399
-2669
4754
-3378
-3176
1514
-4509
65
-3648
-984
4395
-2186
4011
-1299
-3281
3013
-1073
3307
-1227
-3258
4709
-2639
-4306
-2447
2099
-1999
-2828
3630
1944
939
2470
1637
-3050
1876
999
3871
1464
2674
-2331
-4528
-4104
3337
-912
807
-451
3928
586
-1273
-1084
-4863
1076
1663
-3499
2056
2861
1168
-4871
-3992
-1384
636
-4207
-3617
4866
-14
-1929
2842
4526
4820
-3452
-2566
105
-738
-562
-445
1230
-31
303
-1712
4203
-408
-2853
-4459
134
72
2354
4060
4370
-2757
-329
1867
1692
-4334
3784
3313
-295
-4374
-542
3914
1687
-2369
-4444
1457
-367
-2212
1877
2499
226
336
-2435
-3943
4315
-4758
-3552
1114
3635
-1535
-2210
-4432
3551
70
2157
345
-3065
-4531
1903
-1552
4219
-1265
-1614
-2629
-2593
29
-2420
2645
-519
-3654
4867
413
2804
2797
353
4807
-4024
-1698
2155
-426
-4362
-3476
-1603
-409
4782
4782
-1459
-2729
-2188
2776
4470
3259
-4726
-1780
59
-3404
2889
-521
1801
-4922
1431
-2167
-3570
2790
4676
-69
2171
3499
-4026
-4812
-1591
-4853
3303
-4098
2458
3110
2034
3862
-479
4397
-4064
1088
-29
1788
1990
632
-542
-3349
1274
-4893
4975
3493
2983
4670
-1820
1275
649
-4550
-266
132
600
1214
-4002
2667
-4577
-4606
15
-4214
3905
-1081
-3618
-1816
4921
4108
864
1330
-4975
-1824
-2325
-1671
1430
208
3972
1864
154
2589
921
-3174
4167
4512
-3745
-1837
2766
2841
-812
-514
-1399
-2826
-3214
2769
-2130
-4966
2280
-3968
-2654
3779
-2944
4863
-503
-4818
-917
4780
4597
-4238
-3365
395
1649
-3663
168
-130
3985
4492
2808
-3121
4422
3972
-3041
-3877
3538
-2245
415
3364
-4881
-4391
-4198
-3345
3133
-3851
-2451
805
-3770
3017
4863
3481
2009
-3301
1988
2004
-2075
-1416
880
3126
-3380
3661
-1214
4364
-79
-1670
-4920
3103
4348
-4062
-3043
-2286
-863
-3464
3316
1316
1154
-3005
-4657
4675
4423
4406
428
1693
4576
4586
-3829
794
-1807
-3867
2011
-3554
4465
-55
720
-2448
-3947
-3473
1026
1201
1925
-4334
-1424
13
-3196
-3233
-2593
-1156
3349
-3619
2441
3906
4465
-369
2457
-3995
1731
-3416
-916
4394
3443
250
1151
3183
4401
1955
58
3651
1911
-1685
772
-3990
-4094
-2005
-593
-437
3344
1984
4630
-3499
2095
1939
324
3428
1856
-4539
2510
-2511
1041
987
-3146
3051
2106
2116
-2951
-4987
1882
4412
4136
-3852
4596
-1431
-2613
1032
-4005
-2684
2226
-896
1087
4771
-413
-229
3884
4913
4396
1470
-1205
-2314
-4988
-3540
-1627
-4694
-4790
-1936
4219
1368
-399
-99
313
-4037
437
-1904
-4692
3285
-2734
4670
4441
2384
4244
628
-26
-1585
2241
1198
-3127
1231
11
3601
-1047
-1482
-197
-662
-2707
-3515
-2359
-4552
-3560
-3031
-2865
-4948
2426
-4289
-424
1007
-2529
-3174
-2732
2640
2298
1510
723
-1154
4980
1496
3574
-87
1077
-4136
1380
4431
-2803
3648
-1434
-1920
2111
1143
3768
1976
-579
-4809
-4759
1444
1930
-2934
2906
-2419
-72
669
4181
1139
2631
2990
-1291
-2273
-471
-3853
3575
-3754
-3062
3055
-3277
-2369
-4876
1561
-4576
4823
952
-2708
-3191
600
-4793
-2479
-875
-4035
4975
-4668
3122
705
1498
-210
4239
-2501
-1033
-2928
191
4413
1362
-4918
396
963
1013
4807
-1162
2165
-2839
1279
2231
2369
-3170
-3149
-4152
-1401
-1622
1563
4869
2239
-3552
1635
-4801
-3095
-4939
775
-2154
-1677
-2036
-352
-2598
-2678
-2281
3852
-2776
3822
682
3530
-3987
812
1263
-4163
-1029
-2914
-3719
-3320
1609
3275
-3513
1367
-3955
189
-717
1824
-973
940
-1671
-1312
4543
2192
2555
-3761
4295
1247
-3764
-966
1800
4576
4153
-3955
4676
-4630
-3816
-1446
-4779
-4752
4574
2918
-2323
4812
-1026
-4790
739
29
-4098
-1888
4975
1781
-2124
1296
3499
-1504
3220
-2961
3647
2307
3525
758
2993
978
4921
3158
4265
627
3136
-323
-2934
-1273
900
-3770
-4198
26
-430
-4256
-2398
-2616
-3977
-4265
1332
-216
-1950
4257
1180
4398
1356
979
-623
2956
-4733
1544
3189
2699
-1481
1577
-3459
3796
-3398
-4050
2746
-1375
-125
2666
-879
2794
-4240
1471
-3460
1142
-2836
3802
-1635
-3566
-4083
1319
2424
2854
1491
-2824
23
-2648
3684
-364
4864
3423
-1825
-1405
2401
528
1272
4293
-2360
4907
-305
589
-2338
-2872
-4665
-1317
-2900
2041
-3998
-4409
2730
2947
498
-4929
-1740
-1980
1521
-1508
-505
3464
-2935
4992
-2874
-2659
2279
4475
2893
-4762
851
-2
753
4497
-49
-4146
-110
-3240
-3187
-2059
-645
2621
827
-3896
-3727
1836
-502
-4402
1503
-3875
3235
-2242
-3539
2104
-1454
4302
3846
-194
2047
3267
3319
-2810
1545
-2284
813
-4640
-476
-2665
2504
-2759
4981
4182
-3827
-4605
3780
3142
-41
178
-1721
-3423
-4472
3555
1211
1220
3495
297
-2095
1017
-1786
-2871
-4427
251
-1031
-2397
-3317
4616
-4339
3221
3229
-4038
-779
-270
3744
-1544
727
3579
-1376
514
1842
824
-2439
-1552
-460
1880
2897
2472
-4515
-4997
-2101
3260
-1903
4263
-3130
4002
1521
-4836
-4944
4767
-2855
225
2242
1332
-4593
4574
-3688
-4202
-1939
2710
-2711
-144
-4237
1961
1085
1820
1873
-1132
4374
-3929
4017
-2774
-596
-4814
-513
1038
-2107
1753
-4850
4878
-4032
-2740
4318
-4768
-4259
-3693
3813
-3480
573
4203
1843
-3665
5
3961
-3880
-2824
-1881
-733
1615
-2152
1640
-2055
2190
-4288
4126
-824
3167
-3682
4049
1061
-3911
4866
103
-1334
4570
-1438
-3412
1509
-3860
-1002
3111
-3487
-1450
1294
2651
-2298
-4460
-1733
2007
3721
-259
-1819
-4093
-3817
4302
-4223
4303
-1126
701
-4106
-1179
-1800
457
-2799
4481
633
-1843
-546
381
-1471
4019
4317
-1284
-3954
4302
353
-791
-2211
-1683
-2673
-3497
-1899
-4445
4220
-4428
3911
172
1360
-4829
-2097
-3978
-248
4119
1216
-99
-2154
3092
-4701
-2570
695
-4865
-4589
-4593
-951
-646
-1702
1845
2043
-2328
-2947
278
-4069
1214
-4841
-1140
11
1919
-4489
1742
3914
-2748
-1901
1455
830
4007
1320
-3457
1416
-1606
2194
2590
75
4490
3983
-3762
-3794
1107
3066
660
-4944
-4112
-2078
-1915
2049
-1640
-817
2066
-4213
2462
-2425
-3829
2057
-3190
3789
-2471
503
-2012
2058
-2537
-2586
-701
216
1785
-3744
-4864
-4794
4106
3875
2913
1950
-4463
-4453
54
-1293
2465
-4151
-432
839
948
2811
4421
4147
-951
-338
-77
866
3480
595
-4304
-4322
3068
4995
-97
283
-3045
3243
1726
4217
363
-3017
297
2839
-352
-2445
-752
234
805
-3574
3465
-3869
892
-3547
-763
-4292
4755
-2791
-4486
4687
-2661
-2727
-58
-289
-3488
-918
667
-2106
1550
-3465
3013
-816
4866
1992
4898
3464
4143
-549
2903
-4672
1504
318
2528
-3942
677
-3543
3106
2495
-4452
-3066
-4730
4053
171
-973
2982
-308
-4866
24
-161
-1780
851
4826
-643
-1601
3587
-1101
15
591
-1539
-3762
-4158
1693
-1745
1985
1464
-2213
4367
1933
2864
-2008
3891
1328
4489
-3618
-1705
-4933
-1441
4656
-4728
-1902
-4277
-529
-3803
-3834
-545
-1907
-3202
-310
-1048
-1975
428
3381
2966
1748
2915
3972
368
-1848
812
-2353
744
-731
-1561
801
3304
-1765
3652
-583
-3935
3215
2966
1090
-4182
2977
-569
4224
2823
-205
-2279
2663
4078
830
1153
-4077
-3126
-3286
3047
3507
-1507
1810
3989
322
-2386
2192
-1467
4259
1865
-3694
4115
-1939
-2616
3909
3560
-598
1419
1447
-3469
-1849
-1511
-4511
-2282
3247
-2890
-2064
-4085
3355
-415
3914
-4000
790
-4143
1765
1625
-569
4908
3068
1567
4407
2359
-4427
2406
1011
-3025
2409
-3694
1823
1605
-3197
4038
-3450
-2315
-1773
-60
-999
-677
891
656
4446
-4989
-3565
-3490
2308
3134
4128
3187
759
1453
4547
3024
-4027
4427
1433
-4121
-4089
-2196
-1943
-4199
-3409
4391
-182
-1676
1690
2343
-2357
1574
-1588
4210
557
-4817
-2614
-3127
4365
398
2401
1381
-3795
4833
3194
-1886
1038
-3057
271
-2661
866
-2171
4305
816
-3074
-3770
-3726
-2096
-4589
-899
-4151
-1750
-574
-2205
940
2500
-178
-131
4505
-3201
2243
3074
3261
4506
-4244
4703
251
2393
-1632
2798
-940
-2125
2928
2543
3637
-3797
-3757
2616
4736
-926
-2495
-1500
-388
2254
-1292
2745
-2411
2849
-4108
1027
3780
-4528
2977
3285
3195
-3087
499
-3449
-1451
1196
-2942
29
-1930
1947
-1392
-3946
1083
940
-3379
-2610
4342
4311
-416
-2314
-1299
1425
-1226
-743
-2227
3043
-2919
4198
-2837
-4295
-1990
4630
1299
3485
-894
-1933
-3828
342
3403
1200
-1101
-1810
2478
2861
1508
2496
1897
3311
-2498
3278
2083
2073
-301
1086
-3563
3782
3906
-3199
388
-2106
283
-1115
-1307
496
-4420
1169
-3895
594
3373
-3749
1693
-2440
-1386
-2039
-998
3593
-2504
-3526
423
-4708
4968
4707
-1681
2568
1111
3617
-1790
-2314
-1597
-2745
4018
-2280
-1601
4369
89
4954
3266
-318
4757
-71
-3560
-1682
4822
1304
-4534
3641
-1079
-3088
4248
4472
-1837
1259
-4832
4027
1082
-4989
4453
-1288
1861
-4858
-3798
4036
2183
-1947
1591
-2368
3696
-1660
-9
-4636
586
611
3845
801
-4421
-4865
-3519
4846
-4613
771
-3412
2854
-2857
2205
-1125
4077
-193
3320
2792
2262
4299
-978
4113
2180
294
2631
29
4537
-4891
-4673
911
-1393
3675
576
-2583
-4702
4957
2313
-665
647
2595
-3917
2888
-3626
-3681
1014
483
-3965
3460
-156
2860
1473
-4241
2345
-2832
10
-4134
-4352
4327
-111
-2582
-329
2419
606
-3776
1118
-511
-4898
-881
-397
-4431
-1879
-1798
-3063
-2062
-1231
474
-2991
2829
4071
-402
-1431
-2578
-4455
-1647
26
-3896
1546
4880
-2161
-925
279
1708
1634
-2771
4997
-647
-2155
-1857
-2253
784
4510
3976
-3883
2259
-2374
-1355
-2397
-2330
3301
-2036
-1895
55
-3115
1489
3115
-3352
-4556
-3763
1386
-3174
-168
2326
-1524
-2156
-1060
1845
2265
-2113
-1142
-2076
-3796
1762
3314
1584
4340
4299
2984
-4293
823
2398
39
-1531
-977
2826
2041
-769
3520
2184
4113
-542
3937
-2807
4035
-1184
-1725
-2613
-454
3528
-3348
2890
-661
-3155
1876
-3325
4682
2740
-3777
-3378
-508
-502
2085
-3468
4061
942
-2797
-2712
1214
-2363
-3203
1145
2273
-1236
2921
3407
1956
-912
1764
4893
-1568
-2815
-3390
4868
-2444
1364
599
-4347
236
4510
-3109
1422
-2809
2451
-2574
1557
-2449
-3737
-3795
274
1715
-3388
-291
4183
314
2474
27
-3014
3749
3488
1655
352
-987
-3847
4959
-1012
4875
-1604
4800
2501
-4621
-1041
4502
-4075
-1364
1947
-4300
-4437
1514
-1193
2844
2211
-4840
1132
-1578
2192
-3556
3939
3620
-2198
-708
3492
1277
3807
-4646
-1166
2760
4193
-1308
-2351
-3240
-1507
-241
-2365
-2205
-4786
676
3364
-1917
3706
3300
239
415
4425
2466
159
1625
-2162
-167
2360
-202
-982
-2980
-3173
-4346
-4120
2947
-3516
-32
-1080
-4888
704
-2910
-3681
1722
2362
416
2659
2373
-452
4624
-1920
-4512
2786
-1015
429
629
-4879
-1207
-3537
3069
-4304
3187
1010
-2163
-3654
-305
3423
-223
298
220
4024
2432
-767
-982
-2578
-3689
4478
4025
-1097
1986
3581
3743
660
1199
2947
-1992
2243
767
338
3697
-2107
-4337
73
-3058
3017
-3580
-2931
4203
1456
-2338
-453
-4629
2355
729
4743
449
2650
282
307
4049
-3992
2420
-4946
-107
-3089
3274
1451
1681
-4533
4940
-1343
-4924
-4903
2714
1886
-4477
-3439
-2708
-2104
-3553
-356
2963
-3495
-2893
-4415
-4122
-2601
458
1509
796
1086
1223
3859
-2219
-1465
4398
708
-2880
-2068
4286
4430
-822
-3145
-755
-1646
1849
-4082
-4381
649
4437
-2335
570
172
978
3482
-4448
-2978
-4239
-167
-4340
-3271
-1896
391
1487
3340
-998
-4845
2087
-1016
-467
-1854
4285
-3570
-3902
-2679
-945
-2405
1938
87
3091
4304
-1930
142
3305
4941
-3860
620
-3589
1781
-4582
4845
-975
6
-2584
4195
4574
-936
-648
-3424
3045
1783
3429
2645
-1413
-4316
-2220
2224
-1008
-1684
2035
2134
-1885
-4185
3602
3258
4129
-2502
-3252
2926
1186
-434
4301
3203
3493
-3768
-4117
858
3347
-2757
-3517
4949
759
-4685
-2390
-2004
-3443
-1285
-1719
-2850
2936
87
3842
-4943
518
2819
-1963
1805
-1172
3609
3636
4814
1741
3259
2967
-1265
-4850
-1984
-4503
-387
-4962
4560
-4530
2608
-2914
2840
2576
2049
521
3005
-2603
-1106
4285
2808
-2556
-1178
-932
2423
-26
3045
4814
4584
24
-316
-3775
-4675
-1719
-151
2861
666
-1826
-2161
-1885
-3439
-1220
3894
3974
-4753
539
-4408
3538
-3520
-2549
1778
-2253
-3332
-4502
1883
2248
760
990
4714
3613
3951
-515
-1155
-3291
-1843
3098
844
1901
-4749
4212
-4464
-1268
-2953
-1812
-3242
-4328
-242
3176
2689
1605
1366
4673
-4446
-6
1279
610
-3787
-2068
-4658
2843
2015
-2687
-659
49
-4897
-440
-1524
-1688
-989
263
4022
2791
4405
1919
-2496
-3568
-3648
-4275
1730
1712
-82
-1550
-25
1996
4053
2192
2388
2306
607
-130
2234
2541
-1642
2528
2813
2568
-3659
484
1208
-4029
-3606
1433
-3515
3417
-3658
-2739
-4324
613
185
-2986
-3148
-1153
-271
-4854
-4484
2570
-1098
-4561
-1863
2731
-4786
-3926
4158
153
-434
-4242
2707
804
-4221
-2526
-477
-4750
3010
1200
-1085
807
4191
-4160
3726
3355
-482
2247
1450
2357
-2392
2916
-2823
2030
-2546
-3911
-1909
-3847
2167
-4182
229
-1331
-3314
-1580
-94
3124
-4362
-4873
3076
-631
249
-61
-198
1280
-1511
-4056
3865
4044
-4624
-1919
4796
-228
1363
-2036
4364
2
-860
-4321
-2687
-3396
960
-3678
-780
-3409
-1789
-1012
-4048
3261
4257
56
337
4404
1590
729
-4744
-4495
-4046
2847
-4529
-4471
714
-1883
1686
-4043
2912
14
1061
-1349
-373
700
-2562
-3119
-3249
-4177
-4543
1624
-3886
-526
4585
-496
-1662
-2023
-3428
-2603
-4457
3416
-4368
-4586
2916
3377
3761
2377
1155
285
-2692
-959
3640
2252
1932
-205
2616
3355
4695
3504
3244
4161
-4983
-4029
-4938
-2194
2334
929
-2357
-685
3017
4056
-3713
2543
1165
2567
3019
-2513
-2513
1824
1007
944
245
-1831
3625
-4886
1427
2294
502
4069
-1981
-2922
2398
-3081
4942
-1525
-4673
-4570
2386
-981
-2150
3932
321
1944
3051
3262
4999
736
1791
1259
4560
-1290
-764
1757
-186
1915
-1466
920
-4152
-2002
-167
1707
-4651
-1264
-4774
-3328
-3371
4560
-971
2251
-2508
2638
4095
2911
480
1314
-2509
-1889
4961
-4806
-1073
3858
2562
2643
3871
1062
-2121
-226
1816
-3760
4906
-4177
-4613
4658
-4356
-4606
799
-4496
3116
-3366
-1011
-3697
-2912
-1954
-4168
284
-633
-1903
180
-71
4931
282
-3732
-3598
2018
4427
277
1421
504
644
-1028
-307
-19
3506
-431
-4766
-4667
4244
-1529
-333
-2801
4978
-3270
874
-4785
1135
1102
-3537
176
-4002
1833
2889
411
2305
-3408
-2861
2418
-3277
-946
4676
2775
3882
-2409
990
-3760
3420
-4976
-3843
4315
-122
3035
-3853
-3627
-749
-635
604
-3914
3617
-2595
1738
1433
162
-3344
1790
4114
3382
3114
1699
-4922
-3202
2309
3643
549
916
-1547
1333
3335
2904
2630
-2233
3292
-893
298
706
-2590
-4958
1784
-485
-196
-825
-2874
2274
-571
125
-1337
2291
-4559
2637
4875
3152
-3017
-2489
4944
202
767
2138
-1741
-4016
1311
-4915
4047
614
-4934
1953
2665
-3776
-1596
1105
-3866
785
1828
1421
-529
2846
-3825
1550
-3214
2830
-2274
1320
4704
1162
1996
3100
-2094
-4235
223
1227
-3618
2551
3391
-2559
2898
3416
3458
-1521
4917
4902
1442
-2955
3617
4778
-1537
-958
-4384
-1453
1476
-1260
-1618
2395
2290
-3857
2359
557
-30
3904
4468
2385
-4965
-3588
-3311
660
3322
-4892
-1888
-1909
-3534
-4550
-4131
4123
1600
-978
2645
4305
-2799
2454
3012
4559
-4208
-1173
1246
4356
3935
-3690
-3156
1983
-2127
-4939
4384
-4209
3343
-4928
309
2522
-2425
566
-540
-4217
-1135
121
1267
3690
827
310
-2236
-3264
-4338
4263
-1374
4406
655
955
-2141
-4070
-1916
-2249
1616
697
-2213
4123
4025
4984
-750
-454
-760
-2565
1055
304
214
-1638
212
1196
-3697
1467
-1592
1172
4199
1460
4458
3728
3691
-115
-380
3609
1494
-4816
3683
4799
595
-527
1351
-2678
-802
-4342
2799
-4868
-2151
-1452
-4487
4555
3938
1376
-2732
-3750
-4215
-3790
-1753
-1720
4386
-3332
854
-1100
4334
-1622
2189
-1691
1021
-3857
-4247
1075
3525
-3772
760
3547
2108
599
-4324
-471
-2312
-413
1532
-4601
939
325
590
4718
-4252
696
3748
3012
-4323
558
-4869
-2755
-2802
-2260
4666
-4272
3789
-905
4054
1114
-3860
-663
-3351
2128
457
1591
-3912
-3498
3713
3493
-4132
-2358
2390
-1033
-546
-871
-1606
-2090
-4723
-2833
3408
258
3594
-3540
166
2118
1745
-2599
3137
-4399
1549
2077
-1644
-3347
-3013
1306
2229
-3052
-3127
965
-2099
-1084
-27
-3756
-2202
2739
-1966
-4765
201
-3026
-1566
-4181
1213
732
-2477
2595
-1067
-2307
3612
-1552
1031
-4656
-2480
-3834
-1872
-3919
4143
3866
4439
-4559
-155
-3445
-1751
-1060
4742
-4966
1020
1369
4427
1204
-2214
1236
3363
2244
-3705
3412
4382
-574
-2652
-1087
703
1864
-4300
-266
3826
985
-51
842
-4452
-2551
-4220
807
3115
-3639
-648
2661
3037
2660
-1995
-1107
3221
-713
1172
1204
-3257
2480
967
-1905
-1874
3633
-2912
4512
-3290
-2517
-4368
498
2848
-1791
3766
776
-725
4324
-854
-4776
-4095
1665
2662
-2771
3202
-1640
-4390
-72
-654
2538
3056
-4382
-2337
-2218
4077
4353
-4986
-4862
1245
3558
-4303
3153
-3702
2774
-2143
880
3776
1528
2085
3253
3402
2266
-2657
1123
-2626
-4645
1320
517
-1950
-1335
-4800
-3421
-1107
2082
3880
-1638
-2145
-257
-3188
-4454
-302
-1577
-3614
1176
-3816
-1558
4533
3148
1368
2306
-2807
333
3820
-1949
-1428
3620
2850
-1206
4988
1647
-3237
4145
1891
4298
-2145
-830
1833
-2839
2261
3888
1048
-3050
-385
492
3435
-4371
3656
-4959
1440
1015
4203
4429
3218
2761
3274
2961
-3257
-4538
-3047
-4620
-2075
-1645
1594
1817
512
-4447
-1428
909
-2261
821
46
-4515
-3876
-1292
4197
-2416
-2345
2271
3197
-4246
-4066
3601
-2536
683
-4652
2621
193
-3382
1710
650
283
-665
-3539
1169
-1159
2456
-4563
-3591
-2699
4104
1568
-339
-1769
1273
3112
-2554
-2432
2191
3427
303
-714
3266
1953
554
-901
-2329
2347
-2598
-2155
-1912
-3303
3768
-3882
-2132
3268
-1566
-2526
16
1258
-3472
3260
-4103
-3934
4844
-4724
-3849
425
-1760
-3271
-4604
-3839
1553
1356
1854
1678
1670
713
1548
4721
-4098
-4833
910
4864
-2111
-526
-4733
2029
-1406
-1996
1063
-2150
-328
-1755
-304
-303
2405
-3754
3053
-904
-426
4656
-3219
-3168
-4488
-4564
1835
-1731
12
172
-4189
-3533
-4197
1253
-1000
-596
-1552
-1403
-4953
-553
3447
2838
3677
808
-1390
206
-1432
-900
-2927
-2464
-3493
-2732
-174
547
26
-243
4452
-1249
-511
1909
-221
4891
3161
4739
4877
-2579
-2049
-4307
2450
243
-725
-2630
2735
-3058
2335
-2287
-1403
-380
-1321
4885
2048
1600
823
2606
-4828
2150
3569
-2797
-1974
-774
-330
2085
3567
3030
3197
2135
-2133
-4460
-4974
81
3849
1097
-1783
3121
4171
286
-2147
-2817
-4844
1459
-924
-895
-2422
-3285
-1373
-2937
1926
3331
-1909
-4285
4089
-2873
2712
-2065
-3025
-2105
-2707
-937
4436
-200
-4031
-1614
1256
-3595
-3700
4661
2533
-2215
-1889
173
-1081
-3352
-3476
2352
1877
17
2403
762
567
1887
4956
3184
4814
3834
-4353
298
-653
2815
-3268
-4591
776
-3038
-4638
-989
-3823
871
-194
4732
-1513
-3516
3847
68
2614
4134
-2692
4115
1054
-2961
1165
4187
1211
908
525
2980
1155
-4192
-463
-197
-4153
-3946
-3026
-2761
2464
3863
4937
84
-1260
-21
1224
-4324
4717
1561
-883
489
2079
-772
4573
2617
4590
-4548
-3418
3575
163
-1972
214
934
2630
4666
1276
-4720
1000
2706
-2891
-4686
-552
4016
-3000
1604
-230
-1545
-126
42
3835
2667
-1396
-3761
2182
4012
958
-3491
2082
1720
2489
4292
377
2823
-408
675
-3522
-2136
3753
4801
3581
520
1625
-1860
2971
-465
-3408
618
2295
-2278
-2664
-1259
2929
-1907
-1055
1873
-4375
-1889
-1727
-217
2226
2540
1495
2898
3099
4684
-2718
2355
617
3472
2479
280
-1587
-2803
-3439
-2696
-1326
-563
-1729
2551
-3959
390
-4838
2585
4220
-712
-4667
1052
3941
4153
1957
116
-727
2698
11
-2172
4900
-1988
4106
-802
350
4090
-876
2837
-795
3892
3409
-1709
1283
-4831
-1394
4956
2858
-1387
-2750
-2670
-240
-3343
-4781
-4166
-1573
4404
-3577
2426
-886
-1864
414
-396
-65
-74
4884
2369
-4313
-284
-307
2261
-564
-318
-129
1025
-2896
-4174
3611
-957
-811
4437
3687
-4981
1248
2004
4220
-3425
2121
2850
-3761
3792
705
3360
-1650
-3471
3189
-2988
-1767
-3297
4855
-4291
-76
2390
2905
508
-3801
2275
-2813
3028
-1672
-498
735
-2381
2773
2493
-1550
-4177
-1916
4215
3103
3137
-3375
1647
-701
1317
1622
3573
1614
-3559
-3633
-1303
4996
-308
-1456
-2250
-3637
4581
-740
1557
-466
-4485
-4744
-1853
-3590
-4647
-557
2593
2885
32
3030
2593
3947
4701
-2557
-4968
886
-2624
4343
-4729
4743
-2997
-1503
-3378
298
-146
-4967
-902
-4230
-4739
1625
-985
4407
172
4149
1234
-3888
2507
-40
760
4915
-2224
2428
4310
1674
4433
-2047
-4799
-4226
3426
4731
-3840
-3901
4742
-1686
4676
-3439
-642
3197
1324
3934
-44
-108
-1042
-4536
173
-907
3455
-3567
-3561
-3227
137
-1565
-3866
2782
-1343
-2263
1973
3159
2825
-2773
2843
-339
-4272
-512
4051
1834
4286
-2133
3979
-3480
1408
-3148
1004
-2891
1316
3515
740
3709
570
-2999
4164
4860
-3979
3496
1676
2930
-951
-748
-2900
-4652
1542
1538
-2595
-2431
4834
2924
1132
942
-3369
1206
1562
4733
-3523
2971
4194
-1376
2578
-634
-3906
460
2681
3089
-2226
4460
-3181
-997
-4831
-1446
603
-761
2967
1880
4223
1463
446
-3012
-226
4948
4765
4206
4261
4206
-2383
3444
3858
2817
2490
-3394
-2361
-1495
3137
-3506
2483
1547
-1524
-1161
2748
-3887
1809
-349
-2271
-3814
176
627
3452
-1972
-4253
4955
-1017
3320
4800
3260
2638
3269
4937
-4270
3699
-3082
3480
-1502
4209
-430
4363
3211
910
-2315
-3965
-1440
-3375
3705
-3167
-1794
-1204
4742
-4094
3555
-2998
-4466
-4054
1612
1388
-1262
2105
-1051
-2317
-1987
-4867
-2932
-1729
-313
772
-2819
3296
264
2176
4484
3401
1452
-4621
-461
1680
-3442
-1751
1251
-3666
4054
1828
-940
-1500
-1462
1793
-2240
-1516
-1740
-614
-2737
2158
2162
572
-4791
-1156
2039
-3455
-4936
-943
-882
-4753
692
-4712
-1743
-4882
1329
4559
3
-557
3225
-3265
4583
-1146
480
3343
-694
-3225
-324
-4069
-2976
-1116
-2611
2075
-4849
4217
-4839
-1270
3761
-2749
3924
1503
-327
-4437
4210
586
4011
3188
288
-1894
-2645
-3638
1578
-203
1921
776
1681
483
-2010
-2422
-3181
3505
1297
4710
-3986
-1568
-2785
1081
-747
-4054
-4747
1855
-3795
-33
-2041
2788
2662
1130
466
1223
-1799
-984
-1022
4290
4536
-418
-3653
2164
-915
4656
708
-199
-1577
4812
732
-745
-1466
-1945
2354
-3145
-2940
-2585
-2805
3207
-4808
3313
704
4371
2685
3915
3580
1356
-899
188
-3645
-461
-663
1246
-44
-1463
211
636
-1985
-4384
253
-3928
-4978
2014
-854
-2072
-4993
4627
-3261
-3926
-1578
-3930
-2708
-1076
-2856
-4347
-1817
-3428
-798
-588
-1835
-1672
2593
3283
-1287
-1902
2521
4112
-4648
2016
-990
1593
1265
2090
2160
-2558
1084
-1928
-4705
-1159
1269
-3963
1737
-2652
2001
-2567
1527
4079
-755
-1903
4311
2490
1927
-2791
4752
-3750
896
-1917
-1096
-1334
4138
-3896
-1796
1067
1849
3485
-4511
-4917
-4968
-3532
-3183
-3322
2175
-3140
-2270
-2981
2194
745
-4335
2790
3336
3912
1873
4542
-977
1185
764
3769
4522
2887
2645
971
4698
-2245
3880
4542
1634
-3195
559
4151
4869
1831
-3252
1032
727
2101
4952
3742
-4808
4675
-410
-1613
4395
4900
-569
1867
4388
4030
-4385
-4167
4963
2706
3871
-3320
2565
1757
-3911
2411
3307
-4554
1500
-3599
-4005
-1558
3892
-4756
3354
-4570
-1550
1228
2511
110
-4303
-2287
920
-209
3381
3970
2085
2969
-38
1030
4595
-1702
2818
-1521
-1155
372
4430
792
-3836
-2251
4353
4973
-3236
4135
2695
-4734
4327
-4865
4625
-4255
3820
-2203
-1337
-1160
4725
3039
3989
4089
-639
-2507
-2407
3992
-562
3285
-136
-1631
4892
4270
-4670
-539
1277
-855
2769
4967
2647
2020
-4782
-936
2097
-1934
4194
291
-2200
1371
-3229
-559
-1234
-3440
143
-4568
2
-2669
-3189
640
1669
4761
-3717
-4561
4401
-2374
2049
4112
4878
1642
4974
-3395
-2061
4036
-765
-4805
588
-1219
768
4919
-4221
-2496
659
-2992
2752
-4698
-2919
-2243
-2764
4969
-3769
301
-4139
-4003
341
-4009
2433
2228
-4249
-20
-4110
-812
-1813
4374
-1485
4537
-3175
4656
1683
-4673
-4768
-3057
4375
1404
-4322
4578
-1714
-2810
2141
2434
2644
2777
571
3487
-4157
2208
-2418
1346
-3044
-33
2478
1442
-4695
-2340
3147
1865
1423
-118
2465
2515
-4010
1353
826
-2905
3995
4063
2796
4188
3833
4591
3762
1439
2522
2503
1392
-4773
-4287
-4067
4256
3772
4093
4832
849
-3518
-3805
3232
4642
-79
106
-3663
-4796
3182
4846
126
-3195
1200
-229
-4269
-1570
-991
103
4714
766
4775
4746
663
-311
-2925
4231
-3467
2114
-1159
-3506
2260
-3174
-3692
1115
-3786
-3631
-3732
-4842
-3044
-1942
-4041
-2112
4754
511
-3025
-4093
1955
-4537
-1207
-2711
548
-2035
-2576
1293
680
-1584
1829
-945
-2996
-4990
1935
3978
4704
-4177
-4797
-2859
3986
2928
895
3311
3127
1262
232
-2182
1920
2899
-3197
-1451
-2386
2509
460
1494
-3399
3983
4478
945
-3818
3899
4442
-1373
-1759
-2737
2790
-3333
-4372
-579
-585
-771
-4453
1696
3315
-296
-3177
-723
2738
-1414
-1157
-2189
4606
-2281
-4651
641
-269
4482
-3532
-4429
4066
-1887
3894
4119
2527
227
-4966
3120
1732
-1675
-1292
3522
-4964
1016
-3444
4955
1930
2134
-4425
-2002
-4433
647
-620
3104
-2260
2776
-498
1493
-3415
-3237
2102
-1037
1155
3313
4726
4674
-2606
1037
-3681
-3415
-2078
1554
-515
1214
-2936
1710
-4513
-1219
-159
2018
364
1708
-2348
3103
-283
-2626
-4466
-966
-1587
-4091
2485
4550
-9
4933
-1667
1001
355
3249
4843
-1381
3590
2077
-541
-3748
4865
871
85
1292
-1218
42
4129
4805
3912
4388
914
-819
-4740
-4637
-2844
2631
-3261
4520
619
-594
-3177
828
4462
690
-177
130
259
4457
-3001
-4188
-2117
3496
717
342
3799
-1658
4336
-4039
4456
4605
-2360
-1708
-2200
959
-4707
3009
2954
3144
4057
1799
2255
2565
4850
-1175
812
3424
-4326
-3427
-4219
3554
2164
-1906
2330
-1196
-2093
-4430
-2083
1459
-706
-2468
2527
2048
3872
-3151
-3346
-2578
-483
-3492
-3399
3137
-2179
-3643
1472
-709
814
4888
4298
-3708
485
-4526
-2690
3802
4398
2536
-511
2716
2997
2706
4076
-1889
-1411
2918
1062
1178
1014
-1533
-2148
313
-2630
-3589
3539
-3905
877
3865
-1731
-3500
-236
-3014
-1027
940
310
-2225
-4972
3734
-2465
2131
-4539
-2390
3859
4042
4509
-167
3919
4018
1770
4405
2869
-1718
-3892
-656
1905
431
2585
257
-4619
528
3860
-3272
-633
-1825
-4765
1762
1573
1994
1418
2321
-882
1933
-2094
3631
-4240
-3116
-4623
-4712
-1372
4577
2086
-1078
-4656
27
-2390
3648
3089
-4635
4179
-4474
-2155
1912
-3614
-3481
3231
-1286
4077
4274
264
454
3239
3915
597
-2141
4956
2558
4641
-1648
-3584
492
4393
-3159
-2463
-1804
-3030
-4991
4748
3834
137
3360
4843
-2396
-4412
4925
-1163
2927
-4806
1550
899
-829
2944
-2882
-2875
506
-4872
300
2680
-2688
-4221
-370
-1788
1585
608
1919
1635
3356
911
2639
-456
2046
4874
-2494
-1103
-4321
2730
-1159
-141
2592
-960
-2453
-4777
-3001
2429
3675
-3535
-3456
-955
-2
-4349
-4727
1072
-95
-2882
1565
1682
-1814
1325
3587
3301
-4588
-2248
-2451
1384
-4987
-1243
3520
4271
-2929
1884
1982
-4271
-1448
1718
-94
1085
3179
4514
2956
1337
881
-3017
-4421
4300
-733
-3161
4831
3930
-872
1902
-3112
-3685
-2932
-4574
1329
294
-1099
-3605
2639
1036
-3433
2964
4791
-134
-4396
3854
2325
53
4861
3128
4162
-537
1181
-2287
-1538
668
1338
-776
2500
-1205
3074
-3238
1431
3950
352
-507
1834
1742
624
-997
-4024
-3357
3691
-665
-1469
4922
4718
294
3255
3188
-4374
892
1210
4706
-2109
4990
-1701
732
-1388
-1557
2776
-1401
-2374
-1584
1414
715
3955
-48
126
4732
-2228
1195
-1818
-530
-2799
152
4611
-4610
1272
4791
-4034
2184
-4522
-439
4282
2304
2781
2529
-537
251
-344
3856
1625
3551
-3253
-262
4423
3376
-3116
-1202
2418
581
1052
-4073
-2886
-1846
-3166
-1101
-2777
941
2329
2469
2509
-3945
2068
-3532
835
3070
3516
-2706
-2280
-1304
-1554
-4308
-3354
-1260
1071
3153
29
1230
4484
1104
680
3765
-3564
2463
-4281
1565
2097
3217
4423
3517
-4795
4388
-2672
-1380
4698
-2182
-2856
3512
-2007
-984
-2240
2352
2629
-1977
1696
-1032
2746
3736
1757
-3294
3127
-4695
-3634
-2358
-1880
-2527
-2865
-1717
2695
1440
-4102
2657
-2367
3894
4647
4244
-3056
4465
3156
35
-2783
-1105
1676
3801
1150
4245
1202
59
-2882
3580
4350
3828
-1247
-2663
-2697
-3003
-4925
2385
-4901
-3731
-4669
1081
1130
-1438
4302
4514
-2790
-4332
2687
3593
-988
818
3597
-3085
-3101
3018
-2115
-1137
2883
946
-1744
673
423
383
-1859
-4509
4506
1179
-4779
-3985
344
-4069
-716
-1375
4883
2222
-1004
4955
-1961
340
-2512
-1209
323
-3195
4902
-453
853
-2622
-2775
-1270
-2352
-3985
-3283
-1336
393
670
2208
2758
-4615
2185
3948
-3988
-4590
-4651
2390
779
-4862
2313
1200
1844
1991
451
-4152
-2397
-2878
2150
-3431
-1366
1187
2997
-2345
-3461
-1477
529
-84
1796
2559
-2396
411
3995
-2730
-2028
1935
1803
1205
-1364
-1745
4507
3402
2674
-3600
3919
4590
-492
2562
-4158
-1215
-622
4216
3361
2458
4814
3294
4872
4235
-1295
-1103
-4964
3898
2696
-879
-2019
3485
-1410
2502
2532
1181
-1578
2667
3536
0
-2311
-4191
1765
-4747
583
2388
1481
3953
3693
-2767
3226
4078
-3454
-3876
-3208
1574
86
4121
-3773
-3717
1891
-784
-4015
-1856
-903
-38
-455
-1564
2013
671
-1082
-3189
-3846
3723
2563
2010
-496
4
4732
-335
3557
-256
-624
-1463
-3808
2333
-3952
1031
-469
-3756
-1692
-615
-98
267
-4382
-3567
2120
1070
-3343
-2173
-3979
4484
1246
3186
853
3152
2372
4336
-1065
1236
-1448
2834
-1469
153
-2694
-1933
-4013
-3785
4955
-3699
-1830
-2595
-2843
716
-2480
2177
1700
4327
-3949
4379
-3545
-3449
4383
3993
-1635
-2652
2171
-4618
-1520
103
-168
-3625
-3505
580
3281
1551
-3418
-3662
-51
-544
-82
-2781
1360
-2692
2056
2725
613
3396
1993
4447
-2804
-3089
-4243
1546
3653
-3348
-16
-4309
-4603
3859
3226
-1155
-2840
4949
1521
-3295
1833
-2460
-509
2925
784
4976
1521
393
-3653
3938
-4612
-3495
2980
3511
-3208
-4125
3728
3210
1815
-2103
-30
118
2081
-787
-1516
4489
-2183
-525
-4969
3572
4717
-3339
3833
-4644
-2198
-246
-3420
-1866
-4025
-1468
2452
-2624
-112
4867
-2145
-4663
-3082
3143
-4440
3002
554
1428
-4589
4727
-4783
-2660
4174
-3209
4622
-3700
662
4847
3291
-1374
-214
-4490
-4725
-3645
-2222
2347
4524
1355
-4756
1121
3516
179
2197
-1632
-3020
-1845
-3417
-1834
169
465
3103
4749
4210
-313
-3437
803
170
2160
-2262
285
448
2007
3167
3171
38
-63
-2311
4249
68
-2304
4621
-833
-1747
4463
4712
-484
2780
-3827
-3492
-4966
-4571
-2952
1327
-4803
-1186
1209
-3359
-2915
-4109
-1571
54
4400
4220
-3496
-585
1237
-2419
1082
-4509
-4870
-2312
-1119
-3657
2268
4827
-4520
-384
971
251
-3888
-4488
4802
2745
-3415
-2513
-4894
25
302
-1295
2839
3353
-1585
686
-1709
464
4919
1587
-2835
-4858
2955
4452
1058
777
764
2764
-1888
1491
1963
-2326
-1883
2599
17
1367
4949
1059
-3513
646
-3532
581
4546
-1941
4482
-4478
-3355
2053
-1931
3479
1060
-2984
1214
-2626
-1491
4778
4771
-1947
-2353
-1691
-3167
971
2929
-353
-3141
3764
1155
-439
-4891
-4563
1130
-1039
-4249
4169
3732
-140
-2930
-3731
2092
3934
2303
-2080
-3785
2777
3665
-78
2434
1482
-2580
-1315
-4549
1323
-2583
-3999
-2782
4739
3474
2393
3947
90
4679
3162
3775
-1933
-3063
-2586
-4722
-4817
-3244
4866
-2871
-4895
-1857
-1181
-732
-3696
4495
-2655
4595
3910
-4407
4640
-4434
199
4906
-2747
2426
-4847
1715
2925
3103
-2331
-2867
-7
-3373
4565
1850
-1742
-317
-2822
4303
2306
2853
-2832
-2952
1067
3503
-632
-2620
3235
-3926
329
34
773
2759
-1981
-4672
-3739
1557
-3430
-1652
-1421
2705
-2742
446
3538
4776
-2832
952
-928
425
-3036
-2194
-2732
2290
4846
1207
637
2214
-692
-4633
-2395
-116
1303
-4650
-3658
-4829
276
3885
4627
-3477
1989
4162
-1334
4978
-1269
-3525
-2801
3940
717
-3762
-3115
-3326
4958
-199
4564
977
-352
1836
-785
-1366
-4709
820
2418
-4609
1335
1950
4863
-4250
-3933
4357
3731
-3760
-3900
-1589
-963
-4168
2756
3357
1166
2794
3197
3392
2715
-2246
1751
2394
1527
4646
1429
-1933
-3857
3669
4837
-286
3864
4387
3153
4206
-3670
1030
3189
-447
-251
2310
1944
-2948
595
-458
4587
558
-486
4921
675
-4841
-409
4635
-1520
296
-3066
-435
2878
-4746
475
-336
-562
902
-3595
-332
4232
1453
-3579
-1272
-2219
-1442
-3563
3114
3214
-2365
4979
2190
954
781
2390
602
3642
-2490
3909
3409
4165
-1618
-2057
1969
-3232
-1152
1926
-993
-1920
1991
-3091
-3447
-4583
4388
3522
-960
-1712
-789
-1002
-4092
-1289
2827
1885
-1257
4190
2736
816
-4756
4708
-3207
-2425
-2562
1260
-827
-2982
2920
-1003
2567
-2318
-5
-1029
286
4051
3029
2361
-3997
-1804
-502
-4412
4563
-3375
1612
-380
-3996
-2224
2233
2391
-354
-4062
2734
1974
3493
2774
-9
-2064
2022
3443
2683
-1815
4338
2894
4615
-1128
2783
2907
779
-83
1423
4241
-2846
-1497
-4461
-2486
-3288
4881
-3229
887
1627
3454
-1306
-2781
-1416
-1165
-3488
-4325
-1262
-1380
3086
-2882
865
-3951
-4040
3848
-4415
-2127
4526
391
-3200
4011
-3009
-3943
3296
3828
-276
-901
-2323
-4870
185
-2542
-2393
2857
-3613
-3574
-3498
3050
-3931
-1888
-2897
-434
4710
-578
4617
830
3835
-722
-49
-240
2491
3256
979
-2525
-112
-4446
345
3115
4181
-1262
2219
-2853
97
554
281
-4372
2701
-2290
4692
-4542
3962
-1289
-4582
1076
2090
3574
-3305
-3515
-1657
-2056
-2528
-4056
3672
-3293
-1597
-2837
4028
2296
-2779
-2257
1038
2122
-2125
2226
1194
566
367
470
4567
4223
324
4431
-3323
4453
-2389
-1870
-932
4542
2570
406
-1923
-3796
3813
-694
3076
1289
567
-209
-3269
1501
-240
3700
3978
-2553
2032
-4526
-111
1564
1023
-3063
-2515
2440
-3767
3970
2982
682
-2434
1272
-4020
-2397
4629
-4528
192
-4233
-554
4719
2774
-3366
3290
-1533
-1292
-3783
4606
3964
3650
559
-3561
3841
567
-3315
2160
2328
2643
792
-1440
1707
1287
1895
4550
-2223
1574
-3137
-1407
-1559
1952
-1689
1703
287
4316
-4546
4399
-1321
3453
-4699
3975
-750
-2386
3608
4036
-3375
3188
-4036
195
-3616
2695
-1183
2171
3135
3293
3301
-4584
-143
214
-3601
4278
3093
-4372
278
-2230
3295
331
1499
912
2582
-4026
493
-820
-1042
1917
1253
3434
3508
-3972
-3061
-3035
450
-4758
-1311
888
4259
831
1778
-3896
3117
-4888
-33
1299
156
4002
-4024
-296
-3987
-4102
4517
-2140
-1207
3176
-3503
3072
826
-43
-4935
-1374
-2410
3753
-736
4642
3151
-993
3841
1375
3115
-4797
-4816
2455
-4018
-3303
-2669
2099
-3758
2460
-1842
-249
-135
-828
2939
-380
1615
4374
-684
1504
-508
-3062
-2255
-3819
-3252
897
-1017
-4355
-986
-638
3606
-285
-455
55
39
4060
4459
-310
-91
-918
1049
-2474
4514
3231
-1467
-2487
-4677
-4364
3819
913
-601
3342
-2626
3329
4640
1818
-3375
104
211
-960
-4340
-1072
3083
1553
-3316
-1694
4401
2760
-3844
4897
-190
4878
-2323
1828
2614
3313
4652
923
1588
-4065
-1583
2998
755
-3521
-4868
-3798
-984
-3843
3954
-4788
-3248
4272
-1866
-4892
-3870
2523
-3317
-4889
3605
3235
-3084
-1142
1443
-4404
-1637
205
-589
2078
-3524
2740
4337
-2460
-2405
-4382
-4830
10
-474
-4102
2426
-2076
1732
-3748
4727
-1597
-441
719
-2176
3435
-3579
4402
4203
-434
-3044
-4179
-4035
4394
-1591
-3024
-4037
-4330
-4124
-4308
-1886
3003
3801
-655
3340
2502
4270
145
2890
-62
4073
-4573
-849
2472
-2392
-4011
-2314
-3801
4794
-398
-4412
-106
1932
1634
-4145
-464
-1747
1306
-1800
4810
2324
-4040
-3512
-2770
-4808
-4098
3853
797
4846
2624
-3737
-2411
4427
3194
2353
-3716
-2061
-3076
-4153
1684
2120
-3356
-2484
-3375
2322
-697
-4148
9
1612
-3451
2093
4062
258
-2610
1957
2307
-156
-4665
4854
-4374
3998
-3867
-3078
838
-4357
1208
4072
-3532
39
4655
818
-4732
2297
4571
1211
-1267
221
3987
-1467
4677
1160
3559
789
-30
-1322
-3264
-840
2467
841
-2770
-3732
2645
346
977
-749
-336
1158
-4180
-3174
-3840
-2105
3861
-3291
-469
3457
-4088
-1290
-1299
-1153
-2047
1854
2047
-4292
-221
4307
-3967
771
2536
-1416
78
3553
3604
-2335
-1974
455
3382
3134
-861
-3608
-2677
-2212
-3769
1806
3416
1842
2707
368
-4409
2681
2040
311
-1217
1635
-2014
-2779
1043
-3529
-2131
-1256
4417
-325
-77
-2349
3314
-3461
-3854
2698
447
-3420
439
4250
695
1449
4333
1815
1
-3612
-4795
-3822
-2119
-3982
4778
-2495
-2540
-784
-2650
-1176
2973
-3416
1728
-2039
-454
-728
328
-859
-4401
4403
-364
3425
137
5
-3497
4800
-2015
-1382
4646
-4040
2693
-2378
2900
1152
-3712
-2313
-1353
1286
-4383
4142
4626
-2991
3263
837
4864
-2262
-3856
-4136
4030
3814
-897
4726
1682
1229
1227
-2779
2267
4827
-3001
3229
3411
-2834
4448
2457
-706
-4835
-2648
-2191
-4345
-4357
-2287
-669
-4889
312
2090
-3830
623
-1872
-3439
-713
3509
-3701
4218
2685
1981
-4699
4644
1165
-1055
-658
-3478
-158
-2040
1820
2940
-991
-702
-837
-580
4619
1888
4142
4057
721
-1483
-890
-4417
-3256
-2229
-3766
-2545
-2250
1988
-4053
-4423
-3419
2822
4860
-1642
487
4074
-3954
1227
2627
2784
460
-272
-1140
-2663
1564
621
-3385
-3768
3126
3386
3066
-1479
-711
-2197
4085
-500
-1091
-2421
1622
4080
-2941
2713
566
2994
-2684
-1176
3294
3449
3225
2707
-3415
1385
1901
-115
4081
-1643
4433
-2375
3985
4128
-4459
-2690
-551
-11
4369
4088
-4495
-2365
1031
721
4860
1597
-3385
-1598
-2246
2583
-4864
2135
-342
-826
780
-4775
-2742
1775
2566
-3868
1065
697
4618
1257
-4528
4526
-2138
1342
2523
4329
-3259
-1971
-4715
-4118
4940
-4905
2153
-4629
-3464
3068
-4779
1875
-3720
3214
-1451
-4046
1832
-634
2091
3096
820
3797
4871
4137
3644
1477
-2576
-4713
2359
2269
1710
4438
4207
2522
-3832
-496
-2243
-161
-939
-176
4462
-913
2129
-4440
2860
3547
3947
4238
1669
-2746
-2745
-3359
2525
-4640
-4250
-4605
4178
-2921
-273
-2935
975
-1461
-3605
-2950
-2862
1758
-232
4553
-1796
-2277
-2953
3111
-4740
654
-18
-1167
4347
-4382
397
-3100
3664
-4468
4381
-674
1211
4881
1007
-4732
3597
-4940
546
-3265
418
-935
2185
-3417
-3051
2150
-3406
-3137
1171
603
-982
1572
1320
2514
-4999
-4045
2935
2673
4793
3235
1219
-2172
-1998
3663
364
-2713
-4058
-4378
-3837
-309
2374
2706
-2220
2024
-604
-3421
280
4348
-4169
-2224
-2159
-1102
2874
-162
-3008
3833
-2540
-3963
-575
-2922
-2880
1583
2653
-3381
-3523
3829
-2034
-4133
4624
-821
648
707
2002
-1979
3378
1032
-4292
608
-2790
473
-4870
-1943
1709
3909
4209
2210
-4048
4011
-3678
-4264
2669
3725
3284
2350
-3930
-3434
-1216
1414
4404
3409
500
-1596
1300
491
-4537
-3416
2750
1322
-4877
-402
424
1805
1032
2407
-714
3119
1806
-3275
346
-4480
-1189
1512
-2141
3765
-2256
4730
3738
864
2225
3685
-1284
-4961
2638
3961
-618
-4971
1235
1234
4644
-2741
1270
-3500
4032
-3471
-3673
4525
3554
-4401
1762
-3569
3281
2142
3005
933
-3952
1062
3498
-4247
4349
270
-3126
4170
-745
-1071
-2802
-3188
4066
2061
908
-800
3071
-1593
2717
4512
-115
-3320
-3644
581
-3694
643
3667
2770
-529
-3553
4667
96
-1806
-1694
-1023
4790
-1928
-1206
-1738
636
3088
-2033
-3232
-3997
-1891
-3640
-197
-2222
-2391
2709
-3681
-1243
921
-1893
-4977
-4266
-380
4858
-720
2373
-583
-4677
-2805
-3984
3969
2469
-592
-2018
1047
-4006
-3691
-4532
2081
-2364
-3185
-39
1929
1927
2223
2066
-3864
4689
848
-1004
-1431
1513
3822
4514
1198
-3536
117
559
-1845
-1412
-3920
-1014
3042
1251
-4887
-3249
3696
-4585
3491
4974
-3285
-2085
-147
278
-3648
174
2331
4222
3084
-3508
-4375
3485
1541
-2520
2467
-4164
451
-4507
3776
3886
2403
354
2010
2362
-4304
4245
-1551
391
-4977
-3893
1337
-3594
2956
-2333
2068
-3479
-2524
1085
2077
3282
-1359
-137
2222
3130
3371
-2892
3393
-3767
978
-535
548
2029
-4226
2098
-1896
2061
-2551
1035
319
-3329
-2866
-2994
-3129
4518
-572
-2189
-12
4810
-2727
4102
-2313
-3037
-1480
-673
-4179
-3287
2211
3519
2802
-3699
467
131
942
-1299
-604
2561
4186
-1200
-3499
2254
-4365
341
353
-3688
2709
2834
3522
1324
-2675
263
-1580
-4139
1529
-2062
4558
3696
240
-2431
2603
2756
-4422
4944
2532
-2323
-637
4744
2217
4457
3437
2593
1822
-4070
-3780
2991
-1650
-1618
3327
2635
-4427
-623
4995
-2017
-4799
3462
-3656
-905
-101
1019
2232
-4510
-2190
-1287
2653
4566
682
-2969
-1357
878
4723
3126
4971
3103
4154
27
1737
4090
488
-1536
-1067
1967
4064
4676
2739
-4087
888
-198
-4392
-532
-2244
414
-1317
3709
784
2173
-3113
3557
-1809
3285
-3878
-4199
164
-1409
78
-570
-3349
-473
-2399
-2140
876
-1898
3700
3950
-1532
3186
-4731
4505
4637
3182
-2349
-3398
-1569
-847
4911
2754
-1831
3120
1504
3453
2501
-1478
-2386
-3573
-4818
3724
-4911
48
-4754
1049
-3918
-311
2691
4279
-3456
4424
1081
-137
1894
-395
68
4399
1234
-4018
3693
-4215
-1271
-1943
4555
-325
-2596
2853
-4774
1381
-31
1847
-2742
-1369
3118
-3027
574
689
1676
4112
-911
-1135
3201
1515
2550
-358
3711
2381
-488
2413
-1230
-2600
-1355
-3408
1406
-904
-4004
-15
3285
-2319
2877
3263
-1760
-155
2173
2498
1295
3041
-1052
3071
3922
4271
4533
-647
1054
4672
-2217
-278
-465
-3720
-104
-4047
2795
-178
-1908
1465
2898
-1865
2962
3851
4066
-2039
-4660
146
-4404
1191
3526
3025
-4239
-1363
2530
2752
-205
12
3165
-1557
-468
-2928
-2610
2774
2474
-2941
2332
4942
1785
-2867
3641
761
2944
-3345
544
1440
-3727
2725
516
-1351
2588
-2452
-152
-3312
-4557
-2645
972
3695
868
40
2523
-969
-2234
-645
-512
-1957
3178
82
769
2724
-2823
-3114
3333
1054
-3184
4866
-2743
3589
2664
-2331
1684
-4796
-3694
-378
3295
-1913
4870
3480
4443
-3037
2388
-689
-962
-4308
1239
-461
-4367
2467
-3724
-4034
187
-2433
2489
-452
-906
2954
-4247
3316
2260
3163
-203
-1652
-1292
-3856
-1967
-1294
4458
3640
-4259
543
-138
-1520
-2794
2500
-3957
1321
3408
1724
1650
2300
-285
-219
-3408
-370
4485
3168
-4461
1313
3460
4711
-2153
3943
-1314
4830
3817
-2211
2320
1975
-4333
-1364
1271
-889
-3406
3227
658
4966
-22
2093
521
3483
-3315
-4851
189
264
3813
-3508
4201
-568
-4723
-2106
-4392
-161
2558
4781
-4037
3333
1084
3315
3015
-2418
-2909
-3452
1347
-1539
2678
-585
1158
3243
-2785
383
1592
-2211
4124
-4957
2691
3918
-4357
2750
-469
-1370
4917
-16
-3148
702
-2195
-836
-801
4230
-2799
-784
-37
1059
2645
-1346
-1832
2499
4333
-2678
2142
2548
-2469
501
285
-417
1803
24
3336
3538
-3793
1499
247
-180
3508
4373
-3216
4098
1026
1160
-4124
821
-4031
4229
1507
-2161
-1883
3534
3002
-4916
1000
201
-4617
-234
1282
-100
-2911
-2335
-3432
4391
-2214
849
192
-2437
-46
-1035
-4390
4533
-596
1165
-3249
2812
2890
-3195
199
4719
4158
1910
1346
-1687
-1668
2949
-221
-634
3498
-399
4110
4793
-479
799
2945
1551
-707
42
3767
461
-2124
-1966
4187
-2820
-4507
3823
-4541
-3073
-632
72
-1586
1217
-4868
2608
1939
-775
-4913
4207
-4336
-3104
-4576
-2845
1430
-3180
24
-1938
3586
-2070
-3317
-2650
-984
-1384
3136
-3473
876
1274
2164
-2062
-1897
3166
-1945
1368
899
3956
-199
26
-2150
-3720
58
384
2894
4304
-2799
-1464
-3501
-1389
158
2351
2210
-1094
-1182
-326
2551
1316
-446
2759
370
-4309
-2901
2468
2687
-399
-2820
-4316
4143
4572
4918
3328
1065
-4012
-1906
-3493
-4275
-2049
-3245
3829
1679
-3751
1267
3102
-3072
-3139
-772
-4421
3119
2457
4442
3466
3423
-4805
-2575
3722
-890
4065
-2263
52
1502
1665
-1982
-3766
-2292
2434
976
1921
2587
2366
4580
3079
4637
4546
-4149
3976
-1655
-3957
411
4282
4190
-3775
448
-2030
4577
4167
-2345
1223
-1539
-995
-3021
-824
-1984
1927
2757
-1563
-3461
1251
-3753
-761
-982
3930
1986
1826
-2038
-79
2032
-1366
3934
-1254
2846
-3747
358
-3333
1713
-2105
-3605
2948
-3999
-816
-3207
-4426
-1702
-2277
-3020
-4217
-1946
-1045
4501
-3906
-1961
3227
-1162
-1984
1592
-4520
-4620
1309
-1440
627
-2567
2497
-2216
-4544
4862
-4558
-4399
-3627
-3454
1582
1994
4359
-1512
-1478
4979
-522
-3343
-2897
-1940
-3291
-377
-3860
-2662
-1709
-2706
-2256
4797
4205
-2428
-1136
-259
-1643
-2895
704
4957
-1614
338
-4261
3856
1766
-4125
-301
-101
4793
-2795
-3005
4979
235
1919
-2002
-3203
-3349
-4759
-3879
-4019
1182
-3179
3435
-991
-1853
-2545
1928
-4383
731
350
2419
-2837
1956
-3951
-1451
3395
2042
2878
-1559
155
1506
-3537
1566
4058
367
-88
-1293
-2983
3311
-1298
-3223
1333
-3766
-1600
3231
3174
1283
-3232
-758
765
-22
-4496
-695
4253
-3569
-3963
-3512
1090
2502
-2647
3107
807
-896
2221
4407
-2610
167
-4496
1782
-127
316
-793
-631
-228
-2861
80
-1701
-2651
734
3406
2465
380
2698
-3212
-3792
-2570
-1443
1997
4181
-1059
2406
3438
3268
3715
-15
4274
3297
-1642
-2596
1652
-2911
-2637
-731
615
352
2419
-622
242
2735
-1357
1933
-1566
1199
-306
4278
3971
876
866
3749
-3630
-4342
-66
4219
3315
2675
-3957
364
4355
2891
1837
-3318
-3812
-1239
-2735
4568
-1249
472
-683
4983
4972
-195
865
-583
-2479
-3175
2533
-1583
-2059
-856
1111
2869
-4087
1050
-2282
-2936
-1545
98
223
4078
4095
-723
3914
2035
-2910
-2267
-4060
158
4625
944
-1396
-1999
4252
1813
-4082
4248
-2524
-2712
-3476
4716
-3824
-4270
566
2899
517
-3651
129
2991
4148
-1293
4658
2112
3847
-3923
4055
1420
118
1302
1493
1187
-2515
-3316
4564
2894
-60
2842
-4781
-2665
2933
3148
-1668
-2158
-1278
3175
315
4375
1037
-3755
-1663
-1139
4861
953
2629
-4375
3572
-3651
-3297
-1914
-1910
2262
-3360
2225
-2889
-1868
-3588
2117
2826
-3431
2924
1412
-1141
-4381
-4259
-2456
-4217
-2913
2138
-4980
801
3670
2258
-434
4990
-3005
-4274
-2357
-3672
-361
-3439
3099
-4776
3041
3026
1796
-3701
-2816
4697
-164
1025
-398
1228
853
-53
2134
-4975
1444
126
2346
4826
-2022
1076
-152
4902
1513
-395
-4943
1098
-4931
-3609
3775
-1239
-4457
750
-1828
-382
-4298
-3203
-3939
-3639
3363
1627
-4486
4154
-3926
732
-1109
-4505
785
319
1108
-1770
2886
695
953
3474
3965
1069
4993
4616
-4664
4834
3260
2755
-4072
-1433
610
2592
252
-3443
-2072
-4696
2029
2075
1174
-2730
4445
-738
-271
-3598
199
-4783
3477
4270
-250
-1587
2744
-82
-341
745
3333
-1990
-4527
-1694
-1264
3302
3991
-2263
-4091
1100
996
4114
1056
929
852
-4432
3581
2616
-59
-684
262
3062
-1227
-1185
2557
-3077
-2741
-2034
2129
-1438
1893
2057
1250
3348
-3198
989
26
-1548
1995
-21
-4963
3967
-2448
4307
-902
3145
199
138
1136
1000
-387
-1093
-2880
-1297
-3472
15
-3759
-3306
-1001
2637
4168
-3333
-1861
-4149
-3906
-3564
3594
482
-1663
2493
-1246
-1662
663
-3874
-2845
-3913
3272
-4940
-2766
2821
-1627
3056
2080
3730
-4712
1969
437
3983
-1301
3530
907
-4933
-1854
2336
707
2214
4781
4506
-4597
-1018
1826
771
-1727
1793
753
-3624
-384
3790
-2698
4350
-4799
-4637
1402
310
-3002
-2115
3169
-2119
-3452
-288
877
-2802
-1910
2834
575
-3372
2441
490
927
4580
-1697
-113
2519
212
3752
-2299
4572
3840
-1792
-1356
-1532
-3781
2931
2519
-3374
-43
796
-3599
-2678
-2610
1106
603
-971
-3531
-3969
-2416
3841
3376
-4623
-3248
-2477
-4007
-1172
-3283
3201
-1949
3894
-1695
-4158
-4323
913
4995
4633
4283
-572
1221
4693
4050
-127
1515
-4293
1298
3812
-2395
4787
-4079
3562
-4418
-471
-3713
-782
171
2585
3044
2660
1611
-3164
3038
-1418
-3154
-3167
-1160
-1427
3925
-3141
1657
2385
-3466
-2069
-4100
-2308
-3282
-1498
-517
-4662
1869
-270
2943
2140
2858
-70
-1908
785
4857
424
-3219
4414
-862
4229
3154
2788
4534
-3710
126
136
-4332
611
4913
420
-3746
-1803
-2286
-1960
350
146
617
-3503
-2782
-3039
-346
-2315
-2396
1944
-1057
2112
-4051
3365
3350
1256
-3354
-3568
-1157
4835
3965
658
-2305
-2062
12
438
4547
-4220
449
443
4511
-1392
4065
3849
-4470
-1719
2312
3127
2199
-3910
306
-1645
-365
1871
1547
1683
-2404
-1099
3954
1839
-3620
-4453
1345
-1247
749
-3169
4647
-2227
2153
1300
4329
-1355
826
-1182
-2713
929
-1425
-1066
4873
1883
2908
2818
-749
-419
-1660
3818
-845
-1953
3629
2693
-2545
4548
-2246
-4177
3034
3425
688
-1939
264
-474
312
-116
-4730
-4326
-3807
-252
-4385
-115
-4944
3767
-3771
3629
4819
-1204
3246
-3066
2586
2589
-823
-3225
-2846
4978
-4768
211
-4921
-3257
-1126
-1389
3968
-4991
1909
-3549
-3206
-206
3475
2273
-613
-4327
-574
4109
-1968
2377
-4290
3907
544
-3055
-4157
-3728
-1068
3771
1413
-4972
1976
-272
-156
-4571
-4985
-2912
-146
-1136
66
-779
1580
-3546
-2311
2924
4484
44
2453
-3638
2231
1085
-4615
2548
4711
3681
-2923
1068
157
274
-3857
-4799
-2512
1253
-1953
801
3433
3728
-4765
-3964
-4706
-521
4143
-3881
-258
2586
4380
2413
-406
-797
-3846
2189
2015
-2529
-3616
3833
-4148
2527
-1607
-687
-1091
4192
3393
-2519
2738
2777
3669
-1620
4237
4625
-900
-1269
1525
-2357
-840
4117
-3430
4083
3627
-2758
-3245
2689
-1303
1028
1850
-1180
2078
4135
4422
1435
-1953
791
4700
3618
-3443
-1127
2464
2789
-4785
-2343
4157
1361
264
2834
392
3965
-1187
-2486
2501
-2089
2529
-323
-1477
-4800
-2471
-406
2952
-994
-1758
-2542
-311
-998
4980
94
4366
-3205
-3676
4789
-1727
-3173
-653
3051
2539
-1381
3178
-699
-1299
-3535
-821
596
-4878
-3457
4280
-468
4524
1984
377
-4785
4897
430
3277
4716
3661
762
-4156
2004
2087
-1704
-3097
-3932
2820
2313
-1980
-2644
1034
663
-4880
-3856
-4270
3607
3193
-4715
-1465
4776
-4315
-961
-328
3196
-2915
-2132
-1363
1099
-4282
-4879
-2250
4662
364
641
-4459
-2785
-1284
-1157
842
-1682
-2279
4505
4670
-329
1421
-3582
1301
-2355
4218
-1848
4643
-3071
-4304
782
4036
388
2480
-1544
2591
-4286
4405
4135
1505
-3433
-1960
-3385
-1267
-3538
2872
1509
-4096
-2064
-2800
1083
-4248
-2936
1138
2890
-4375
-2532
4392
-2152
-4478
-3514
-2625
-2652
-2654
3236
-1225
-3666
-2254
2074
1075
-1121
-579
1296
3644
2432
-3239
4872
-1681
-1599
-4714
877
4331
-2263
-3238
1944
4012
3041
3994
-4108
-178
259
2776
-3516
492
-2110
-2855
740
-889
-741
1389
-782
2699
4116
2103
-1246
-4151
-1724
-4922
-3679
306
-4088
-4848
1310
2350
-1791
1911
1897
3371
3670
-4777
3609
1316
736
140
2897
3235
-2334
1579
-3657
-4940
-2178
-1301
4299
-3218
-4447
3753
1893
-4988
4922
1785
1941
4342
-920
110
1583
-757
4651
-3206
4918
3652
-4837
-1332
4642
-1322
-704
-2311
-3223
-1262
571
-2335
-1608
1739
-1312
-2666
-1563
2260
2521
-966
4082
2026
3668
2988
-3231
-58
-4628
4110
3795
334
-3996
-1106
-3298
-1920
-1605
-3028
3390
-744
1507
2765
4198
1115
1265
4203
-3665
1722
-1507
-1756
4596
4018
1171
-1935
4499
4604
-1020
-1129
4714
2299
-3814
1142
3002
-4602
-4918
2746
-4488
-1069
-2296
838
650
2108
-2326
4069
3791
-3763
-2249
1648
-4990
-1317
-1161
-3154
2932
-4737
2290
4845
-4660
-411
2061
4182
-433
4506
3985
-727
537
-4483
4056
4413
507
462
-4686
3775
4980
4177
-4477
-2676
-3357
2964
-4766
26
2146
3200
-854
-2764
-2660
3285
-1489
-4264
-1002
-901
-2524
-2102
-1240
2082
-801
605
-105
4719
272
-3489
-3656
-1819
534
-1683
-2896
4562
1535
-2669
-2412
4833
3082
-2500
3896
2035
-2283
257
-4559
-4919
855
4156
2610
2734
4596
-1711
1980
-3068
1851
-2982
1196
-764
1371
-2744
821
-30
3907
-4270
3098
179
3868
2430
85
4658
2059
1942
-3575
4013
-1533
-3331
169
-2602
2576
918
-4314
4787
3720
-3199
-2938
-1993
-249
3047
3305
-1525
-389
-166
3057
-307
-2283
252
-3308
-3921
-4105
-3744
3425
-854
2668
-4666
-4579
-2788
2897
-1877
594
-2615
4772
-186
-1427
4542
3709
3358
-4215
755
1660
402
-3834
1332
3215
3703
-738
1983
-4245
1312
441
-4849
1052
-3341
-2771
1728
-2236
-4298
4656
-4644
-3006
3169
-4401
2985
-515
-4394
-856
-4445
3586
-371
4296
-4633
1991
-4964
428
4132
4784
-2780
-3582
-1553
3498
1313
-3330
-3080
1668
816
-4688
1150
-1943
3426
1774
171
-254
4733
4934
-4487
3562
4685
2408
3315
997
1572
-2312
521
-4688
4627
2025
-3166
-4283
-1755
-673
-390
576
-2614
-2847
-2664
2973
-2113
640
-4156
283
-4757
-1829
3810
-4337
-1861
-1848
1887
1094
-3950
4443
-1158
-4933
2997
2208
2910
-1082
-3596
-461
-2111
-954
-570
-667
1266
-3776
16
2957
3563
3937
-3122
805
2847
4212
-279
-1770
-153
1718
-4271
3129
1971
-922
3855
-812
2379
4148
3050
-2780
-4357
-2694
-3723
-1602
-583
2211
525
-1614
3521
4487
-2461
459
-1048
-253
-2708
3073
2441
-747
-1463
-2943
3928
4739
-190
-1726
1684
124
-2756
-553
-2897
818
1035
2161
-4519
2596
-2490
-2647
3263
3687
-4534
4449
1184
380
-2738
-888
-4202
-2627
-291
-539
4571
-3973
-4820
-4988
-3307
-1349
-2236
-3831
-4970
2499
-3061
-500
2524
2690
1713
2484
492
3786
-3934
-2313
1052
-4287
2837
-1425
-1815
1486
-1729
-2242
520
-1926
-4009
-2634
1893
4952
2187
-2133
2131
-3337
-4765
2008
-2340
831
2144
3173
-995
1312
4022
-569
-2518
3791
4712
4282
1791
912
1831
3889
-2373
-2761
38
-4572
-2129
1762
3729
4438
1357
4053
-2053
1293
-1531
-2719
-1004
1375
-2892
1607
4682
-2520
-4639
1725
-3195
-4991
2422
2605
1931
3135
-4190
-3625
309
-2229
3587
1401
-4944
-4109
-2477
4888
4899
4525
-4296
-1229
-1456
3343
4481
1403
1400
3072
-447
-4091
-3197
64
4843
558
885
3592
467
1369
3120
-523
4386
-652
-1654
955
-1893
-4097
4620
4400
1576
3675
1979
2030
2339
-2018
4264
2157
-2787
50
-3092
1354
-2082
-3571
629
-724
-882
295
2840
-394
113
-945
3049
-4926
-959
4403
-952
1212
1217
3885
-458
2913
4136
-605
-3102
-2527
4209
4984
-1626
-4009
3575
-2152
2142
-4701
4119
3291
4073
-2793
1656
2473
-4336
-465
-957
-4351
3967
1907
2124
1307
2277
180
2605
2946
-164
-690
-2935
3043
-4960
-4148
-3088
-708
-3859
4005
-1603
-4130
1521
-4652
986
1310
4854
4499
1665
-4284
-4841
1438
1847
-1628
-1202
-668
-4659
1281
4659
1741
4323
4838
-1324
3426
-2863
1508
-2065
1589
-4179
2170
3441
3337
4900
1161
-3619
-3786
2447
-901
-4229
1197
1311
2646
2049
-2885
3612
-1195
-859
-3537
2634
2666
-1028
2465
-2540
3174
-3181
1914
-3389
531
-2862
2748
-1326
-2475
1144
-4345
1810
81
-1964
4725
-3476
-3303
3085
-1758
-1467
-4843
284
-1573
-4799
-1370
-1653
-545
-1899
4413
-4026
-2137
-2271
1305
-793
-1542
1992
2843
-2063
103
-4405
-1790
4721
594
-4984
4981
285
3306
1968
341
4500
1411
3041
3413
3969
-1790
1355
213
4552
-2797
4321
-329
-4131
3142
4970
2358
-1220
2140
3215
-4966
3095
-1000
1937
-2045
-4265
-2151
409
3992
2708
-4632
-190
-2547
4835
-3754
1788
-2118
-2194
-1698
-4129
37
2217
-4433
4198
-217
1437
2325
4272
1637
1284
-2100
1011
-1481
1906
-2439
2841
2368
-2575
-511
-787
3815
408
2464
-1029
1477
-692
2356
1462
1211
3439
3362
-4776
1531
-1565
-767
-3124
-2126
-1815
2274
-3496
-1425
-2102
2492
-4793
-1005
-3882
-4081
-1803
-4121
-83
4436
4662
355
142
4271
-3042
-2189
3184
-3539
1779
-1320
4821
-891
2113
-1396
-2184
915
-4412
-4836
-3769
1943
-1131
2980
3903
4274
-2233
2713
-3797
1506
764
2397
-797
-383
2785
-4772
-1202
-4981
-4666
2324
76
4678
4454
3839
4996
2018
-3972
-4616
-4681
-740
1179
-3433
-4289
2715
-1436
-4228
1871
-4478
506
-638
-1838
-4225
-810
4880
-4566
2126
431
-1072
41
3130
-162
902
3778
2992
-4659
155
-1615
672
2124
2741
2058
-415
-3395
3111
-2917
4570
-3562
-335
2800
-639
4376
464
-4017
1660
-3232
-2933
-2810
-675
-1848
-712
-3212
-38
3871
766
-4428
3839
858
-184
-4278
-2421
-1905
-2594
2166
2998
-2015
-1183
-4909
4330
-3738
4757
-2464
681
-996
3695
-4431
-3518
887
-2406
4548
3283
896
-2951
1377
3394
4522
1290
1405
-4858
-1049
-3368
-4215
2052
372
-1773
4849
892
-2989
-4128
1528
1895
-3332
4190
-900
-2574
-2542
3414
4097
-8
-1292
-3512
2689
-4696
-2377
888
1696
-1901
-374
-2955
848
-1323
-4011
3729
-535
-4888
4782
-702
1895
-946
874
2820
-145
-4726
3105
-3707
2693
3149
-2117
-378
-2655
1366
-4240
3843
-2811
-995
-487
-67
-2406
-1682
1284
2346
1081
-1273
2835
-3038
146
-1512
-40
-2233
-937
-4562
1484
2578
-4453
1402
2811
-28
-3949
-2753
-4350
4313
-2768
-2361
598
3492
-1997
2882
-4060
4134
3269
-3440
-3699
193
1770
-3073
2330
-1953
-4543
-2451
1338
-4402
-4174
-2930
4401
-2813
-4258
-1462
1959
-2787
1133
1994
876
4822
3653
1924
-1131
-3171
2825
2461
2980
-4903
3666
-375
2156
-210
2337
-3074
211
4822
2160
-3386
1197
2531
-833
3584
49
-3092
2578
-262
-2922
4222
-1703
-4975
1147
3157
4291
-4478
-315
1988
2133
-409
3919
-388
-4032
2484
-2619
-1698
-768
1095
-3549
-3133
4257
-500
4312
1224
-3074
-753
4897
3387
-4271
3804
1171
-375
-3264
-195
-4339
-4146
-620
1152
-2629
-4089
-4137
3191
1357
426
-3138
-4014
-4513
2423
-2036
3579
-4517
544
-4761
-4146
1009
4852
4582
-1856
-1577
-4085
-3404
-3675
-22
-4042
4149
4224
1364
-2176
-4866
-2993
4814
-3806
-3271
641
-1856
2199
3058
-2617
-4756
-2994
-1029
603
2635
-337
304
-338
1003
-4114
2824
-3166
-4992
-1150
-1047
3649
637
1205
-2588
2807
-1131
-1241
2472
-2984
-2534
433
-2053
-4962
-1621
2673
378
202
4575
280
-1925
4955
-2897
-2601
1247
1139
-3825
-234
3737
1743
-1527
4177
-759
-2249
-2836
-2266
-865
871
-148
793
-642
-3923
-4594
-3237
-1523
2309
1604
440
1097
974
2775
2195
-3384
2673
2993
3324
2807
-885
-1064
-66
2789
-128
1615
3096
1691
-2738
-58
702
-3520
-4728
-3135
2621
906
-4309
-806
3981
-675
-2552
-2266
2937
-4946
4134
-1761
1147
3913
-2740
-485
-1166
-1543
2487
-3196
-1737
4305
4392
1874
1510
-266
-4455
-2488
-4000
-746
-4424
205
-1923
-4183
-4312
2130
3763
-3368
-2297
258
-4214
2016
2889
-3264
985
1916
1540
1100
-1944
3511
1716
4065
-78
3409
4478
-73
602
2900
-1105
3458
831
1960
4538
3557
-461
-4550
-4262
-2358
-4547
2268
-3669
-526
-2697
-47
-1003
-3683
3872
-513
1356
-1842
-243
-4694
-752
-2224
-2269
2510
4393
1462
-1249
3867
-745
4279
3098
2623
-3239
2242
334
629
3583
2739
3079
-3383
-3066
-368
-1425
3716
-2054
-2993
878
2004
-2451
4658
1976
-354
1604
-3365
615
-897
1564
-332
-1457
-4857
-210
4169
-4087
-4502
-2981
1779
-2775
4850
1300
4497
1577
-4520
-3913
4985
4983
1140
-4456
-1928
4297
-284
-3737
-3996
-2663
53
-3912
3177
-1162
-3793
-3638
319
-391
669
-3886
-3425
-3512
-410
-3855
4974
3113
3878
-810
1363
112
1737
-858
-4033
1878
-4841
3527
2949
-1364
1876
2022
-2178
-3616
2736
-3197
-2042
-2687
2907
2016
2900
1436
-383
2491
926
762
2832
794
-379
3314
2008
2100
4825
4241
3263
912
-4777
-1289
4837
-1263
-2405
-1489
1133
1029
4862
-3558
-1050
-2349
3674
1325
3796
-4288
1654
2504
-874
585
1154
642
3110
1317
2109
-4047
-1021
3393
-2563
-1629
1754
4862
-238
4673
-966
744
-2519
4794
836
-4636
-762
-3848
-4091
3729
-4574
4020
-205
-1147
975
4301
-4265
852
4801
-1868
2110
-2712
-4628
-4938
-2212
493
-2097
-3744
-2559
-1132
-2850
-4533
-2167
2453
-1486
-942
-1541
-3759
3637
4109
-3045
-667
-3811
-2387
3542
-2134
3682
4842
1926
-1061
-4165
-2253
-1771
4866
4199
4973
-4906
850
-1542
-4036
4440
-4646
3857
980
-3593
-529
2958
1529
1930
-1058
-3933
3959
-3623
-2141
3978
2013
-3485
229
-3971
-1114
3871
1834
-3014
-1883
-2651
-1690
-3592
2602
1700
-2955
4852
-2799
4682
-4129
-396
-2619
4198
-1334
3515
-3176
4739
3760
3121
4948
1579
2566
-3940
2853
-1110
-10
502
4647
-3948
2981
-1712
-4423
-3980
1199
-2042
-3142
-3719
3223
1855
1251
-1671
3666
-1986
-1179
-1233
-1573
-2271
-3256
3691
888
-4846
-786
-2314
-3747
1707
2201
1013
4292
2591
-2378
594
2188
583
-3773
4069
-2010
1746
-1619
-1887
2425
4427
999
1335
-4958
2161
-3915
2079
-2195
420
-3936
-899
1803
3598
-1608
94
4331
517
-1707
-980
4658
2562
4036
-4005
-883
-4948
1762
-111
-1429
-3550
2677
-3845
-444
-1178
2151
-686
4546
-2435
2627
-956
-2138
-2877
-1355
2819
1509
3161
-4970
-4960
536
990
-1227
2968
-2190
997
-3246
-4154
943
1725
-3756
-4702
1116
4133
-4429
1444
1400
-1643
-516
383
-3878
-3056
4118
-4573
2882
-3315
-4780
-4182
-3721
820
-3123
817
-4464
2386
468
3834
-1608
-75
-3726
817
-3089
-832
1250
1034
-2991
143
-199
-2616
-1695
-4440
-4417
-1777
-3523
3754
3882
4169
3942
-2400
4540
570
-2252
-3661
3909
1794
-4292
-1791
-3670
-750
2311
-1424
706
3242
-1381
-1231
-3284
3147
-580
-1227
751
2754
-973
4674
-1600
-174
2155
1411
3999
2209
4765
3371
3471
-4758
-3371
2250
544
-409
-4738
-2168
-2584
-1598
-3969
1451
-712
466
2563
-1177
-2177
3843
-4987
1434
-3577
-416
-551
435
-86
4900
-441
-3942
4657
-3587
4347
-4800
-2460
-106
-2890
2129
2647
993
-4371
-1419
4783
-2751
-1230
-820
-3318
-4649
403
-1944
-3199
1678
-3060
2783
-2963
2251
-2959
-2410
2574
881
-1405
214
-997
1640
-2211
-2569
-4396
1832
4991
4654
4244
-3871
3401
-4083
1942
207
2169
2185
4681
-4479
1679
2199
-4762
-758
1284
1665
-4736
-4167
3446
-1901
-2951
-24
-903
2633
-319
-111
-1613
3724
3615
1373
-2092
4547
-1806
-2662
-3125
-1877
3439
4117
-1864
-217
-3427
1657
3211
-3834
-2743
-4150
-3453
-2318
-1404
-4492
-1288
46
-1805
89
1803
298
2434
4939
-1005
-2684
4605
2288
-2595
-4764
-4276
1891
4187
-4443
370
2259
-777
-644
1841
4554
3622
543
448
1361
2317
-3131
4592
3380
3693
-4565
3044
4511
4710
-2495
-1170
2139
2122
-778
-1562
-823
-1893
4695
1590
1890
3035
-3849
1841
-4487
2104
1952
-3584
471
1075
2019
-429
4202
-586
3996
-2473
-3693
224
-4505
2514
1377
580
-4190
-2409
4898
-519
-1012
34
3690
-3451
1934
-1067
1867
-4064
236
-1808
2529
-4231
-288
4083
-108
583
-3955
-3349
3150
-796
-2220
952
-3900
-4009
-2452
-3491
2939
3043
2791
3685
4396
-1316
3168
-4713
179
2918
830
-3961
3817
3261
2289
-3816
-2684
-2765
-2502
3941
-4427
4805
-2045
-1661
44
803
-272
4105
-1214
167
4472
-18
837
-4389
-4505
-4058
-3382
-2983
-85
1794
3671
3027
4262
-4056
579
2164
-375
-2983
1205
2543
1451
3673
-967
-3902
3468
-2562
-2701
4672
-988
-4153
-2807
-1106
655
-1166
4381
-4818
-627
2524
1254
243
-1245
-1691
-1273
-1878
3705
-2918
746
-4729
545
4938
3498
4769
2710
-2753
874
-1524
4663
-3240
-1834
4861
-686
4243
2644
-4996
-2618
3738
-3168
-828
1323
1688
-3252
3853
-1498
-1927
-3029
1106
-800
-3127
1646
4100
1694
-2511
2046
963
-3034
763
1
2980
-4910
1325
-1487
3619
4749
-3439
2407
3702
1563
3077
-3430
2430
4914
1691
-985
-3599
1392
-3614
-364
1527
-1891
-3184
-2548
4165
-2357
-4370
-859
-4940
2954
3062
-3539
-4318
2325
-3908
459
3168
2803
1143
1755
-1822
1109
-2957
-3030
2138
-2690
-3518
-2951
-3981
-3178
2980
-2187
2879
3183
4683
-4441
3282
-2756
-1464
-2280
3432
-3931
-3503
-4537
3937
-3652
3009
365
405
4764
-4881
-1134
1042
-4265
2318
-233
-1545
1780
3356
-178
-2522
2201
614
-631
-651
-1202
-1971
1444
2583
-1583
4964
-1687
2225
2480
-2374
-2640
2842
431
-3099
2184
1513
-4408
3707
-2782
1432
4500
404
3030
2505
1152
572
-4228
-3735
-1648
-1196
106
-2878
-2898
-4947
1202
2962
3076
1698
-3080
-3264
-15
-3822
4492
-1372
-2228
463
-2613
3196
1444
-4725
-1788
-3852
-4602
3128
-4903
-1143
4069
-4641
2527
-226
4972
-2714
1699
-365
-3137
-536
-148
1363
4223
-3642
-1440
-633
-4767
-2934
3414
2824
3826
-211
728
-2678
-3977
-1223
869
-1313
-1878
1861
122
-356
924
991
-4242
1852
-168
-4182
-1629
-261
3625
2808
1632
2229
-3332
3875
-2348
470
3754
-1586
-109
-439
485
140
-4056
1478
3021
4153
3582
-4423
-3298
-2502
2636
4776
1691
3723
-3227
-3201
4957
-3795
-773
-3941
70
-1509
2858
-1573
-222
-4811
216
-66
-1659
1701
4977
-2790
-3868
4046
-3693
4721
-4232
4420
-3982
-107
2529
-2033
4423
-4193
-3377
-2747
3632
-4602
-1793
3149
-2947
4578
-1054
2009
-4754
-1056
-4671
-3288
-1971
1534
-776
-3150
-428
4588
4158
-3893
309
-3299
2342
673
-3049
-2063
4480
-4420
-4289
-3473
836
3656
2216
-2460
-2743
1396
3311
56
-765
-3853
-2914
4202
-1594
-653
-609
-2565
-4003
2529
-2082
1223
2519
1016
3837
3163
3456
-4829
3680
4141
10
2117
-2385
-1850
-3850
437
-2963
4515
-390
3788
-969
1616
-1241
2985
-2818
-384
-3631
2187
16
-59
-4779
-903
-443
2898
-4578
-4914
-3741
-595
-2467
-3626
-3179
-2740
3741
-436
-3246
-1320
-563
-2887
-3820
-1651
-4574
3421
-4592
4375
-323
4625
-3919
665
1130
-2780
-90
-1996
3843
-2453
-881
-3995
515
3218
3810
-4730
-522
1127
4248
-143
3616
3045
-559
4662
-1454
-173
-3995
-3796
1548
-4649
-1643
3182
801
-3712
-2632
-204
-2060
2690
-1228
198
3636
4464
-1282
2126
2535
-2961
-3690
1368
-2663
-1750
-4268
-914
1611
-4877
-927
-2528
2832
2827
-4827
-2841
-4943
1183
-4414
1184
1141
-2320
2981
-3167
1863
-2431
-3093
1091
563
-1121
-3476
-1096
-2561
4283
-4186
4206
4845
3975
2336
3683
4720
-3129
2463
3301
-2069
-4329
3970
3663
2417
-3302
-2494
-744
-3906
-88
-2042
-4363
3660
1247
-4581
2932
-1213
2213
-2766
-3955
-3099
-2101
2832
2877
2459
4586
3070
1515
-644
-4906
2570
-4971
-4523
-2652
-4945
-3593
-816
-2184
-4473
-2452
2882
2112
2927
971
4965
-1256
-926
4831
-4733
124
-1811
-4780
-3959
3179
4080
1054
4117
-4760
-4032
3933
770
-795
-1324
3844
4689
1247
-4411
-254
3616
-3286
-957
-1738
-4188
1117
3521
-2399
4300
4649
-3986
3249
-4513
-882
3797
1285
-2224
2593
-4068
-3958
-4906
-793
-4501
2250
4992
1097
1672
-3380
-1392
-2906
4955
-3464
-1703
1922
4669
1770
-508
-966
-3317
581
-2260
1353
-1725
134
-580
-4974
-1243
-4666
3470
-2013
1249
1905
4247
624
1070
-4348
4959
-2214
-3234
1746
4109
-961
2492
86
-648
3949
4394
-4080
796
-1124
-4701
-3962
987
822
871
2734
524
-1584
1648
697
2981
-1290
2664
-229
1395
3268
-1032
4670
-148
1770
-3559
-1323
412
-3191
4847
-2654
-1188
-2880
-4189
-2052
-3499
-4503
1205
-4368
1184
-3999
-2666
-4000
3710
889
3237
-4677
2301
-540
-757
-1552
1943
4433
4034
-1958
-2706
2355
-4694
96
4409
-366
1830
949
2276
-2793
3210
-859
-3112
-3003
-2309
1066
-2632
-4903
-3295
2005
-2643
4022
3588
-3455
-1479
1426
-3850
931
2978
324
925
-3508
-511
-2324
-1124
3207
472
1557
-152
-2489
-3060
-4517
-435
4253
-4506
668
731
-3014
-2733
2738
3700
4910
-3795
3680
1430
-691
-946
-449
1181
2550
-2510
-4396
1234
833
-2924
-2420
4967
3249
3423
-172
4999
3142
4355
-788
-4724
-1947
1700
2350
1805
-58
1657
4880
625
4323
-3911
3654
-2673
1411
495
3979
-104
-1456
-4344
-4843
2053
3975
4274
-3790
4333
3541
3014
-766
-4812
4890
382
745
1108
994
-4427
-4075
542
678
-1837
1201
-2133
2902
-2771
-2679
3212
-4358
374
-2086
-2177
4336
1085
-4665
-1005
3729
3014
4707
2469
4041
2282
78
-3835
3860
117
382
2084
-4913
1584
3146
4728
-3997
-2985
4262
1917
-702
-2164
111
-2176
3650
-2052
-598
288
-2036
-3743
-3373
3310
-2785
454
886
4815
577
-2917
-2641
3451
-383
-4751
-1605
-1729
4694
-1382
-4658
264
2807
-2796
-2199
-1158
1679
2267
121
-4120
-2951
-722
3694
-3236
-163
1467
-2896
-292
3119
2369
-2762
3558
2935
4923
-1646
-1247
-3366
2279
4511
1402
1806
4388
4364
4445
-4788
-4352
4095
987
-3238
-4159
-1585
2751
991
394
-3334
1618
2201
1586
-284
-1804
-385
4992
-143
4868
-2565
-2103
-3763
755
-1018
1832
-851
2235
-954
3532
-1706
1754
-1620
1741
4171
-1691
2554
1966
-2609
4649
1774
3631
3089
-1491
-4829
2600
-2752
943
-274
-324
2340
2307
-3931
-1916
-4081
3090
3372
1221
4158
4870
-3793
2938
3504
-3463
-1775
-1025
2884
-2132
3552
-3221
-2632
1068
-1803
-3071
2282
969
-3465
-4619
3495
-4171
-363
4030
-4256
1827
3340
-2411
-3567
2385
-471
-1910
-3572
2947
2305
-3349
-4897
-272
-315
-15
4645
-689
1921
55
546
922
4608
-4619
-2565
498
-2647
-1159
-2208
-2358
-1724
1597
-3157
1325
-570
-4237
2651
-4409
2281
753
1305
4331
557
-551
869
-3647
4644
4800
4260
2738
1318
3615
-4305
-4884
3806
3935
-1554
-1096
-683
-3605
-4643
-2924
-1594
484
1637
-4282
4302
1766
-564
-2803
4980
2014
-4151
852
-3414
4899
1650
3046
-96
3792
3480
1631
-1259
1638
375
3131
-4303
-4784
298
-2773
-894
-3682
3559
1651
4634
-717
4343
1940
2072
633
-2499
-1401
-416
3558
1473
-3968
1896
4939
4511
-311
1548
-4197
2438
42
-1868
1062
2450
790
3854
-382
528
3425
4753
3348
-1849
-3340
-2860
3598
216
-3
2388
-924
3894
3257
2442
-4994
1990
1053
3991
-3353
-4071
-2463
-4288
2928
-1919
1001
4572
-4616
-2205
-3824
-620
4023
-3723
-2579
1354
4685
4238
480
-2967
-2397
1188
1655
553
3460
-4878
-2072
-4996
987
1975
4867
-4136
-403
4224
470
-4752
2238
2797
2021
-3870
1001
-72
-2537
2350
-969
4965
-2454
2166
-424
2065
1494
-1680
2655
653
4389
3313
4529
-3439
-342
3694
-2770
4296
-2753
4183
1050
-1201
2512
-2886
-2597
64
735
1010
3316
-415
-3079
-2092
3069
1969
1546
722
2225
4344
-3408
4744
2638
3119
-972
2024
1031
-3735
-4650
2625
-4823
-528
3697
990
-3972
2623
666
417
1011
-1453
3210
-1943
-1138
-3235
1221
2360
-1715
2194
-2897
-225
992
-2022
2051
-703
-752
-2823
1102
1208
-2390
1613
-2195
471
4237
-2918
-2354
1039
-2344
-2316
4464
1522
-992
4067
3793
431
-4298
-4908
-991
-1007
1255
67
-4884
1532
-1262
-2785
-2215
2098
-4452
3114
4791
-3077
-4221
2647
-4972
2632
-1680
-1534
3917
-3428
2589
3751
-1491
1409
3134
-2759
-3502
3674
3284
3572
-4266
1288
1071
676
-61
-207
-279
-4208
-475
4608
-2905
4344
-2747
3282
-1348
3730
-156
-1098
4823
719
2697
-3123
1109
4123
2875
3421
1613
2970
2969
3487
4192
4134
2258
-796
-3536
-548
-268
950
-1346
-1187
-448
952
336
3224
3814
2442
70
-3672
-2315
1895
-4583
3260
-965
-4059
1868
1518
-3064
-214
4227
-1318
-4984
-2563
-1540
-2007
-1668
3845
4666
2906
375
103
2529
-991
-2320
-4461
-2663
-3990
-2947
884
-3148
-4826
3340
-4721
2359
782
1641
2710
-2486
-4737
-1651
-136
-4385
-2208
-4488
3874
342
1264
-3923
4224
-3842
-2305
-278
4777
3908
1320
1041
-3021
-4623
-1114
2531
2377
3353
-4048
-1706
-2149
-2090
2743
-3153
3898
-3707
1285
1010
-2405
-10
4081
1604
-2849
923
4355
4710
-2251
-4200
1122
-1768
-3830
4809
-3992
-4429
-912
3169
3018
-318
449
449
1745
-162
1986
-588
-1830
-4250
2376
4410
-3851
-4221
2883
-2851
-3929
4037
-2886
-2593
1571
-1891
-3603
-2490
-1533
734
-1370
2838
-1573
731
-4676
4187
-3676
3241
-2409
-2167
1999
-1555
-3752
1260
4293
1628
-1994
-1901
1394
-4883
-2421
668
-3929
4917
-2676
3577
4607
1624
-3478
3335
2505
-2430
-3398
4654
-486
-2523
1574
-2689
-3824
-4314
-3030
4882
1890
-3668
-3103
-152
521
1710
-1749
-4257
4083
2850
-1089
1266
-137
-3660
119
3214
302
2605
-1181
1564
-255
830
4694
-4889
2770
-3279
-1946
-805
-491
2972
1027
-2061
-982
-3457
-2709
2039
1028
-4986
1358
-3638
-437
-1147
-1995
386
-748
-4684
-1968
-230
827
-2885
-3594
2056
-1707
-2762
-432
-1474
-4332
3700
1753
-146
-3931
-751
-494
-2439
879
-356
2773
-3929
-2618
-4087
4554
1122
-2668
-581
-3427
277
2906
598
2071
-1128
3453
-3413
4092
-4724
-3117
-2345
-4590
3363
1644
-1427
-1158
458
-4213
-1313
4230
1552
2413
4669
590
536
2679
2676
575
-737
-1537
-2001
-3360
1552
-3694
-75
-2412
155
-295
4182
327
-2369
-2135
3823
-4301
-3513
3825
38
-253
3551
4296
2860
-3443
4737
4889
1362
-3948
136
2158
760
4006
3334
-534
3939
784
-287
4929
-3862
-469
-3919
-1222
-344
1139
-3255
-886
-471
-4716
-4105
-1323
-4828
3176
1957
3274
-2546
3984
-2724
4084
4698
4738
2599
-316
1059
-453
-4992
-4558
-3991
4835
2219
-595
4010
-4673
-2084
3693
4236
-859
-3152
-2788
314
977
437
-3980
-1575
-4003
-3508
3553
-1808
2273
-2107
-142
-1949
1337
265
-4374
214
-2815
490
910
2003
-3157
3326
1251
984
-928
321
-2058
443
-4435
4950
-4626
-3206
3829
3611
-4927
-4176
-4618
-2755
-549
4962
2807
1911
4999
703
-656
-2111
-949
-3292
4150
4521
492
-195
-841
-557
-4349
3387
2064
1852
1468
-117
99
-116
3480
-817
-3459
4937
-3074
2783
350
1437
2925
1879
-4703
-1529
-3471
4178
4346
4378
-3357
1351
-4479
1337
3298
2944
2187
4710
3501
1759
-3160
-807
-3456
-4961
-4840
-2333
1690
2746
3903
3853
4457
726
-763
-4649
3182
-2024
3979
-2543
3221
3427
-428
2821
3185
3938
2452
-1284
-2722
-4740
-1840
-4681
-535
988
-403
4612
3354
3993
-2662
4138
4640
-3190
-247
50
758
-1744
-1787
3885
-1836
4565
3723
3217
214
2443
3696
-1143
4602
3991
-926
2466
4885
-3745
-1674
3527
-1394
-2009
-3581
2720
-1905
-3118
-460
1992
-2029
-1040
-2127
-2478
-1749
-579
3087
4679
1152
256
2082
-4095
1403
2866
-1627
-2853
152
906
553
3508
4629
-4157
-2112
-1544
508
291
-3151
-1444
-4939
4697
4631
-451
-521
-4311
3367
751
-3264
97
-715
-3556
4540
-1795
4730
1284
206
-1002
377
3947
-3565
-4679
1650
3640
-2815
4357
-3734
-3100
-3238
-380
-622
-3230
2586
-561
-4456
1884
222
-4383
4840
3084
-366
-3738
1800
-63
300
-1938
3703
4846
-545
-1976
-4292
-1804
4551
-2045
-1613
-2199
1513
496
-1273
-4285
3234
-3651
2919
-2125
-3012
-2281
-4228
1992
3650
-3505
627
280
4003
-4313
2008
-2421
1950
-4494
-4920
-4418
-3329
-4339
-3076
3451
-4159
2530
3266
-3279
-4585
-4527
108
175
1928
-2868
2137
3198
-3961
-2024
-2612
2914
-4285
-2430
3289
-4098
1362
406
-209
-1359
-3102
4691
3206
3355
3448
3662
-4265
-4677
-3967
-900
1092
-2921
-1998
-2061
-272
3660
411
4615
-1961
3921
-783
-4883
-4990
1866
-2801
3121
1908
-4707
4611
1996
-175
-3071
2001
-4308
1424
-2913
462
-3276
-1192
1096
1887
-671
-1142
-693
3070
-4931
-2258
3143
3957
-3125
-3341
612
-1720
-270
439
619
-1356
2107
-796
575
-1013
275
4173
615
-2466
2285
-144
-2260
-1024
-2220
3005
663
-3777
4351
3055
-767
-124
2057
1741
2074
1203
188
-1507
2261
569
2758
1156
3541
-519
-4553
-3995
3096
3278
3094
4156
2413
2396
3673
2737
-4160
-2651
4636
-4282
781
4405
3224
-3399
3351
-48
4297
1690
2307
-2631
1839
-997
60
4951
4521
-4293
3699
-906
-4191
971
541
759
-3082
-480
-4383
4663
-1109
3518
-789
-2009
29
-4580
1038
-537
177
2268
2190
-1624
-3822
2053
-78
2153
-524
4238
506
1104
2860
-1581
4914
-1038
1762
-1880
-4282
-2633
-2796
-619
4215
-1983
-277
-2641
-4491
-2144
-3033
-2138
3314
-610
4729
527
-584
-1523
-4133
-2425
601
4641
604
3730
-260
4386
-3313
-2758
4391
-812
3053
4172
1887
3414
-87
4308
-3543
-76
4770
-3296
2854
-4251
-990
3109
3347
-987
2536
-770
2608
-4610
3836
853
2719
-1924
1861
995
1775
-71
-2346
-2407
4664
-3367
912
4571
-2922
-555
-4217
-4696
4585
3683
-1148
4891
-625
-44
-4845
-1024
-4884
-4215
-4618
4745
2824
-283
2547
-4072
4913
-4254
-2113
-3661
-4546
-6
-3642
-4093
-504
788
-3697
-3811
2431
237
3860
3855
3441
4390
2518
3464
555
2093
-951
-1382
2936
4867
-36
1293
-1378
3395
-1679
3899
1645
104
-2719
2348
-3308
-1459
-2605
-4066
-4418
-4817
-901
2264
1494
4648
-4404
-83
668
3979
-1594
1175
2586
1883
2183
2427
-685
2323
-1975
-2716
-3174
1379
-4576
-2892
-974
2686
404
552
3766
2011
-1365
-3400
4432
95
-1085
-4325
-4894
3879
1186
305
-1709
-3628
3205
-3534
-1215
-755
-3109
2774
-4880
-4268
-790
-3557
-144
-1194
-2062
-3904
4714
2737
1314
-4808
2488
-3250
-3015
-1052
2286
-313
4187
1989
-3312
4713
3880
-3377
-964
-1884
-1181
-2111
-2838
4799
-3561
2795
-3834
2484
-997
3782
-4459
1854
986
-2463
-683
-2236
-2579
4193
4420
2489
3776
4009
-3572
-2712
-3477
2254
-4306
-3896
2296
-4269
309
-3166
1743
1246
-1372
420
-1110
4235
-4470
-3821
4189
2852
3902
-487
-3715
2123
3777
3808
-2249
-3458
4407
-3179
-3559
-2509
1703
132
2391
-4844
-1120
1390
-3482
-1371
786
-179
-2344
-1032
-2296
-2827
-27
601
4010
-3840
2175
4338
-1878
4725
249
-1974
-1280
-3646
3307
402
1815
-4668
4272
739
-4932
-2810
-614
2563
-255
-50
-1241
3312
4888
-4785
-238
1451
2255
-1277
3061
-2718
3169
4282
2609
1337
-3005
-3409
3579
-3082
2579
4225
-4064
1802
3200
1092
-257
-423
-3191
-4269
-1463
3817
1008
2241
-1551
2906
-1217
176
4821
-2481
71
3136
3111
-2248
3117
-2441
1967
-4368
-504
-678
-2471
3277
-4951
3721
-4422
-269
2926
365
-4621
-4775
1664
3553
-3239
1066
1106
-4185
-507
3963
-4469
-81
-2788
3665
-2850
-1097
1104
591
2442
527
-4826
-2327
-3515
3105
2165
3530
-1237
-4825
-3843
2239
1476
1851
3665
2137
-220
2378
-889
-740
3298
3887
-3662
187
-216
4862
2684
4760
-2530
2867
4502
2180
-1048
-4523
-3575
-2861
-1208
-3625
3151
-516
303
-1768
3948
-3128
4792
3749
-4227
-705
2394
-635
-4857
-1794
3094
4561
-1968
3954
1764
324
-1996
-3632
-4352
2228
-1904
-2990
480
2141
-2332
2419
4364
4027
4778
-1635
-1991
350
-2585
2314
-818
-378
1228
-1366
2503
-3029
-2724
-1502
2449
198
2964
-1358
-424
-2772
-336
2381
-1938
3328
-171
4412
-3266
-1550
3104
1030
-901
4776
-1746
-524
3114
-3899
1514
-1610
-720
-559
-2618
-113
903
-3524
-2827
-513
3929
-1685
-706
1301
-2373
-3077
3134
-2342
803
4378
-485
2643
40
3326
3433
4447
1751
2189
1614
1569
757
3494
4623
-121
4450
1267
3012
-3262
-1226
-3344
-4441
667
-373
1086
2809
-1397
3927
-3883
-847
2995
-4292
3610
2043
4911
2336
-454
2280
1186
1240
1887
1314
1129
1049
-1976
-3589
2956
2093
-1884
3394
3061
-4463
4439
-4860
4304
-4270
3634
1848
-2911
-2458
-515
-4762
-4740
3514
4211
-1718
2178
-3238
4388
893
2283
-1238
3433
3768
768
356
-2505
4555
-1274
-2083
2151
-2098
4464
3990
973
2251
-3723
570
4586
2641
-2206
-4706
-691
-3906
-1225
-3043
1635
-4049
-703
-2492
-3854
2182
1201
-4567
2933
-4128
222
3544
249
-3536
-497
-961
-4413
-3654
2772
-4512
554
2520
1937
2626
1530
1567
-501
-2688
-2755
-3271
-2200
-2131
3344
-1858
1253
-2907
129
1750
586
3563
-1022
-94
-808
4793
-197
4118
-2743
2023
-2253
2396
174
1976
2097
-3455
3107
986
441
-528
-3817
4897
3864
3226
-435
-915
-2765
193
14
3700
2635
-3855
-2634
-4132
-1529
4060
3490
3880
-2840
4335
-2909
1349
452
4300
-2269
-4235
-178
-4173
-2742
-1090
3316
4467
3935
2049
3395
1737
-3066
-3732
1816
-322
3998
564
-995
-4404
-3165
208
4472
-2457
2667
85
4926
2570
-2647
3279
-1728
2306
3247
711
2277
-1745
1402
-353
2442
-2420
955
-3902
586
-3576
-4009
4730
3431
-275
2968
-4656
-4054
16
2284
3155
-2702
687
-4434
-3413
1826
-1956
1826
-3390
1608
-3733
3612
-1970
4003
-4951
1179
-2908
4282
-1182
4446
-3312
2441
4927
927
-4183
-4610
-3816
-2894
2049
-4898
2574
597
-2451
2554
-920
-2014
-3803
4831
-2594
4041
-3187
4679
-1991
-2143
-383
-2891
1767
4064
2348
-3230
-2042
-4126
2838
341
-2683
-2077
-4720
1470
2256
2469
-358
4663
2323
3753
-3870
1422
1408
3295
2633
4805
-4674
-3970
-3784
-2943
-3980
-3077
-743
1705
3250
-489
3338
1202
1766
3491
-886
552
676
2
-74
-3330
-2258
-1092
-2035
2822
-3786
4109
-3735
-4973
4659
-2318
2908
-1899
3344
-2639
-21
3043
-40
-1304
-2382
3212
-1937
4425
4345
3972
-4762
1450
4121
-4886
-816
-168
40
2965
-2724
1281
-2320
742
3167
-325
-3913
2420
-4813
4886
441
3381
-1891
-1976
3227
-4307
-2659
-1988
2138
-3519
4885
-472
1467
3899
-4807
-4549
-2189
4667
-449
-4774
4664
-1937
3268
-1719
2978
-1494
4787
-4290
245
4811
-1826
2291
3953
1048
-1478
-1734
467
4135
-146
-3518
2868
2926
-2833
1432
-1730
-1559
-802
3061
2756
-3560
-746
1917
330
2196
4070
2678
1390
-802
2219
-4949
3465
-801
-2451
-3390
-481
-4273
-55
2260
-1116
-2601
-4583
1175
-4611
-2241
-3220
-4000
-1961
-3008
-257
1524
-4118
2332
-4174
335
-4073
4148
-1049
-4029
-1250
-2781
-987
1805
3211
-3740
-1169
4806
899
261
-3927
2807
2782
4663
-331
-3464
-3867
-145
3727
4414
-4362
1466
3557
1765
-1323
-1952
-4287
-3821
937
-890
4456
-1026
-1135
656
2971
-3452
-495
-4967
-4517
3567
853
-712
-3295
1550
3880
2435
488
3911
-328
2583
-171
-1254
4304
654
-1751
3503
-694
3023
-199
979
3009
2137
624
3281
2943
4084
1565
977
1838
-4551
-2613
3272
630
-1507
-226
-1309
-245
641
-1598
-4216
-3896
-1458
2258
4319
3800
2822
1902
1848
-284
-2012
-3114
4279
4872
-582
-3498
-3905
-4346
802
-680
-4172
-645
-3061
1805
-3589
2736
752
3079
4570
-4804
2220
1296
3799
-343
3890
-4449
-482
1678
-1291
-135
2593
769
-538
3025
1914
-3010
3373
-2831
2223
-1246
-2044
1375
-2358
4968
563
867
-4456
-3208
2500
-1673
2010
-2276
-3336
4488
-1152
4553
4570
-2791
1956
1055
1147
729
-3473
-4798
583
-2843
-3321
-3190
-2254
-3141
3345
-881
-4629
1179
-3117
-928
3807
4703
-1532
-522
2434
-4341
1714
1281
4907
4375
-4468
-2736
-4700
4432
1043
-977
-1228
-1982
3194
2926
4174
114
941
2671
-4302
157
-4696
-3358
129
-2747
-2713
2627
3345
268
-1588
1063
-3859
-4102
1590
4279
4432
3116
-3825
4651
2506
-3366
3489
4339
