11321
-548
730
1268
3153
-2614
-2188
2392
-3446
4752
1107
-3398
1940
-1802
3599
2116
-2504
-2247
4379
2069
2061
-1178
-442
2728
1398
-790
-52
1551
-674
-3793
-2861
-1292
4687
1983
2699
2101
397
2456
-3404
1476
-3663
-3479
-3547
-841
-194
2017
4916
-4730
592
-1323
-3956
3850
1501
-2349
3094
-986
-3715
-2040
2594
-1653
4925
4174
3607
-1243
653
2883
-3771
-1773
3908
2501
3040
902
-4168
2090
2266
1196
4038
1701
4101
1341
3854
3271
3588
-4456
4144
2092
-628
-4902
-3891
4429
-4346
-2286
-3899
-2251
-4368
-4101
-3520
-4082
286
2864
1905
-3312
-833
-2739
-1998
-1241
3109
2742
-3972
591
1338
1119
517
-835
-501
-1798
603
-1123
3240
3094
-3391
-202
-352
32
-4200
-1629
1412
2600
-2230
-1834
4805
-3783
-282
1767
-492
-289
4394
-847
3956
3025
3594
-1366
-1820
1377
1559
3171
4173
249
-4365
-4877
2406
4733
3340
2489
2464
-3771
-3828
3769
4511
4122
-4907
-312
-2415
4037
-463
-314
-1162
1658
1597
-4181
-3290
1926
1086
-3406
4264
2402
1760
-4531
-1937
-4621
1546
741
-3509
2201
132
4086
-3886
-3837
-3769
2266
1743
1238
4719
-194
1798
-2229
-3520
784
-2804
-1188
-1407
-359
-2641
4728
1259
-1641
-1262
-3533
2439
2468
-4002
4817
3928
-3082
3198
-3686
135
2708
-1130
50
-1228
2499
4302
-3195
32
-1671
2579
831
-3413
-3862
2269
-1928
-4657
4968
3004
992
-3110
3487
-2973
-2888
3063
4500
-3065
4385
1569
4702
154
-1086
-1423
-1856
3761
4928
3892
889
-3539
2135
-1173
-3957
-1159
4903
-1363
-3087
-4082
-4018
-4037
-1245
-1894
-232
1854
-504
1160
-3090
-500
-693
-1404
3660
766
4000
-4288
4656
-2906
3437
4571
-3837
2169
4400
2030
-2022
-886
2016
-533
351
-493
2131
2669
-2496
1327
2133
-3191
1693
-1142
1750
-3187
625
2830
4654
-1410
3710
1660
981
2450
-3654
995
4825
-912
4326
-681
4832
1554
3914
2648
-2320
4951
2221
-2906
531
-740
-1846
-1059
4333
-3311
-1830
-1295
2160
-2837
3560
2376
4509
-3929
4704
-1336
788
-249
-337
-4283
-4388
2614
410
2827
-4915
-1520
306
-4463
-4436
-2967
-4541
-4592
-1416
462
4762
-3192
-4871
-2571
-3286
-2911
401
-3321
955
-4194
1070
-4081
-1917
-4350
4614
-852
4647
-2447
-3253
3818
-4470
4517
3156
682
1945
-2102
1352
3356
-1633
-4918
2000
-3567
4735
513
-366
-3322
1330
1417
4079
1640
454
-123
-3204
2331
-2507
582
-46
335
1393
-3137
-4135
3397
-1320
1529
-2187
-280
4378
2391
2470
1772
-1463
3761
2441
-363
-527
3372
-3975
3902
2716
1992
-1145
657
-1040
-981
-1295
1846
204
-1120
-1295
-4340
1541
-1555
-3656
2434
-444
3569
2372
3064
-754
-3862
4221
-1400
3461
2256
-3362
-3602
3428
-4556
1806
-1452
2450
838
-828
3446
-512
-4858
-66
2167
-1384
-1865
-335
-2176
-3598
-2523
-2165
-2469
-3988
160
1359
2448
4703
3663
1915
2704
-2547
4164
2301
-3100
3032
-1231
-3961
-350
1815
1942
-3866
2568
-4347
-4450
-2565
4868
4668
3821
4131
1151
-726
344
-2105
-4960
-1317
3469
-3711
4094
1000
3183
3751
2775
2432
704
1836
-2757
-3063
-3026
-2922
-4567
2970
-1249
58
4033
733
3890
31
-57
-4742
4236
1074
118
-841
2845
-4372
1925
3700
1842
-1803
2511
2887
-1804
3266
4789
-3411
-4457
1116
1819
-4293
2350
-553
-3306
693
-1055
-2401
-4230
-1577
680
1722
2454
-4364
-1836
3348
-4129
32
4058
1047
-3769
4104
4024
2624
3095
1976
-2708
-2531
2690
-107
-136
1360
1454
-605
-3034
-2091
-3520
-4102
-1665
-1462
-1032
2804
-3780
3284
3359
-798
4844
-226
3668
2371
3529
1521
-3446
3
-483
-4036
-511
4928
2978
2720
-4848
-82
1300
-542
-1889
2644
2160
2200
-351
3063
3858
1382
3279
-357
4345
4875
-1331
4674
3691
-4455
817
215
535
-417
4107
325
1036
-265
-4253
3013
3578
3988
4835
-871
3305
4614
4596
-1801
488
4776
3564
930
4295
3945
2569
4272
-51
-3256
2997
1018
-870
3520
-307
2125
-4347
3176
-1643
-2769
-1580
-880
-4571
1776
201
-779
2548
132
1085
-337
-4237
-3909
-3150
2749
1648
1990
-3954
-1136
1980
4776
3947
-3875
2598
3896
1978
4010
1035
-1762
-4584
2891
-3319
2629
4378
-2761
-448
-791
3910
3687
3143
-2165
3862
4305
-1872
1538
-2702
421
4923
3512
1755
-2668
-1751
-924
-3031
-2442
349
2350
922
2094
448
-1628
-3578
-4565
-2996
-1050
3005
2188
3996
-90
-3425
-1249
-2311
-1352
-1552
1874
1515
-3678
-4197
309
-1674
-4163
3165
1072
-1550
-108
2289
-2318
2980
2290
-3606
4133
4270
3479
1740
-547
-4654
-858
2545
-2343
-2888
4177
1558
4191
-528
-4461
-2847
-4906
487
1526
4142
3196
-4127
-2817
-4258
-4752
-4329
-4361
-145
2275
-431
4993
3469
3430
2912
3457
-1549
350
-3028
-4926
4584
1597
-1266
1185
-2061
689
4031
2317
2285
-1645
-1553
-2573
4077
2474
868
-260
-2875
3063
4031
-428
-2805
1087
-788
3869
-123
446
2020
86
-1480
-3930
4252
-1327
-4642
-3247
4614
-3214
4349
1840
-2688
-4837
-1383
-3669
2355
-1230
-2630
-2269
3684
-101
-2288
-2642
1150
-2511
-578
-4605
-3818
-1710
719
2581
-1584
-1624
345
4081
1127
1386
-1789
232
4439
-3903
-3553
-1604
-3316
707
-3814
3744
1150
-531
-2482
4988
4971
496
1100
-806
-609
3374
1144
-1962
-2955
869
-2827
4599
241
-4941
-1670
-4398
401
3692
-190
4611
3826
-1647
-1500
-716
-2563
-3645
229
-1979
-446
-431
-2418
1149
-1642
1656
-4049
-4356
-1239
2878
-1811
1817
2006
970
-3565
2042
-527
-2990
1834
-2812
2454
4556
-695
-1874
-3333
-4567
-3368
3383
1121
-4695
-179
-1935
-552
1136
-808
-2717
-1369
2772
-184
2257
-2592
111
2148
1206
-4364
3376
3573
2180
23
1679
-4452
-761
1230
-821
-4379
-846
4318
1146
-936
-2565
-198
3258
4309
-4510
-2543
-1011
1232
-4444
-774
1622
2781
-1836
-4971
-4370
4066
3211
-1814
3849
-3144
-2919
1037
-1969
1401
1549
3761
4465
-1826
2683
984
4030
-4960
-2126
3630
4099
1577
3139
-4615
2229
1172
-1137
3346
2026
-4172
-3196
-993
-1490
-2517
486
3361
-1717
3290
-39
-3377
-2742
-2289
-4067
3637
3227
-4052
3015
421
2656
4538
4551
4789
636
-4922
432
-3144
2554
2002
-3333
1624
902
-40
-4838
185
4659
1329
3955
1854
-3058
3914
722
1546
-4831
210
3659
-1866
-4131
-4859
2632
-3141
-4201
-3201
3706
-2860
-2924
-820
-3642
-2386
152
-4496
-1109
-2055
4245
2785
-3985
-3705
2954
1187
-3802
3599
2431
-1872
3851
-3414
-4785
-3358
-1820
-3306
-1190
-1027
-948
1897
-1157
-3516
-2445
4122
-2772
4511
-4986
4695
-1832
-3664
4416
-3827
-4959
3610
-4497
-3263
-364
2360
-61
4376
-2641
2246
-1417
1218
-173
33
-1387
4531
-1788
1438
4854
4132
2228
-3935
-669
3527
-3027
-4925
-1109
448
4830
-507
-3601
-4347
1681
1194
-2274
1781
182
3006
3950
4380
-2263
2603
-3886
753
-1181
1888
4685
-2909
-1360
1742
-571
-650
3203
-3633
-1262
4229
4300
-2729
862
3335
252
4465
1906
-1648
152
-1690
-721
3830
2453
-3302
-2651
-3403
-4131
4763
2964
-3774
-3934
-3660
219
-2995
2513
-1752
564
4619
4095
-67
3466
-3047
-4037
-3266
4226
-4806
-1122
-2246
2561
2349
4985
3111
230
3368
-4306
-2552
-1549
-894
-185
4636
-475
-1152
1078
2523
3916
3315
187
-130
3526
-2795
-3541
483
-4169
2307
-2619
55
-1086
-4400
-1230
-1495
4721
-2388
-1165
-4628
2639
1148
-4625
3280
-3788
763
-1934
-1163
-2321
4414
-443
-521
1036
3195
3488
-2435
-1290
4922
2859
-1426
2578
4826
1370
3405
4491
891
-2184
-4466
854
3904
1825
1340
-3044
-3184
-1480
-4416
-2152
411
1723
-1057
1136
1767
101
751
4971
1839
2417
-4692
2274
18
2161
-4864
2618
2127
-1479
2517
-2680
-2319
-2690
-2587
2902
2093
1760
3560
2783
60
-2495
-1386
4819
-4340
3986
2215
-3965
-3051
148
-4675
-1312
4677
1008
2568
-1853
4771
-2551
-867
-3722
-3622
-1559
955
-2422
4059
2753
-1367
2180
4696
524
-4434
1208
-667
-2988
1464
3969
-4372
871
560
873
-3752
2304
520
3196
-1385
-2811
4994
-213
-930
904
-2636
-1627
257
3838
556
560
30
-2843
519
-760
2868
-2863
-315
-2737
4572
-1754
-351
2605
3346
-2969
2941
-4041
174
1687
4063
4892
-4222
-3280
-2668
-3265
1213
-4935
-3194
-883
-4054
1592
3404
4607
2273
4357
1555
-4937
1279
-2522
4309
4415
3097
3859
3167
222
-1663
3625
445
2890
-3531
2064
-2154
2267
232
-4534
-936
2012
1807
-3683
3803
-4279
-3025
1437
-4933
4548
2527
2
-3343
-3145
755
763
3256
417
1604
1622
2799
3796
-509
-4802
3565
-959
-594
3641
4671
-614
157
4752
-367
-3894
-4993
-1362
3898
2281
-2600
-1196
1889
-1910
-47
-2900
2117
-3951
-3153
-321
-725
-512
-4728
-3939
3050
4249
-1705
-2661
1761
4086
3589
3045
1773
-3326
2491
-2424
4434
-1837
3865
-4970
4212
-938
2122
3694
3269
-1143
2911
-1834
-4076
-1539
1727
3228
-425
428
-1020
1447
4636
4292
-456
-4343
-1131
3654
4826
-1213
967
-4516
2697
2601
1854
-2851
-1882
-3942
228
-3835
3060
-3871
484
-19
-4798
3255
-2567
-1645
3048
1353
928
292
4329
2037
2579
2749
1164
-1551
-3029
4491
1409
-4917
-4746
-1274
-534
-2312
-3889
3115
1978
4901
2520
1193
-4404
-1935
430
702
-3146
878
2475
3428
-2694
-3239
-1233
1733
5
1829
-3272
4429
-753
4077
-3459
-4355
3545
-1140
-4653
-2239
-2563
-2470
3874
2474
-3146
931
-142
-3218
862
4202
1988
-1180
2910
3804
-1547
1316
-2414
3665
2710
3546
3150
3331
-4037
-4552
-2273
1097
2964
415
631
-1572
4550
-876
4642
3005
-2757
-2902
-232
-449
2703
-1837
-4819
3567
4503
2030
-371
-4049
961
4394
1744
-2406
3821
1391
3195
2525
-1266
162
-3419
4985
-4845
1539
-2595
-3225
4137
-1889
-3207
4822
2586
4347
-1101
-936
-1667
-2606
-23
-3466
-2821
1396
-4455
-3597
4440
819
-2354
-3645
-3799
-470
1307
-4087
4000
3963
1144
-1533
-4796
1731
-1298
3636
-4355
-1786
1874
601
3261
-2632
-42
-2060
1788
1023
-4928
-2926
-1546
-1190
-2257
1365
-2388
1643
1931
-3318
3983
676
802
3554
4529
-2525
1290
-4769
4727
1823
2776
2889
-2656
-1986
-3074
-2707
960
258
1825
-2458
1179
-818
2969
-318
-4131
1894
918
2097
-2982
-591
707
-4534
1289
-4531
1711
463
-4883
-3262
-148
-2056
-691
-1408
344
-3812
-3471
-2969
-1455
1406
-3615
2104
-3313
1134
-2085
2195
-4458
4682
1973
2088
-333
-2602
-4704
-1312
4723
1731
-1621
3533
-4047
-1249
-4153
-134
-564
-4631
3668
-1055
1426
3265
4204
2033
-931
2293
3038
-915
3420
2706
882
2993
-2210
-1999
-1547
-2458
552
-3170
2266
2718
1913
595
-2581
-391
-699
957
-2802
-4718
-3060
-3621
-2182
4019
-1788
-1275
-4318
-1303
-3765
4875
4840
-4422
890
-1925
3357
2536
2426
-2803
2978
-4259
4847
-359
2358
3908
-375
4877
-3648
-4455
4947
78
-2967
-3214
2454
220
-1933
-2500
-1636
-3044
-4508
4869
51
3817
696
2889
950
2920
3544
-1189
2003
2024
2830
3878
4040
-1650
-2895
2446
-4188
-2256
-16
-2159
-4985
72
2254
-2846
2574
4509
1094
-3440
-4744
-3617
-3546
-948
1338
234
3469
-4727
-1124
-202
2052
-1739
-4353
-4455
-2095
1354
2652
-4716
4671
2118
-1616
-2797
-2200
4071
218
285
-2335
3712
4506
4608
-241
679
2041
-1128
4808
-4573
-3109
-3162
766
2570
775
4714
3062
4794
3956
1147
-2161
-1123
4898
2131
-2011
962
-4708
1988
2213
2973
-4492
-896
-2109
-1528
-4272
4341
3691
-3235
-2375
-4360
-2200
-1933
2063
901
3838
-368
489
3227
-3362
-2459
-3259
-3810
1680
4536
-1627
918
-247
-2700
2102
1459
4946
2171
-2725
-1084
4217
-654
-1342
1068
-3159
-4975
147
-2856
-1973
-2624
3820
364
-1346
-1563
-3098
-2418
3248
-3014
-3624
-4711
-4102
-4175
3957
-3663
385
4957
-2624
-4133
588
-4414
482
1609
-2998
-1929
-1886
-749
-485
-4628
1053
4884
3654
4999
4006
2639
-3344
679
4130
2557
-4080
4399
1305
3907
-2570
-390
3161
4821
1207
-1668
2954
1163
954
2545
-4461
-2315
-113
1986
4027
-2750
2926
1145
-3924
-2097
-4096
349
-2528
1760
1103
4484
-710
2672
1949
4046
-1867
-2868
-2239
776
1599
-2101
2135
1525
1050
627
1840
658
-2600
337
761
-3350
2027
1187
1639
2552
-4018
3599
-792
-1720
-1356
2003
-1792
180
-916
-9
1170
226
3829
-3813
-2961
-1040
4062
2137
-4861
4855
-979
1305
-795
-1838
2150
1136
1638
233
3718
749
-4986
-4763
1986
-3560
-3147
-3273
-2697
-241
-2764
-2187
4929
-2185
1292
-1081
-2914
-3028
2970
74
-223
-2724
1397
3584
-592
2855
3587
-121
-2472
3537
-4975
-3152
-3826
1002
3399
1203
-2074
-2276
2497
-3493
-53
1510
2941
4080
-548
-3287
4317
-3607
2698
-1545
-2173
-342
-3390
-1923
-4112
2322
-4184
2747
1052
82
4044
-881
3942
-4894
3220
2261
47
1926
-2388
-4524
3138
94
-1924
-2336
1827
-147
-3660
3738
-392
-1053
-4481
-3838
2175
-1553
2923
-2952
-4269
884
78
-41
557
-3018
-951
2611
-2743
1016
4463
1096
1651
-3702
567
2919
3596
3823
-4500
4576
3528
1678
3965
-3013
-67
-4101
1814
-4247
-4021
1780
-2778
-4219
2794
-1081
-1614
-2184
3609
-1217
3720
435
4828
2210
481
2989
111
1529
-1619
1460
1000
3866
2565
-2557
-282
3677
-3412
3665
-3923
-3193
1774
419
4549
-2999
-4297
1285
1193
-1531
200
1542
2830
-2456
-2262
3587
4045
1354
2713
-2027
-4487
-2046
917
-1745
-4
-1168
1408
-732
-1033
4546
4656
-3775
-667
-3294
-4412
4614
1845
1257
-417
-3409
-2398
-526
-561
-896
4424
931
1406
-1372
2072
537
-3607
824
-314
3701
-1081
-1519
-4812
-2338
-2840
-73
1401
2958
-4310
679
3204
-1589
1822
4450
241
1301
1932
-620
-408
3470
2730
-36
1007
4915
4010
-1971
-2795
-2508
-1032
-1732
-1985
4948
-3371
3337
1663
-2626
2491
4083
-4175
-4626
3678
4939
-513
-1180
3127
-1655
-2492
-3872
-4344
-2303
-2787
-4459
232
-4603
-2169
-472
-4471
512
4221
707
2335
4674
-3721
2369
2787
2502
-4609
-3898
1667
515
4597
4888
-3970
1552
1345
-885
846
-2212
4649
2362
3080
4974
-1334
-4067
-2290
1464
2326
1233
-2653
-584
-2815
3820
-1116
145
3882
3016
1059
-3460
792
-4623
-3393
-4476
325
-1053
550
-4625
2794
1524
3606
1646
3033
-4101
3932
-1990
-2495
3229
3330
3027
-3047
2954
-3824
-2793
-2967
4428
-4281
2688
-317
4393
1349
-2345
2766
4258
-4045
2356
-493
-2773
-2108
447
334
3409
3550
972
-4542
-4933
4660
-1123
3638
945
-474
290
-4075
3625
3608
-2990
-2143
-1031
-1354
3154
404
-4623
2401
-4643
3286
982
2107
-1886
-4238
-2976
818
-3748
3403
-2715
-4706
3336
-3133
-331
2824
-640
-3774
-519
3501
-1584
-2586
42
-4991
1932
-694
-1797
2941
3366
206
850
-1774
-3781
-1890
655
-4130
-1432
2152
1656
527
-2529
4708
-561
-1131
417
-4
1338
-1947
3392
3066
2259
4870
4411
-4656
1887
4628
1729
-3130
-4730
3103
2640
-2210
-2657
-3778
-2165
1062
-2887
2869
453
-4717
45
1850
1202
576
679
-909
-2793
2367
2143
-2448
3305
-2691
3247
3782
1798
4104
-1509
-4920
3689
1992
-1052
-3166
4843
379
-4190
-861
-1762
2568
-4788
4379
-1580
137
3713
552
-3531
-311
3134
-3320
156
3721
3534
4832
1067
-2192
-2137
-804
-4567
-1284
-872
-2833
-1040
-1293
2609
2223
1510
-4489
1189
-998
-1163
-1172
4490
915
4890
-194
-3038
-4928
-880
-591
349
-413
2371
2483
-1398
-4429
-747
1263
3124
-379
-441
-548
-1522
4904
1495
-3277
4939
-1142
-2234
580
1541
-2488
3820
-3842
-410
-1426
1835
4402
317
334
2591
-2661
3610
1766
1169
-4180
4092
-1347
2368
-2104
-106
-2952
2285
-4148
2256
-2224
-4143
3089
948
-3278
3327
-3322
-3246
1985
-2863
4684
-2276
2319
1105
529
4403
3943
-736
3682
677
-2934
-4128
2709
-4218
-4775
-1419
595
3834
273
1700
-1382
-1625
629
-661
2624
-471
-3557
436
811
-4156
-456
571
-1913
-1070
-4402
2979
-2190
2138
-934
867
-3542
3333
-467
4237
-4557
2344
527
3573
-3537
-2486
-475
1301
3633
-1805
-3621
-91
-450
-3497
4045
-4064
1141
2736
4422
-346
-1843
3915
2791
-2052
-4762
-3080
1521
-242
3193
283
1723
942
3152
-3498
-2182
-2196
-2088
-2127
26
596
-3953
2311
-2536
-3015
942
-1789
261
2836
-4620
-1503
-4563
3965
1049
3461
-3923
-2966
3187
-3559
3102
-3762
-3899
4865
3893
-3608
2560
-4896
2748
259
3198
435
-4017
2054
-2708
-2678
-3946
1429
-1816
188
-3414
1106
350
-974
2387
1529
-2767
352
1388
-4306
-326
124
3619
2136
-2403
3480
-1610
-214
3725
-3228
937
3751
1866
3270
-1561
3092
-1591
-2119
-3483
-2092
-3941
-1516
331
-2042
-352
3332
2465
1442
4899
-4344
4850
-2445
678
-4006
3173
859
-1044
588
683
-3527
3851
-980
3585
-1430
1640
-448
2764
2741
-869
-4381
-586
-985
3645
2982
1636
-2381
2284
-1034
4123
-1679
-2374
-2588
-3731
1774
3413
-906
914
3260
-4419
-597
-4489
-2430
-4268
-655
-1113
4792
4741
-4482
-4186
-954
4964
2691
-2727
3856
-986
-95
-575
1882
-4363
3038
-3023
-1815
-1750
-4045
2169
-1509
1124
-4573
1619
-4904
-3357
-361
-758
-49
-4958
-4651
3572
-1127
-789
-2440
-3998
-2446
-4514
302
2389
-1125
1716
2362
874
-880
2325
-1491
2621
3639
1883
-4742
342
1689
-4924
-2551
766
4648
821
3537
1147
-3561
-3612
-849
-4427
333
-301
-1231
-213
-2665
2879
-2597
-4138
-1017
751
4153
4627
-3885
292
4755
2097
-3193
4702
-2119
-1787
2826
3331
-3020
2410
2988
-2011
1876
44
-4247
878
3880
-1184
2964
-1472
1549
1837
788
-1184
4653
3207
-2322
-2598
1591
-1930
-2680
-4821
1605
626
3227
-3198
2692
-3681
-323
-4353
-3723
4001
1187
3231
3264
2742
4538
2239
1626
5000
3424
-1121
4064
-4687
-1509
3424
-2066
190
-848
-2282
3466
202
3377
-1445
1062
-1228
-4324
-4470
-421
2530
4030
-347
4089
-3876
1572
-3281
-328
-2304
410
-379
4032
4790
2129
-4141
857
-106
597
4999
-4061
-2677
4799
-1495
851
-4773
2630
2193
-2859
1571
3990
3554
4538
-3737
-1896
-4
-3498
-1727
879
2321
-1936
2043
-4598
-1534
-3877
-1655
-1007
3588
-4057
254
3112
3817
329
-4380
-2231
4459
4480
-4767
-1337
-4376
4604
535
-838
3549
-3584
-4624
2148
4425
1411
-3280
-2941
-1502
4213
-4098
-2736
-3510
2495
-3478
3002
-4597
-4990
2163
-1423
-1543
2772
-3252
2441
4217
-2494
-4589
3831
-244
-2168
-3312
-4617
-421
666
1320
2507
-1187
692
-3821
-4406
4981
2840
3225
87
-2263
-3399
-3494
-1407
2020
-2586
17
-4504
4077
100
-636
3592
-4568
-3096
3253
-4861
4659
2378
3868
-2946
-2257
-4225
-4116
3696
1109
-386
856
-1033
4552
-3253
2802
235
-4044
2571
-2360
-3753
-3086
-4773
-3927
383
-4835
-1376
-2438
2468
-2259
-4036
-1975
2843
-485
-260
-3187
2717
-713
-144
-4856
3761
882
-2150
1709
4157
-3301
-3125
-3246
-1204
3515
-3502
4787
2919
3652
-2923
906
-1042
4963
1353
-4738
2535
-4284
-2561
-4530
1327
-3137
4205
-349
-1750
2459
-1341
4819
-2505
3160
-256
-2485
-4164
-3995
3936
1307
4952
1578
-240
-658
3679
683
3683
-3572
-3021
-3057
1706
1648
966
2601
3862
4881
3007
-135
-3410
-863
-2264
-4040
-422
167
529
2395
-625
3304
2176
330
3140
-3563
4708
2958
-1576
4710
1749
-2759
3367
-3667
-1073
-4281
3032
1350
3225
-3149
-3832
4628
-4941
1344
-2707
-1353
-4790
-1454
-4530
3996
37
1159
-2622
807
2268
-3957
-4109
-299
-4959
-4935
-4747
-2869
-245
2448
3481
2754
339
-1896
-4579
-566
-2943
4894
2497
-4308
2381
4211
33
1665
2174
-3944
2285
4670
-1238
2606
4771
-198
3245
3276
4014
2758
1371
4494
-3480
-3722
4507
2015
-1366
-1309
3268
804
3662
-1416
1951
-4447
-2296
-4711
3709
-4748
950
4213
2251
-542
435
2258
-2122
-3462
2820
2964
3562
-898
4129
-3237
-785
-2135
2927
3881
-4517
2681
3566
-3188
-1366
-3964
-3723
2177
-1189
-1931
4054
4764
-2581
-3343
-64
-3626
3409
-4039
-1428
-1974
895
2945
-1082
-2014
961
859
-59
3584
396
-3965
-4752
2548
-4878
-2918
3986
1957
-2832
-1233
-1578
-2740
-4723
2890
1375
4958
-3920
4402
-227
3902
3943
-94
-1663
2889
1539
-2189
-589
2078
86
-4101
-1393
4875
-347
4545
670
-2193
470
4240
-224
-821
2234
-2775
-1876
-3966
-3915
4813
495
4790
-4822
-1065
3278
4802
-1483
-3335
1302
2173
1975
4642
457
3814
2888
4476
1623
3451
1241
-1638
3290
4860
-2018
-3889
-4406
2400
-3347
-2912
-2810
-247
3935
2378
-2673
-1347
-233
1879
4145
-1856
127
4095
987
4508
4225
1386
4813
-4113
4265
2025
4435
-3959
-2165
2682
830
1755
-1098
-70
1497
571
470
1124
66
1656
-2394
2049
504
-3292
1217
-4732
851
3982
2712
3953
-593
-2352
3260
3111
-1183
-11
4384
4829
746
3277
-4204
-3772
-1129
3940
4588
2410
3983
239
1734
4640
605
1903
4394
411
-697
-3979
-801
-4890
-2345
-4509
-3498
3792
4773
2984
2667
-4201
3272
-1840
-1368
-4928
3900
2780
-2143
3866
-600
-1650
4498
4369
-2972
2782
-659
-1011
4648
-4934
-1246
-1625
1923
2259
2853
208
-4138
4141
4415
1564
-4073
2173
2671
-4038
-3233
-2192
-4775
-4773
4280
774
-4194
-1051
1281
3356
-987
3402
3247
-2057
-4699
4861
2489
-2893
4917
-4233
50
-2165
-1557
-2278
-3619
628
519
942
-2927
-3417
620
-2118
4869
-3522
-2709
-1921
-953
-1396
1635
2950
1348
3807
-1765
-1887
-327
-524
-792
3362
-2857
474
-4296
-2463
1091
3192
1018
-1677
-2778
-1000
-355
3509
-1358
-188
17
4016
-4445
3697
4535
-4026
4609
-4338
-1616
-406
-1801
-2745
1857
-4616
-3771
-1053
3556
-374
-3044
2475
-2049
-763
-865
1292
-2246
4866
-4984
-2724
-4968
529
-355
-3927
2712
665
-3126
-2211
2391
-473
3173
2635
-4072
-2041
-476
-4242
1606
-2751
-1159
4560
1502
-2657
-2943
2903
-1221
-1424
1802
12
4119
2300
4299
1697
-3306
-436
977
185
364
-153
4500
1462
-4896
879
4050
-2655
339
-4908
205
290
2897
-2326
-4593
4405
1085
-1497
1443
3085
-919
-1215
-3148
4582
2812
-4132
4184
-1229
4283
-374
1790
4799
1345
1958
-848
-3128
481
-2330
-1241
4877
2517
-552
-2240
1306
4564
1851
-1614
562
-660
4716
2884
4991
3920
657
-2447
-381
15
2251
-3177
3790
1637
2521
-3433
2046
3772
3787
1235
-139
2128
2287
-1415
-1386
-511
-4679
-4552
-4869
-2056
-4077
-2831
4362
3123
-84
-4486
1634
-324
2935
-737
-4428
-1539
2925
4471
1809
1745
-4474
-2067
2196
-4163
-207
-594
4690
-2300
-4346
192
4407
-3639
-761
1935
4806
-3223
-4433
4207
3747
4963
951
1512
-345
-238
-821
-2824
-124
831
75
3862
-519
770
-4775
617
-2869
3873
3124
4508
611
-1535
-208
-1073
-3436
-3171
4355
3577
-516
-3227
-4018
-3556
1235
1088
-511
-2250
-3401
-802
1072
911
-4596
375
847
-4112
-4790
-1621
-1541
-2772
2849
2593
-2838
-2611
1455
-479
-1280
4214
2124
-419
-3459
-583
-380
3851
1528
-4474
-4304
3605
-1857
1902
4642
-2852
2596
-3559
-4842
2053
-4609
3746
-937
-2100
2438
4175
-4924
1414
4542
-3988
-134
-342
-4589
-4539
368
-2888
770
1053
3091
2892
876
753
-3707
2418
-879
-1264
4714
-3415
-1030
-1918
-2784
-893
-3742
-4468
-1656
-4981
2657
-4318
3035
-1676
-589
918
-3555
-2118
-4371
3414
2074
-4985
-3847
3945
2941
-4663
-199
3305
4948
4186
3321
-1326
3471
4752
4245
-4922
-84
2071
-393
1159
3275
-1643
4890
-2447
262
2027
4579
-814
2580
4763
-2519
919
-2519
-946
363
263
2235
1693
3998
4041
4410
3748
144
1412
-2285
-1963
-777
-3611
2950
1061
3259
-3321
2893
-401
-3208
-4342
-2924
2425
1587
-1479
-2448
-1920
-3516
3566
-4695
-2308
1893
4571
320
2473
4044
-2664
-2953
-4202
1851
-1858
-4487
-1036
-2844
-3653
251
-123
283
-4326
-3823
-1491
-2588
-122
-2864
3798
1559
4269
671
-3762
2266
-2006
-232
-3906
-2575
1193
-3293
3649
4911
4163
-1591
2935
-1386
671
1307
813
-2955
635
4234
4641
-2991
-953
3714
4788
961
-3173
-495
-2045
1684
2086
-2936
2336
-2578
-1656
3394
-656
3658
-3915
4623
-3772
-2251
-663
2148
3040
4070
-953
2385
-2245
-176
-2568
1081
-1001
-3656
2481
2086
2129
683
-1983
2692
-2193
2550
-3476
-3205
4467
1754
783
-3
-4930
-4448
-3778
-2478
-672
3255
255
-84
3275
-2111
3077
-161
-878
-1335
-1406
-4609
-1504
4221
-4833
-1183
3213
992
739
-4818
4794
4740
-2655
3323
1987
-3558
-4915
2423
-3217
2152
30
2209
2288
-3345
3054
-2633
-2149
-767
2963
806
3873
1554
3905
2717
4243
1576
1955
-3825
2057
505
3310
-3248
758
32
-2771
592
3241
-4644
-4536
2013
2805
-4489
-4464
3713
3761
-1649
2746
-682
-972
4312
-1458
3537
-1897
3
519
-173
3015
2399
290
-4360
-2964
-2614
1103
-1789
3105
-4760
-4779
-723
2046
1075
2929
3843
-595
2653
-3007
-2933
4894
-2174
4289
283
-1594
-4667
4208
4433
79
-748
568
1438
1744
-3824
1559
3390
3341
-162
258
3453
-2322
2771
-851
-1647
1545
4222
2316
-4518
2812
-1533
-3285
193
-3330
3665
4040
-1457
-280
1565
-4806
-1005
-4590
-252
2802
-1026
173
987
4198
2880
522
3889
-4748
-1851
-1606
4542
-3572
-1179
2044
4720
133
1266
4056
-510
-4732
1944
-4250
-4510
-4265
4421
-664
-906
70
2360
-552
-4995
671
-1681
-3047
2660
-4645
4358
994
4536
4042
1164
1450
567
-344
-4883
3081
890
-4587
-1656
-4040
2741
4139
2031
850
-3090
-4778
-2559
3146
-2133
2890
-3543
1342
-15
-4274
-1462
3965
2784
3710
-2122
-902
-4422
-2832
-2653
-3891
-2258
-1678
-744
-1544
3738
-2097
-4079
2495
1463
-4470
-3934
-2205
13
2553
-469
2278
-2371
3518
-4121
-2707
3509
3436
-4927
4556
3511
2210
-1393
1620
1426
-1075
-1969
-2282
-2259
-791
4428
4363
-2681
1625
-2794
4878
-3661
1815
419
3316
2631
2160
-1206
-1029
-3564
-1012
45
4497
-2758
-4125
-4634
2564
4387
4741
2542
3585
1110
-2623
2198
-2221
-4039
2357
629
-2893
519
3144
-784
334
-4269
4583
324
-3954
-1189
2737
-921
-4143
3477
-2588
91
1641
-3820
-3669
4030
-560
155
-2440
4419
-195
4858
-2946
3789
-4365
698
-1825
1034
-2903
-1613
-135
2221
3626
-1561
4794
-1018
-4604
3905
3351
631
-1539
4517
277
4597
3158
-3043
4250
-4037
3975
-4240
-4718
1347
-2127
-2685
-811
-2429
3588
3466
367
46
146
-4642
3556
-4825
-1691
4791
-1312
-4536
3476
1723
-2359
-2646
-2839
-1603
870
2290
4579
-1493
1851
1237
3850
681
1949
-1182
2060
-3925
-4526
639
531
1770
-2939
-4625
3050
-71
1052
-4016
4993
4662
-2147
-4544
4967
-2627
-4220
2690
1891
-3194
-426
4821
-2612
2263
-2342
-4272
4737
3397
-3505
2764
4565
-3997
-3098
4195
-4039
-4513
3902
152
1665
1086
-3413
-3973
-1023
4484
4080
3021
-2219
-2034
-2761
-3150
2848
-1085
-16
-2298
-2678
-4688
-4363
1302
-1379
2853
4420
659
-566
1742
-1324
-2323
4062
-4330
-4723
1845
3076
-4435
-2414
-1325
-2332
-84
-342
2771
3934
708
-3294
1652
2134
-2323
3464
3660
2867
-1771
-12
-970
-1231
-1357
-1429
-2384
4789
367
3651
1142
-117
-4231
-4805
3851
-4052
1653
-4954
-984
-425
-4179
-1919
2436
4899
2849
1802
4366
-2866
-3920
1060
2511
-2182
153
-1599
426
252
-4829
1564
-3138
4751
-2775
2049
3858
-4559
2065
3258
1118
4556
-3193
4125
-3327
4351
640
4979
1362
-3292
3798
1935
-4050
234
-4155
-3253
3148
2183
-1864
2637
-1661
4776
4866
4795
1717
3468
-2866
1628
-2995
1298
-2741
-4371
-73
257
-3542
4787
1955
-2602
875
-4577
4162
84
-2418
3133
-3177
-680
-932
681
3472
-2304
-224
2368
-25
678
1263
-2426
-2863
4555
-4144
4615
3217
-1099
-4669
-3112
355
3350
-4346
841
274
-4593
3910
-1141
-703
4811
4217
-1112
-1582
-355
-4369
2487
2923
-2898
-3592
-1683
3508
3975
-4492
2215
4740
1864
3463
4108
2501
243
4962
-1515
1585
437
-2538
3926
1369
4545
1694
1881
-1991
-3393
-665
-1819
-1384
-1630
1411
-3687
-3479
4850
-457
-2572
-3181
66
-801
-22
-4033
3018
-1618
-1662
-3200
4448
-3307
286
-594
-4470
4988
2437
3165
1303
-904
-2668
-3899
4497
4951
789
-4872
-2783
-42
-1850
-261
-1982
-1430
2038
437
3347
4177
-3282
-4793
-1511
-1251
-2552
-759
-1664
-1902
-2599
222
235
-3941
-376
-3137
3472
126
3463
-4782
-3055
2966
3544
-2087
-2911
-3391
1419
-4180
-2588
-2366
-1869
-4832
-1642
3673
1759
3726
-2150
-1927
1402
3027
-2449
-3614
-2264
-131
-1939
-524
-1514
-693
4386
-427
-245
2406
-1972
4662
135
4513
-3225
903
-2921
2455
-4908
-2109
-641
-560
-3841
2870
3574
-3106
-4706
792
-2695
4677
3381
-1158
-2890
1850
4863
-490
3188
-707
3816
4244
1204
2881
-264
4087
482
3519
2922
1768
1881
4332
764
-2459
-3703
-1019
2178
619
-2399
-1787
1258
-3741
-1899
-1810
-1209
-643
3050
-985
-4127
4278
4698
-1992
3900
3534
-2869
1800
4101
1206
972
-4593
1114
-1846
2032
3210
-2698
-2458
-2600
4672
-568
-2977
3043
646
-3846
-2133
-2246
-4051
4496
-1027
-2416
3764
-4231
1537
83
-1808
2144
1623
4012
-2420
-252
-3837
3838
858
-3477
-833
-2821
817
-1861
-21
4383
-2967
-224
1735
-1736
904
-3665
-55
2821
3807
-4311
2041
656
1158
3978
3325
-653
3413
598
3656
-2421
-313
-2406
3827
-763
-2274
793
397
3327
-4439
-675
3275
-330
-2063
1434
926
-1246
661
-3110
1940
-3634
864
204
-1010
-3681
2802
-2860
-4518
2401
3903
-2972
-4546
-1858
306
-387
-1853
-1687
4656
150
3975
-1144
-4059
-4902
-3625
2919
1472
3469
4368
1304
-2893
-2962
-2860
-517
638
-2398
1414
1533
-4221
-2702
-1711
1824
3505
-4350
3485
4454
93
217
-365
4319
-3199
2207
-1645
4580
3237
-3473
-47
3084
-3890
-2591
-1546
-3181
3458
-2598
-778
2169
-3207
-3663
-3910
2926
-1764
-4111
2085
-2730
-3519
-3561
1819
1984
3906
-2052
1077
-4525
-2370
307
747
-2987
-3947
2668
-4202
-1139
-889
-1674
1897
-3718
2865
-3929
-1731
-3474
-204
3047
4018
3049
-1249
-3353
-378
2753
3967
-45
-3486
-3143
-2956
-3667
-2876
4622
4077
2991
2861
1957
-2195
4001
1448
-4125
-3336
2989
555
950
-4235
828
1933
-325
3903
-4159
4043
-1196
1230
-2031
4449
-4575
-227
-1559
2318
1237
-1919
-1015
4794
2549
-1582
292
87
-2235
-412
1044
-4375
-1636
1987
813
2008
3543
2243
-3006
-3011
-2200
-1431
4892
3882
-3566
-665
1587
612
2326
1495
-2254
3267
-333
-6
2654
619
1974
0
-947
1191
-4713
1800
4896
280
-943
-2318
2545
449
-642
2259
4765
4172
-909
-648
-1334
-817
-2962
-1463
-4005
-3517
-1944
557
-3426
-405
4824
-3352
-321
-263
4587
2575
-4269
36
-2674
-440
-1383
2397
955
-1536
4463
-4429
-4378
8
2815
2453
-2002
3628
-2787
-4457
4394
-2723
3889
2668
767
1207
307
-2222
3456
-2864
641
61
-1858
-907
-2768
680
2636
4598
2181
-541
-1997
2894
-2805
-222
1849
-168
-2885
-4171
1517
-3275
-1181
-4036
1942
-3033
-2108
1970
3693
-4638
3780
-4838
2348
3822
1943
-3262
1175
3130
-2459
3036
406
4933
4294
-4058
3970
-32
-2271
-787
2619
-500
-715
-1529
-1458
4069
-96
4646
-2913
-2600
-899
3255
-571
-482
-4273
2451
3996
1043
-2850
-1049
-1754
1045
-865
4486
-271
1086
-699
-4756
-1165
-584
-1932
3353
1540
3313
3641
4368
-3871
4812
-2866
-2262
2229
2575
-742
-1047
-306
3102
4714
1828
-2090
1757
1311
-1014
-3397
-4332
-3467
2476
2400
-4393
2500
-3648
-2406
-2637
-2317
-3359
2316
1702
-2833
2257
-4780
-2542
3916
-2072
-1392
3809
-55
2477
-3556
-4771
417
-4417
-4383
4940
2030
-1478
3209
318
1982
-4218
4011
3686
-2134
-2749
1454
-2340
4287
-1657
57
-2961
-2292
-4304
-2972
-44
-3512
-1836
-4673
3272
-2977
-1961
-4508
2248
-2890
328
424
3704
3351
2955
-93
-544
-368
-3015
-2815
4190
-2383
3273
208
281
2357
4159
-3225
1865
4651
-4252
98
-850
3226
-4216
-2665
-1161
1574
2865
3523
2619
-310
-665
-4171
-3439
-3411
-4398
4706
-2118
1494
-1953
-3188
979
-3990
401
-3481
3983
-4942
-1957
3030
-1248
-3245
-368
1598
1674
-3986
-4711
4901
-2664
1979
-8
1559
3979
1026
2390
-544
603
-3515
4892
-3466
-461
1964
-2879
2710
1431
-1574
245
-1933
4214
-730
-1046
1335
-4975
3753
2136
631
2434
1482
-894
1068
349
-2697
1047
4721
616
1862
1735
-2798
-1240
879
4053
-4870
-1820
2265
-76
-4426
-3617
-3254
3804
-2872
-4562
2139
-2346
3979
-3613
4888
-2355
-3514
-422
1064
2607
3073
-2989
497
4278
196
2802
1575
3476
4333
4738
-554
685
2259
970
852
3426
-3747
-2283
3866
-4060
-3520
2281
511
3334
2082
2537
2302
1590
-367
2930
-2441
2677
-2403
-3814
-4667
718
659
4339
-652
1306
-4381
882
-4052
-1281
-2947
1987
-4657
755
2040
-3080
454
4195
-1878
-1468
-4824
1174
75
2728
-2152
1469
4620
1870
3762
-310
3876
-499
3220
-2475
-3515
-312
2791
1548
-3262
1239
2070
1247
4779
-169
3731
540
-3691
-3159
-2649
4247
3309
2475
674
4503
4430
-53
-1886
81
2226
1942
2593
1838
503
-1889
-1187
-3751
1847
4784
-4953
677
-3097
-359
-304
1028
-571
2907
1339
-138
-3809
-3877
2636
-2858
2029
-1494
-3563
-584
4566
-746
-4621
2551
4285
2370
-2319
-569
3527
3617
2080
-2646
1824
-2182
-3837
-4565
-1938
2889
277
4565
-386
491
3084
-723
3908
-2791
696
-3167
2293
2824
-2953
-2
-2297
240
-1583
-2603
1988
-2349
3739
812
-4566
-1956
130
-1751
-1430
3199
-3696
3455
3279
-1599
-4509
-3291
-2954
-2308
-3279
4320
-2512
-2820
4763
4029
-2346
3566
-2455
783
2140
-3495
-4365
-2887
-3498
543
3299
-4402
-4147
-1552
3061
277
2864
-372
-671
4421
2301
4710
-3537
-1273
-2127
-36
-2388
3082
-110
-4312
-626
4573
4051
-3856
-3513
4524
-719
1713
2438
1837
1586
-3990
636
-4913
-1650
3501
-3331
-4742
-1986
-3026
1262
2519
-2267
3771
1179
3691
315
-404
4239
-3616
-903
-4372
4051
3008
1164
1716
1970
2641
3301
3053
1477
-2663
-4265
-1616
-2074
-3168
-2863
3500
458
-1366
994
-2841
1465
1361
-1933
2348
476
-3795
-2395
-1368
-1533
-674
1741
-3979
847
2751
-3828
-1273
1307
-4052
3137
4274
3208
4497
4421
2765
-3807
-2259
1722
3055
3616
4765
4055
-328
-4950
3760
-3576
4309
-4188
653
-3337
-2536
-706
-1122
2015
-3187
2431
4493
2234
1671
-2755
-3850
-2626
-703
2243
-4512
-392
-1446
3105
-4883
2327
3612
3847
119
913
-3889
-412
2044
4082
-3353
3611
-329
2096
860
3029
4109
4192
1036
4260
3405
-539
4606
-4736
1623
-4144
4412
637
973
-2105
-3447
-4447
-1409
3001
-1684
-3264
-3733
1234
724
1373
-3703
2404
-2996
-2249
3009
908
-2385
1058
-694
3912
-1475
-2796
-2190
4455
-3375
-818
-3347
4970
3727
3973
1185
-1945
4470
159
3006
-4516
-4644
619
2711
-1573
-1358
-4032
4946
-1541
2436
1697
-3323
689
2290
3285
1995
-1974
4791
1088
2929
-3692
-852
-4660
4692
4382
-2297
-4256
-4786
-2526
-1281
2184
1799
3494
4118
-3853
814
-4558
3101
4719
-2223
4455
-2241
-883
546
246
-1476
3075
1650
-4876
-1604
2139
-4714
-3241
3169
2332
1955
357
820
-1636
1921
-1008
1816
1579
3187
298
-1913
1382
3449
-4119
3943
-4078
2594
-3700
-1008
-1423
551
-4734
2661
3607
-3956
-1398
-4516
-4500
-2962
223
-3667
-1648
-4757
2702
3354
-3135
-4720
198
141
2574
-1170
1912
-3707
448
4026
4442
-335
-1444
2715
3931
1472
-1134
3858
-386
-4907
-36
2182
-1081
-3925
1722
-205
4538
2329
-1439
777
-3053
-1110
-117
-263
4204
-1223
4968
-1342
830
4656
190
4510
3068
1775
3727
-1695
-4759
3923
4880
1451
-597
-3268
3044
-922
-4139
-3224
-4715
1806
-4392
3508
-635
3178
-3506
2489
3367
4561
3555
1459
-3999
-3735
2074
1852
3329
-1599
2783
-1961
1266
-3907
1047
556
1886
-4140
-4406
2227
-3853
-2799
-1958
3784
-4006
829
-1959
-1935
3545
-4661
-3049
-550
-29
-4906
1635
3821
1901
442
3700
2407
-4320
2595
200
-1870
-2902
875
-2934
3676
-169
-3376
3914
2669
-3042
3919
-3569
-1467
-2868
2289
395
390
213
-3468
-1653
-1995
-1934
-980
770
-1768
2553
-677
-3325
1334
1418
-1
4180
1072
4961
1231
309
-3178
-333
-2185
-2628
3594
-1658
-4941
2445
-4120
3158
760
-847
4805
-2658
-3482
-2239
-43
1147
3144
3123
-1560
4954
2613
-4309
290
228
823
4988
4181
-825
-3102
-4886
-545
-3134
-501
904
-3287
613
3806
514
-2760
-160
2757
-3371
-4644
3403
2566
-1642
-4034
1693
1514
-41
-4327
-152
3253
2960
401
-4556
2195
1810
3144
1110
3163
2548
-1294
-2657
1665
2008
-4416
1318
-1315
1229
686
4043
-240
1031
-1289
-1135
-869
-4190
46
-2776
981
2668
1097
-2566
-3936
378
-3718
-2634
-2271
-482
4344
-2582
3849
-4556
-1596
-1651
1159
-4177
826
308
-1794
-4705
3456
2048
-4866
3359
-2089
-3444
4005
-2100
3460
-4546
-4731
1925
382
-2982
3821
1019
-3503
-832
-4292
-4935
1730
-4991
2181
-618
4880
529
-1835
4484
-3542
-3138
2242
4702
-3259
4558
-1399
-1864
-1950
3634
-657
-3934
-3026
3126
-3286
2880
-2039
-4805
-1440
-1806
747
4359
3439
4588
2740
-865
1197
-1348
3057
4335
23
371
-460
-4393
3170
4060
-3164
-1823
1030
-854
3524
3883
-514
745
3735
-3223
-2978
-3151
2370
1467
-4965
-77
913
3935
3300
-739
-3752
3501
1031
4463
2001
1534
348
-4479
3747
-4245
2451
-3177
-1978
1509
2120
3920
2013
-1681
3477
-2845
3369
1783
3282
-4588
-2175
1366
-2633
-3273
1673
-4130
743
-3339
-3252
-3363
1159
-3408
1588
-621
-3338
4796
-4402
4963
-2731
3356
-4939
-1788
-4821
-1540
-2002
-3789
1052
-2000
-3284
2853
-2772
67
-2895
-3282
4611
-2684
-3143
4016
4067
-1346
3643
1940
4169
-3242
1988
-779
-606
3963
-2460
3538
-2324
2718
3804
-44
-3025
1015
-4280
-3071
-4988
-2671
376
655
3763
4985
2854
2826
1501
-1910
4066
1298
-1394
-3120
-3948
4912
1377
-438
4985
-1700
-4799
-4542
82
4591
-4703
4510
4862
-1179
826
1219
4890
1782
-402
-4802
1106
3394
-2096
95
-94
4448
-1385
-4513
1127
1621
387
-1363
-2233
1611
4527
-3426
-2926
3530
4532
-3208
-3462
2230
2895
3557
3704
1622
1261
3535
3959
-1886
1213
-2774
-3917
733
-4454
2958
-2760
2754
-4404
4965
3786
446
2877
4122
1756
-367
2946
1145
2081
-1936
2673
-2342
2055
125
-4884
-819
1482
2714
-4979
748
-1700
4925
4541
319
2913
1966
2122
727
369
-3280
2899
3119
-1852
3587
4784
2233
2105
4261
541
1392
-2523
3715
4306
-3490
-3423
-142
1414
4464
4170
3620
3688
2845
-1145
3630
-285
-627
4168
1290
272
-1676
3163
2986
4517
2125
2099
-4548
-4922
3277
-688
4399
3076
-2302
3737
1357
-1479
-2680
2406
-3324
4152
-1943
440
1971
4619
4343
-4368
-951
-444
-1388
-2236
1314
-4787
-1633
2746
-2542
-2575
592
97
-3756
-3065
-1365
102
-3030
3022
-4205
-3542
4325
-286
-130
485
416
686
498
-1001
-1424
1285
-3069
2784
1298
4145
1729
-1165
190
-2509
4782
474
-3089
-2876
1392
211
2658
4152
2562
4708
-170
2583
-4082
118
-3140
2216
2203
-579
-4440
-1048
-3325
1
3329
2261
4186
-3
-2647
-609
2109
1725
-3984
-3089
-1061
1382
-3612
4150
2151
-4918
-1052
-1826
339
3279
1307
2355
-3185
1981
4772
-64
-2344
-1978
3572
-821
-3240
-2154
1103
4306
1023
-2710
4334
-1897
658
2380
4227
-4212
4869
3079
2754
-74
-1673
-286
-4143
-2583
2207
2370
-155
-1773
-2015
1493
788
4186
-3030
-2412
2371
1254
-2419
1390
1202
-986
4062
2674
1981
-3558
4656
-3012
1804
-4853
2610
1473
3225
1597
-352
2023
1925
3111
-1680
1557
-2208
-4877
928
988
-2899
370
-4915
2377
-3568
3038
1650
-3642
-2394
4033
404
-2477
-4691
-4644
-1421
-2747
-3640
-2157
-3420
-3209
2355
-1658
847
1854
-925
-3856
4091
4493
3092
-2379
-4515
-4763
4979
-3923
-2456
-179
1107
1384
-2586
1142
296
-4764
-4705
726
2132
-229
-2476
-1679
-498
1755
2542
-670
-4904
-2193
-3332
-972
-2881
-3729
-989
-3076
-911
-3241
-2421
4165
-518
4705
2126
-4256
-1226
-3793
779
-1307
268
-3377
-489
-2283
-430
-3448
-1537
4897
1396
-4226
-4165
-861
-4371
3772
1799
-2689
2363
2479
-4491
4305
2450
3047
-3625
-3796
-2936
-957
-4156
-430
-2530
-3814
3365
-4376
2455
-180
-876
-776
-4839
3849
2103
4408
1850
-676
-802
4012
-1973
4507
-2550
-6
2200
4693
4303
-468
3967
-3365
1777
-658
-4446
-636
-3193
64
-3382
3798
482
-885
1073
682
1060
-2526
-4522
-3949
314
-426
-4187
-3287
2108
-4572
106
-4689
2698
4555
4740
2221
2043
525
-2850
2735
-4034
1432
-1810
3986
-1370
1596
-615
1026
630
283
3173
-4479
2149
698
2127
-1415
2713
4782
-3565
1156
3284
1317
634
-2702
-2120
4132
4958
-1905
892
3985
1944
1687
2013
4295
-4488
1214
444
-2990
-4135
696
-326
908
120
3048
269
-72
854
-2142
1937
1416
376
253
-1061
-3104
-1216
-1351
2194
83
-1671
-2546
-34
-2669
4356
-3908
-4769
-1692
504
-2475
-3271
-84
-2683
-4648
23
-4141
4686
3515
1381
4162
1981
-1699
-2136
1867
3152
739
-421
3688
-1205
776
948
-945
589
-1076
-2998
-1850
1533
308
2391
2291
-4875
-4751
-3335
-4274
2028
121
-3470
-3876
4578
-3182
-2364
1244
4898
534
1042
2967
-4110
2992
1768
2063
3350
4958
-2729
-482
-1901
453
803
-1822
-2309
-2770
1210
3144
-305
3826
1108
4835
-1856
2894
400
2139
-3831
1400
4852
-2669
-1117
2029
-3370
-3203
-3821
196
-1758
-3134
-491
4879
-3323
-1390
3763
2622
-2352
-1757
-3534
4872
1866
-195
-1375
-4204
-3787
-2648
-185
-910
-1711
2585
4415
-3137
812
-3756
-4429
-4881
4016
1213
528
-3973
-2699
810
1385
-1025
-1529
4547
-3038
1406
995
2651
-1028
-2534
-1243
-3085
874
-2169
-4983
1202
-2349
1931
-1441
2223
-4528
1442
940
1571
-98
-4470
-2783
3591
4565
780
-1517
471
314
-3649
-939
-3525
3923
-1005
249
-3510
-3336
-4847
-1634
4391
-378
961
1541
3789
-210
-2348
-553
2290
459
-848
2913
1604
2044
2834
2749
1728
-3056
3864
750
2301
-2582
3544
2459
1217
1060
-988
-834
-3012
-2782
-1089
-4317
1421
-4634
-345
-1387
-3648
-3087
4767
1815
2949
4404
1930
2322
1202
-3208
-1270
1824
-4424
2524
-329
1291
-4839
2900
240
-4228
3245
-3446
-3931
-389
567
-2092
78
826
-1206
-3641
4706
4581
-3807
-740
-3600
-3130
3356
-2997
3154
1709
-1919
-4786
-2715
-1670
1169
-1214
-4961
-563
770
1912
1732
-3730
-3987
951
3415
-2875
4430
650
-3476
1583
-3521
-2359
-3527
3018
3019
3144
-4776
-1892
4194
1692
-1620
4216
1071
-2994
4413
2450
3078
392
3025
-3672
2244
4529
1988
-4304
493
-857
1597
-1826
526
-3798
-3829
-1964
-1599
43
4048
-1647
26
-2390
4311
2800
-2552
4981
-3318
591
688
3865
1357
934
-760
2853
754
-3830
2956
-3889
3410
-3073
778
-1560
2045
874
-2828
3284
2605
-4545
107
-1922
-780
3678
-4031
-4519
4337
1407
-2378
-1742
-3397
1697
-3764
-168
-4090
1714
4730
-1651
4536
-2212
457
-4913
-3024
4408
-1494
-4159
2177
-3088
4836
1696
-4878
-2032
1500
349
-139
-4765
56
3352
2257
-3841
2085
-3199
-3051
-1547
-85
-4047
-2467
-1054
-1120
-881
3050
-1189
-162
3534
-3896
3261
-1806
3283
-4761
2268
-656
258
-1194
2650
-1035
-724
4644
-2751
511
-840
4382
-1226
-2337
-3751
-1621
4247
-3165
344
-1607
1780
-2077
-332
-1168
-4567
-1616
2354
-1405
-499
-3416
-888
-3328
4499
-459
-1337
-4798
3296
1301
-4788
-3972
707
-3346
1898
-4496
4135
3593
-1018
3878
1071
3802
-258
-3049
2624
1261
4918
4160
-3006
3725
2557
1436
-2635
2290
-1441
858
1236
1117
3065
1860
-2361
-866
-4127
2117
-2090
3321
-504
2279
3372
-4514
-1889
-4869
655
1783
-3611
325
-446
-616
827
4496
-4986
-1732
-3651
504
-4785
2836
-2715
1305
-4249
-800
3753
-78
-683
4335
-3737
248
925
2040
-4880
2449
-2153
4665
190
-2048
-296
4823
3744
1356
-1470
1781
1707
-4032
1603
1636
4090
3688
-1086
3775
-3352
3418
231
-3984
617
461
4933
-4772
-3832
4839
79
-469
-2091
-558
158
3006
345
4880
4190
-3211
-2216
1099
-2537
-1426
3448
-4510
-1873
706
1817
3277
-4220
-2298
4471
1227
3074
-1337
559
-2395
-340
-3682
-3330
-2672
-2330
405
-1855
-1930
189
-3146
3974
1151
2165
-1762
-4072
-1792
-2913
947
-4559
1894
-1463
-203
-3312
1883
3400
-2461
-2349
-2384
-4902
2356
-752
-892
-2953
197
-465
1318
-414
2467
4542
186
188
-3376
-4734
-3340
66
-1973
3129
-1320
-3678
4938
3419
2394
1933
721
-4143
-1463
3183
2644
4810
2139
1363
2239
-4865
-454
-4857
3150
2921
3570
-2757
-3367
-3211
-3577
3749
2826
-441
-1734
2525
-2786
2240
-2252
2192
3619
3524
-709
2366
-1382
-4046
1551
-3200
748
-4939
-4118
3623
3753
2300
-4304
-4825
-294
-4391
4209
-2496
3085
-2806
195
46
-1422
-4643
-4811
1816
1836
365
-1208
1393
-619
-1479
-3523
-328
853
200
343
-4064
-1384
2855
-1382
2523
3091
1907
4986
1990
-2774
-3455
2198
368
4045
-3285
2478
1256
1587
-1116
546
4518
4530
4940
-3956
-2591
-1191
-2353
889
-4471
3482
-2991
-497
4743
-3485
2295
-351
-4919
2566
478
-1231
-747
3830
2127
-2979
-4448
-1004
2309
-877
1170
4265
-674
-3787
-1376
3578
2661
2289
2198
739
1632
-1891
2977
-2398
283
3390
-263
628
-4778
660
-3624
4339
3835
2367
-3908
1777
-519
-1456
-2308
3051
1479
4061
418
-3054
-1117
-3270
3847
2403
1004
1472
3513
2432
497
55
-2012
-3967
2058
4241
-3012
-716
1628
-1715
-4076
-2387
2338
-2599
437
-4970
976
2747
2492
-4775
331
71
3560
477
-4078
2396
-1999
2133
3849
-4046
3835
-3116
4625
4966
-4452
-911
2789
-1332
-106
2324
3419
-2918
-485
-2291
-3714
697
1425
-136
-2814
-4993
-3803
-2997
2553
-1336
1276
-2630
-3146
-2635
-3918
-1730
-40
-4549
-624
846
3215
-4976
659
1562
4616
282
1652
-2905
-3543
-2998
-3320
-738
2722
-2115
84
1852
142
-500
-202
4129
-1656
4320
-2915
-2060
595
-1489
3683
-3955
2857
270
-329
3353
1450
4116
-1754
-3371
4074
-2902
-4482
1891
-4279
1856
-1834
-599
2143
-866
-1187
-3331
3071
66
3392
1246
4736
3821
1533
900
2877
-1695
-995
-3718
3194
-3372
2902
-2787
1545
2397
-1936
816
-1790
-1715
967
-3008
2572
4624
-3713
-132
713
-1003
-1821
-3512
-2616
-2659
-3471
1791
-679
3487
772
456
-2200
-4962
4718
4903
-1799
-4705
-3715
-4743
2858
-599
-3741
1300
-746
-3074
4199
3427
1380
-531
-4305
-4654
-3770
-2587
3699
-666
3328
-521
3156
1896
2794
2828
-3916
4643
4016
-4988
4887
-4754
4146
-3931
1129
-1853
-3056
-1143
-3923
-2288
-4838
-984
1738
3509
1161
2364
-621
2191
-1630
3370
-135
-1548
449
4327
3936
2959
413
1440
-2898
1309
27
1170
3886
4950
1969
745
-4336
3573
302
-680
3551
4210
-2153
4157
4166
492
1446
-701
-1685
669
-156
-2148
-4898
-1916
-1411
-3576
-2168
-1195
-2400
3605
-3695
1820
1424
-2230
-3379
3096
-2714
-61
1953
2150
3887
487
4857
3034
1746
355
-4561
-173
2451
-4822
-3047
-3252
-437
3544
3415
892
-3399
478
-2742
3027
3747
3650
-4174
-624
2195
-2025
-3414
3324
-1871
-1044
2316
-4316
4080
1315
2074
-2684
-1180
3262
-3238
334
1800
-838
-614
-1120
748
-3547
4978
1921
4559
4496
464
2924
3026
-3207
-4702
3193
-2953
1798
1344
-1558
4588
-3307
1001
-3601
-3162
70
-2877
-4319
2665
-4280
-3981
-1509
-177
-3952
2876
-1948
-1458
562
-1633
-2585
-2249
626
3485
1938
-511
-4101
-3717
1939
1901
-2400
374
-1586
-574
-3332
1571
-1801
-3739
3567
-1057
4994
1702
-3637
321
1954
-1167
-1793
-3350
2629
2181
-1586
-31
-2955
-4384
1303
4829
426
135
3064
1658
2587
-661
-513
-3905
-2894
1712
4213
3710
922
-2851
-4493
1566
290
1209
1868
3994
2750
2616
1290
4571
-1937
487
-2547
-900
997
-1357
-2635
1655
-4111
-309
-2196
-3977
822
-3258
-1311
819
4019
-3305
895
2110
4595
1905
2152
-523
1695
-1995
-2979
2133
1718
-1838
2032
-4210
1264
-835
-127
-3055
-4040
4617
4688
-1046
1109
-2884
1704
-282
4173
153
4844
-3775
-3259
-2590
3629
-583
1564
2621
1455
-564
-4404
505
-1992
-2798
-1427
-4267
-2611
-476
-1865
-4987
3468
4194
-4575
-2794
-4729
87
3668
4191
2479
-2119
-3656
67
4923
151
2602
327
3939
-1373
-4906
3096
2577
1706
-2491
-2751
4166
-2309
2598
-2499
-4620
-4894
2
544
-4618
-568
4537
-4409
-72
-3991
-4761
3225
-3652
35
1769
248
-3136
781
297
-288
-1814
-3865
-2376
3436
745
-3064
-2682
1519
-4770
-603
1333
-1866
2079
2931
-113
3715
2899
-750
-2405
-3077
2384
2467
-1615
-794
274
-475
-3345
-1392
-3799
2096
-1254
3665
4290
-4628
819
3795
2535
1859
-1672
1245
-2051
3476
2032
2042
-548
4199
-244
-2063
1784
173
1886
503
-3482
74
-2310
-2738
2347
1203
-2213
-285
2484
1465
-1314
358
1868
1669
431
4208
-4064
-2390
-3504
-979
3315
-2396
3624
2899
3028
-2868
777
-4076
-3748
-1392
-4855
-3389
-1245
4439
-1173
-1514
-3264
-570
1864
266
-2756
-2251
-4613
-4105
-2664
-1911
-881
-419
-2902
-2183
2582
1575
2009
3075
3044
-1326
-1977
259
3337
4240
-627
559
-2375
887
1585
856
-1722
-920
-2300
3014
1969
-1214
3899
-850
4695
-4237
4225
1242
2471
-2017
2797
3919
1650
-4513
-2386
-4290
1669
4759
1012
-2934
4952
-257
2483
2749
3000
3025
4392
-711
4912
-3450
3549
3796
1299
2074
-1644
-2132
-4028
-3023
2956
679
-1256
1554
1777
-1478
3558
1913
507
3647
1426
-3327
3754
214
1966
-3600
-1012
-4266
-3954
-3610
1681
-1367
-1355
-1062
1769
2408
-350
-2169
4498
-1809
-558
4874
-3582
3316
-4354
3583
3490
-3700
-4219
-4244
-2368
-1502
-3866
-3375
2713
1454
-4056
708
2080
4156
4428
2998
-3758
2761
2042
2878
2291
3519
2407
-152
2499
2178
-3716
-793
2734
1109
4641
-351
132
4335
-3167
4596
-4694
4224
2296
-3044
-823
-2455
1213
-1000
-4506
3052
-1120
1435
-2135
-4354
-686
-4220
-1107
712
2336
-4802
-1582
2095
-3577
-3943
-2462
-3596
-2312
-515
-981
-270
-2225
4568
2271
-827
863
-2683
4948
-3961
-3045
2886
4788
-400
-4031
1652
-4481
3054
4643
4224
2633
1846
4199
4845
4590
3556
-3659
1576
-1051
2526
4144
309
632
4442
1508
4729
3258
-3766
2463
3556
4465
4560
-4618
1539
4644
4631
-1047
-1660
1332
3256
-856
2364
-4674
1099
3470
4616
130
2557
3296
-4537
1883
3776
3825
-1027
-583
-1514
-2469
3931
-1882
1236
806
-2338
-4350
-3087
263
29
-734
-2651
-3087
4302
-3898
-1162
2685
-3513
-3619
-3474
-4319
763
1310
4075
-1747
-3438
2684
55
-4667
-1252
78
410
1088
2751
-770
-3779
3089
-1486
2009
-2569
248
-3880
-4730
-4026
3722
-1297
-4168
348
3301
2940
-1683
-1239
4847
4082
-2481
1594
4674
-1869
1817
1647
-3279
4356
1313
869
-362
2179
1595
-190
1609
-3283
-4972
4523
2650
-1260
-626
-1570
4935
-622
-3549
4046
-1209
3924
2325
870
2108
-205
-3747
-4175
-2208
2722
-3868
1089
-3482
1749
-820
92
1404
-445
-1348
2491
1087
-216
413
4251
-1230
4943
2388
4062
915
3741
-1035
4293
-4434
2924
-883
1812
2734
-3754
3852
-4570
3918
-2899
-373
4047
-4937
-4147
1337
3378
-1165
-2690
1304
381
4388
177
1615
4515
3909
2854
-3775
-216
-2309
-515
1519
976
-1325
-1964
918
1302
295
49
-627
-1963
-1045
-428
4064
-4366
3766
-3779
-80
-1663
2611
-1055
959
-3011
-1826
4859
2287
-4263
3898
4531
-2220
3560
-3615
-2384
-2763
-1105
284
-3203
1644
2918
-2789
3417
-3
-3659
-2551
1143
1463
-1388
3877
2916
-2489
3659
1739
-1275
871
-4859
2284
3490
-241
4036
-2907
1825
-1831
3720
-1536
2615
-2451
-1783
137
2523
-4901
-1589
-1830
596
-179
-4915
1339
2914
-3064
-1350
3923
-1688
448
2884
4682
1318
4253
-2700
1391
523
623
84
1064
2844
-3563
149
1173
-3395
-290
3791
3766
-117
699
-1728
2585
-3768
-3743
-4100
3459
-1295
1958
-3445
1001
-102
-1817
2084
-4433
74
-4637
2489
-3075
1113
4622
-3337
2279
-529
-4862
4636
4381
-1963
-3290
1247
2244
-99
357
61
-4233
-4408
-250
952
673
-4204
-1998
1586
2178
-934
-3079
-1942
-1179
2666
3910
-1098
-2308
3833
-4607
2927
4459
-115
-3578
-1296
-3580
4765
2126
1407
-2674
731
-702
-3718
-1299
2360
-2042
3433
-4533
4597
308
-447
-4434
-409
1101
4309
444
-1755
2794
2362
-1762
90
-343
1512
2169
66
-1831
2716
-4378
-3522
3872
-4635
2172
1805
-4854
-332
3659
4742
-3652
-1425
-436
-3331
-654
-1567
4854
-170
4208
136
2882
1960
1870
2975
578
-2237
-2802
68
2630
2240
1550
-2262
4464
2162
2515
3133
-4518
3007
2106
160
4971
458
2173
-1620
2887
-1019
-2832
2180
-951
2204
3783
4602
2080
-4315
4722
4192
-2793
4191
3734
-4494
2709
-1690
-3572
-4855
-3720
-4326
-1712
1866
-4276
-570
-2382
-2111
3069
-2741
4878
2273
2066
1624
-428
4421
-2690
1023
4780
760
-4431
240
661
-1829
-1552
1064
-1884
1788
3704
1436
-834
2104
-536
-3299
692
-2469
-2219
-4817
1228
-3761
2557
2362
2826
-3919
4839
494
-1149
-271
-2298
23
-4363
1840
-1357
-473
4565
4981
-712
3157
-657
1781
-3505
4418
-2276
-195
-2917
3855
2233
-3920
2340
-1897
2454
-1109
-2182
-1351
3560
-993
1998
-3731
-4004
2784
2623
4031
-4315
2523
473
-3006
793
3590
-2986
-4146
2574
4719
3332
-2811
3796
295
914
2497
387
3520
2465
-4066
3237
666
-2763
4908
3080
-4112
3016
-2329
-4322
-4636
-3879
4237
-3758
-2013
-3728
-4000
-983
4449
-1511
1963
1512
4650
2729
4113
1372
478
1685
4513
2094
-2043
1033
2424
2377
-4528
3986
2880
2987
3164
-2879
-1882
3968
4690
-2479
4885
281
3214
-3334
-4118
-4377
-4886
-619
-2790
1466
-3703
-4998
-1568
-3943
961
4259
-2393
-805
763
-2418
423
2588
-2618
-4279
-1135
-3083
1243
4491
3928
-839
-2163
-4011
3568
3353
-4069
1617
-1772
258
-2532
-3267
388
3927
-4696
4537
-28
-2950
3698
-1639
512
-666
275
2891
-3302
-4850
-1333
-3607
3561
4949
4006
3054
-1708
3256
4444
1833
-2238
1278
2099
4630
2664
-1302
-3764
2887
433
186
2095
3571
-4102
1401
3645
3888
-2121
-2052
2250
-4038
1992
3199
4505
-3274
1934
-80
535
2638
-1624
-3769
-220
3332
4107
-1616
331
-2098
247
-238
-1150
-2942
-1828
-335
-4687
3519
570
831
-892
1455
-4893
-4178
1161
106
-1165
-3130
-3967
2787
-3370
-3486
-2402
-3637
-3857
1857
-4056
-561
-2305
-2100
-1834
2035
383
-3062
-1044
4449
-722
709
-3768
-1865
-2231
-1805
1982
109
-4960
-3156
-3425
32
-4048
4874
2630
-4481
-4186
-566
1898
3522
4391
3027
3482
913
-3576
-2619
287
1045
-4474
3776
-1634
-2766
25
-4802
-2446
-916
-2435
-2198
-318
-4254
-752
-3492
-2080
-1569
-550
-4969
1955
4328
-925
113
-55
370
1854
-453
102
4539
-1377
-4891
-128
-2780
1176
-2934
3560
3206
-1375
4968
4531
1689
3330
-1517
2894
4265
1736
2679
2502
3185
4640
-248
-3104
-1309
-326
-946
-3738
2243
-4950
-817
4500
2225
-12
33
3191
2397
2953
812
-4371
-272
-4273
-1982
1204
-3060
4536
267
-3706
-1645
-169
-1756
-1725
-3194
2026
2467
4019
-3688
-4198
1098
3277
3400
-1081
3569
3236
-3118
2520
-4819
-4722
-1433
-3347
-4260
-1704
3572
-1652
-2355
4201
-4740
666
-2438
3026
-1771
-4760
3483
954
-859
-4690
-4851
-88
-4549
-4595
3677
422
1576
3384
759
-1566
-2662
-4368
-111
-3797
3254
3531
-2612
-1644
-2560
-1685
4720
-2530
-1272
419
11
825
-3817
4873
472
94
-3430
-4704
256
81
3482
4373
1904
2736
4403
-4418
3835
-2175
2632
-863
2383
-414
-2172
-4097
-1291
630
-3523
990
-1637
4760
-2615
-1036
4599
3993
3507
2606
-4710
1687
3978
1323
-4571
2297
4510
2573
-3816
-722
-4842
-4849
-1278
520
-3069
-2218
2661
368
3318
-3237
-1153
-4636
-3912
-718
-686
-3014
-4243
-4850
4541
4887
-1884
-3013
-4444
-1449
-3402
-1189
-1055
-1027
-463
744
-89
-4613
-3106
3264
-3148
2589
1452
2390
722
-510
-1719
2340
4570
-4274
241
3624
-4992
3206
-3325
1702
2270
-4273
1981
-401
3295
-4538
1013
-4328
-1922
-4311
-640
-3440
-3012
-1382
1757
-4528
-4153
-4020
697
-1824
-4457
2242
-2202
-3367
2091
-3767
3738
-853
-4180
519
-3228
75
-3743
151
2121
-3678
896
-4736
-4174
413
4154
-2056
1214
2756
76
-4922
-1964
4056
2093
-2428
-324
2140
-3561
1247
-1691
4892
-337
2421
-2167
749
1102
3234
-4469
-4701
228
-4334
1832
-2990
-2647
-2152
-3654
-1664
-2106
3468
1629
-1055
-2957
4627
4735
-2137
-1949
1143
-2928
737
1366
4336
-1107
-1574
-3468
-2307
4490
3345
739
-1885
2791
643
-1742
3260
-2170
-3412
-1959
-3969
876
-4362
-2583
-2405
860
-4874
-3743
3755
1018
1548
-1104
-1628
4824
-712
-1810
-1562
2099
4986
612
-2022
1900
3855
-4853
-3953
3680
-2215
-404
-3775
225
-4831
203
1609
1179
-2643
3538
240
2375
4844
3851
610
2967
2510
2370
-338
240
3698
1009
2065
3478
-410
-1717
-42
1020
-296
4176
79
4751
-935
3574
351
-248
-2082
-492
164
1991
1574
1670
-490
1141
741
-235
-2630
392
-726
4267
2246
-560
1656
-2433
-329
4853
4331
-3702
-1418
-575
3455
-4303
4812
-2827
2206
-278
1478
1409
-1683
2028
-611
1817
3781
-4879
-677
3410
508
1858
-2109
-3858
4679
-720
2396
2816
4518
-1397
-2847
-638
1620
3611
4924
-4930
4913
1496
-4673
-3509
-4229
-3127
-3754
4372
1644
-4887
-1900
2987
-2336
1815
-1322
-1506
-4821
-4414
2243
3810
-1559
-4751
2343
-3795
2974
4393
1687
1467
-4469
887
-2031
1439
-2272
-4672
-545
3724
1161
-1357
-4645
-901
924
3643
626
2885
-1536
4283
1099
-1739
-62
1312
-2833
-516
1099
-4895
4094
807
-3129
2682
2131
-1343
-3111
-2943
2911
787
2684
2759
2289
4515
2268
-773
104
1282
3197
-2467
-2790
-3540
-3581
776
-382
-3277
-897
1572
4438
2385
-4016
-2575
-4250
-2806
3639
-1965
1838
-515
-1191
257
1225
-3585
-2990
2783
4337
3230
3948
1232
-387
4205
22
-3685
1666
-4465
1572
1953
3794
-3846
3070
3089
-4541
-3503
1013
2590
562
2479
4141
-3468
2008
4084
4840
-2691
311
-4367
-2485
3937
389
-3085
240
446
-1670
-1688
32
-792
3848
51
1828
895
-2434
-2637
3952
-828
-765
3522
3418
2726
4057
2336
1516
-1249
-2203
3053
-4660
-4373
4080
3149
-4902
5000
-2458
2177
3819
4170
3595
-175
-3238
-4231
-3587
1327
-1308
4411
-1188
-2170
-1590
382
3486
-1848
-3121
2091
-614
395
-2522
-809
3726
4826
4204
-359
2622
570
-4319
1796
-2746
4250
-4592
2093
78
-1939
227
-1715
-4637
-1916
3803
4272
2468
3589
-3601
3654
-2676
4182
4449
-107
4869
4678
260
-1796
4405
1204
-1941
1705
-3612
-2359
-309
-2586
2537
2302
-2297
-4186
-3646
-4438
377
326
-111
-1582
3006
2272
-3873
2069
-2551
-1114
2373
4785
-654
1484
-2115
4051
4012
633
-4544
308
-633
2717
-2132
3327
-4920
1640
-4133
-2019
-1614
-219
-4788
-928
1107
27
3428
-1952
-110
-4285
4450
3079
3554
3656
418
-3336
-3692
4617
4440
-154
-2169
2642
-757
-3399
-131
3951
-560
-4870
3310
-2041
-4732
2840
4711
-3115
724
-4979
2229
-315
-644
48
2771
1129
2864
-2085
-1121
-2500
3944
730
-4589
-2923
2633
3757
4000
-4993
-3170
1853
2699
-1302
-4330
1574
865
-4392
-3584
-3397
2418
-2222
-1287
-3304
-2843
57
4465
-284
-1929
-776
-4133
-3019
-3219
-546
-3204
4767
-3015
4497
1069
2866
-1628
-3246
4027
4457
4712
-1679
-4745
-3618
174
2534
4902
1206
4625
-57
-1208
4605
-3234
-4291
-3596
1925
-312
-3603
-1122
335
-957
-1093
2451
-2854
-742
4137
-430
1411
1643
-2253
3462
1487
-3791
-3158
3323
4419
2043
921
-411
-4502
809
554
-4511
-4678
-1520
-329
2494
-1419
1913
3509
-1752
-4763
1146
-4171
4130
4550
3429
-1824
-657
4075
-3926
816
-3277
-3409
-1469
-4676
-738
2425
1565
4615
4485
-4467
1564
-2705
-352
3928
-476
47
2486
3421
1647
3626
301
-2918
-406
-3761
2293
3021
-1860
4652
-809
1171
1341
4756
4846
1600
-973
1555
2402
-2575
1285
-62
363
21
-430
-3618
1341
3519
4255
879
2783
-3551
-1381
-4697
-3248
1787
4053
2771
-2867
-3118
-4634
2149
-4699
825
-3983
3834
-1983
6
3837
2475
466
3460
-402
1074
-2520
2385
-2077
-4943
515
-495
3840
1273
3229
-1418
-4541
4596
-941
-4286
2968
-1777
-1449
1478
-4917
-4218
-1334
-4552
-499
-1119
874
-3353
-4331
-2101
-1523
2639
1342
-4381
-1959
3427
-2410
4781
1470
-3234
-2039
-3268
-2835
-3492
-4955
443
-2762
-964
-2647
2029
-4574
1936
-3831
-4580
3526
2591
280
-467
-1606
2840
-3896
-2669
-2422
3379
-3678
-4744
-12
-2258
4351
-3000
-2989
-3894
1429
-19
-3804
1336
151
185
2692
3805
-2003
-3992
-1224
-1602
569
4903
1432
4086
-3721
4576
-4393
-2241
-646
3712
-281
-2183
-4244
-1741
203
223
-2262
-2194
4668
1087
1878
391
3025
-224
-145
4820
-606
4825
-2520
-3356
1379
-2354
-2880
4548
-4634
2831
1635
-4965
2233
4394
1716
411
-3476
3560
-1394
-2275
4678
1497
884
-532
3676
-4252
-1806
-222
-3176
3815
-65
-2839
269
-4720
-2111
759
-2529
2865
4010
-4851
-2820
2426
-4576
-4833
-1910
-4052
-1528
-2027
-515
-115
846
-1264
112
23
1807
-3184
-1638
152
-4323
-630
-4288
-1648
-3781
-2808
-2598
1599
1040
3451
2234
-1619
3667
4712
1099
-3907
-2929
605
1217
4110
-4617
-4558
-1962
-3925
-1292
-1713
2296
363
-4871
2596
1693
-4918
4087
1693
-81
-711
2660
4442
308
903
-600
-2722
4528
-4636
-3531
-4257
886
3478
1951
146
1822
-2823
-3009
2432
827
-3086
-3691
2648
96
244
1345
2819
3484
2069
-4440
2135
42
-3113
2177
-678
4313
-2314
4449
4702
705
-1471
-3981
-3253
3549
-4558
2437
890
-2970
-3897
203
4789
3001
290
-3128
3125
480
3921
4419
-1927
-744
-160
-4099
-4359
-4198
2112
-1073
549
262
-1445
3249
-1803
-3019
2048
3232
2814
-3991
-2748
352
-74
4443
34
2773
8
-2051
2227
1962
-3340
3279
-2719
-4750
4267
-4326
-1511
2685
-715
-632
-3585
280
-2103
-4168
-2052
-2230
4934
-1608
1968
3453
4657
2832
-2734
-3968
-445
-4433
-3936
4849
-3555
-1098
3204
687
-2584
3324
-4021
-4044
-350
4198
2205
-1372
385
4567
2070
-1845
4988
3735
-2868
-1280
1876
-4141
4991
-2132
3128
-2347
-825
1241
2052
1051
2327
-1167
2434
-860
2205
2233
-4503
-162
3248
2758
706
-2389
2256
-3992
-4570
-4171
-3511
-2711
-3627
1824
641
1919
-4286
-2094
-823
-3016
-1578
-398
1962
-4320
849
2000
-4994
-349
4291
1599
-4353
-941
2644
3703
-1281
-1856
-893
-3272
-81
-3446
4098
2950
2342
-3356
-465
3002
430
-3933
-2255
-1919
3261
2666
-2503
1922
-1161
-3371
2862
2495
-2086
-3945
1981
-2227
4575
-3041
4747
-394
-592
-1744
3629
3101
-1851
-2351
233
1114
690
4100
-1406
-1381
1893
3102
4625
-1036
-622
3215
-968
-98
-3981
-872
4518
-413
-4629
2800
1172
1203
1498
1264
-3192
-190
-256
-1469
781
-3777
-2907
-1932
2535
3694
-2848
-4924
-2904
-3504
-3485
-2495
296
-793
-93
5000
-1367
-3125
-4530
1770
-1581
642
-3606
-104
-3290
-2841
1556
-4162
2761
-4027
-2754
698
-4612
-4601
-3900
-4812
-2885
1689
-1276
953
-1548
1760
-3613
-3046
4629
-2317
-3891
4819
-812
897
-3995
-4911
-895
-93
1260
-4434
2497
3798
-938
-3750
1460
3560
3251
1234
1556
-4114
-1521
-2858
-3023
102
2229
-1825
164
867
3957
4503
-4625
-2469
-142
-1209
-1096
-1538
-4111
3564
1274
103
-2389
2677
-1644
1159
3903
1721
-3453
-1745
678
1641
255
-1927
-2977
379
1619
-967
2609
-4865
1281
-585
-955
-777
2170
-237
-4941
-4941
732
4323
3680
3349
-2693
2047
-4830
-2199
3074
1104
2599
4767
-3147
4269
-4280
-3420
-4148
-4091
-1786
-1702
2661
-1747
3827
32
1749
498
-48
3883
-3788
3694
2854
-3297
4550
3353
-2095
418
2692
-334
4962
2656
-3739
1744
1385
4932
3921
376
-2703
1689
-979
-4141
-501
-1702
-3313
-2555
-390
-3009
2280
694
-3282
971
1765
4443
2407
-1013
-2776
3827
4268
4983
4808
-1013
784
-4452
4764
2086
2371
-1420
-174
3393
-4270
1157
3654
4726
4561
-1491
-566
-4630
-3279
-2434
3491
-4328
1196
1639
4759
-3524
4401
-473
-1353
4568
-217
4653
4264
3324
3833
-420
-1229
3858
847
3231
-2526
392
3828
-4665
-100
-4880
3106
4850
-679
1991
-3323
-1802
-1731
-3205
-2572
-2696
-3625
4037
-2596
-4839
4688
1706
1760
1063
914
3117
-2198
-973
-83
-4558
1089
-695
2701
1753
-4589
4174
-242
-420
-3334
-2891
-3655
-3794
-2144
-3638
-695
2625
4068
2308
-1569
959
-2239
4753
748
669
442
-1008
-680
-4559
-1636
-4525
-4693
767
1862
-289
-910
2555
4841
-3445
3772
-4368
1104
4125
3600
221
802
4055
-3345
1303
-354
3395
-2861
-2291
4243
-4705
293
2982
-1419
1120
-3214
3967
-2084
-3385
3347
-2550
2259
2590
817
-1560
-3450
3788
-351
2031
4551
962
4889
2953
-681
-2524
-619
516
2095
432
-4737
-851
-3223
-4768
4267
-1361
-4471
4661
1705
1177
-2585
384
4447
4263
-46
191
-526
-4462
4675
2543
1349
1514
4996
636
-1382
-3691
407
3165
922
3196
1266
-1065
3917
1101
2683
4040
-1075
-3803
-345
1520
1069
3072
-170
-770
3158
-4959
3327
4150
670
-1343
-434
3036
-153
-1726
-3796
-1223
-2013
1279
-4157
-482
1225
2929
-707
-3225
744
2451
4703
45
2359
10
-3102
3076
1058
-4801
2184
-1708
1811
625
-1630
-4153
-3430
3147
-2161
3709
148
-3356
451
-1467
-1343
1096
-393
-1243
-3963
-3144
-4188
4051
2504
-3263
-468
-3286
483
-4613
-773
-2531
-1452
414
-3286
1263
-118
2522
-260
4602
-2946
3403
1840
1943
-2805
4292
4046
4710
-414
-920
3074
217
-485
4979
-3250
-2006
4059
4828
1692
-3654
-256
1723
-1911
2248
-1734
2747
-600
1911
-2544
-4306
1197
4964
2962
4966
1665
-340
-2789
-4220
-2837
4546
882
-2357
1425
663
4275
-2299
1273
-2788
-2089
1575
-1735
-4168
125
-4029
2048
1429
-2416
-566
-4492
2581
3056
-1919
-3956
3751
-4650
735
2421
4528
-314
4731
34
2049
-1620
-4630
-3778
-4032
-4964
4910
-385
4540
-3150
3442
1370
502
-3613
3441
3087
1880
-395
2293
-1534
2129
-3630
4512
1359
3740
-3520
-1107
303
296
-588
-2229
102
4982
1248
-2152
2534
-2540
-2262
3343
1447
645
4689
2347
-2538
1670
2525
-3185
4184
2784
-1915
4133
202
-2772
-1116
4095
2658
43
2627
-3350
-4549
2220
2487
-1489
3137
-316
1389
1352
-2276
3258
-4247
1484
-2945
1245
1197
-384
-4013
362
354
1315
4257
-3122
2060
735
4900
4120
2827
3853
-1079
2957
-1466
754
-4992
2791
-3183
-45
-131
1604
1571
-3765
2412
-759
4431
-2968
-2756
2484
1726
4955
-4891
-3661
4839
-1431
2220
2850
2783
4070
-2165
-1376
-4340
4220
-1579
-4655
3772
-2904
-4913
2406
-1437
3069
-3800
3706
-968
1148
-2829
3587
-218
-4683
-2515
-4262
1082
1668
4989
-2265
2317
-135
3846
2648
902
1822
-344
-2735
-2457
1434
2922
1893
-3501
4636
-1217
4731
4673
1434
-4445
535
-523
2689
3018
403
463
-1790
-2982
-1123
1679
3030
1046
-2873
981
-723
3853
-3173
4321
-673
3309
-3677
4094
-4144
2397
1414
-3961
2345
-557
-3333
-978
-1284
3773
-435
1403
-308
-1563
-4140
4262
-2033
-4217
2924
-1888
943
4353
2923
-2769
-3895
-2988
-2898
4236
-4076
4276
-2325
-2261
-2026
-2386
4
4435
3161
-515
3753
-1961
-4011
2463
4870
-2526
1967
1905
641
-1315
3784
4178
-1126
-347
3575
-4965
4561
4399
-1507
2189
931
-1639
-4455
-4332
4761
-795
-4770
490
-392
-17
-3451
4808
-4642
1907
-3961
-277
2378
486
4012
-4546
-1551
968
3240
4458
1462
-2073
-3946
473
994
-343
3142
2250
4590
-3209
4156
-2820
2591
-2385
3903
-1441
4441
1511
-2714
3704
2371
1382
4691
2047
-4390
4558
-1212
1168
770
-4877
4902
-4188
2803
4182
-1910
-2685
-711
1238
4257
-3463
-3773
481
-61
