14629
-3957
2061
1399
-4914
-1942
773
-3129
-4292
-4332
1116
230
-3332
2942
-4002
-867
2574
4985
-3493
-2885
-1914
812
-3818
-3794
4659
1893
-3418
-4531
3606
-852
-3138
3650
2421
-3800
-127
-1821
-3
52
2266
-303
-3650
4815
4543
-2554
3398
-4125
-732
-327
2403
1870
679
148
-444
-1245
-4410
1906
-866
-189
-3467
3450
3960
3545
3424
-270
-2971
1557
-776
-1279
-981
2159
1288
133
-3496
253
2801
1918
3491
1181
-1898
-4847
-1429
-4576
4701
-2659
-4449
-439
578
298
4734
3455
-13
-2615
-2707
-597
554
-3777
-3217
3301
-468
2895
4673
-34
3078
3924
-2564
-2204
-1599
4115
-3226
1084
359
-2984
-1336
1348
4015
-3641
-4437
3538
-2276
-3081
481
2099
3743
-4689
2765
-19
-3762
-4911
-4624
-3895
2582
1604
752
3140
2522
84
-4417
3386
835
1696
-627
-1963
3265
-57
900
-1235
-481
4088
3721
-69
-1266
-2873
2703
-3658
290
-4658
-98
-2394
1183
1986
-1542
-3257
3746
-4185
-2149
246
-2911
307
-2997
-3210
-1393
4091
-1868
2767
2760
-3675
-4140
3197
-2820
-2994
3789
-4584
852
-1796
-4727
3212
1375
734
-3068
3968
-303
-1267
1505
4034
-2298
151
641
-4636
3331
-28
103
312
4243
2051
206
531
-2483
-992
2502
4094
-4899
1367
-882
-4498
4697
901
2893
-4290
-3790
1984
-2853
3464
1126
4376
4330
2353
-164
-3348
-779
-4065
1841
2964
-562
798
-2565
3065
-2591
3236
-827
1034
2276
-1700
-4633
1696
3482
146
4849
1784
3086
1120
-4255
4294
-545
-2006
-4571
-1133
2214
1913
-4612
3771
615
-4735
-2502
2703
4984
2925
2515
845
883
2413
2478
1328
-1781
-4453
4192
4535
-2473
-85
2445
413
1036
4406
4275
4432
688
-42
2166
-4197
429
-2202
4986
-3301
904
-4775
-4687
4708
-44
-3447
992
3552
4490
-1583
-4308
3603
-2733
-4697
-673
1149
4196
695
3927
899
-320
-1855
-646
-515
-4178
-2197
-1313
2103
1066
982
1008
2291
-2443
482
-2081
-2997
-1790
4960
-2350
-1213
-3146
-591
-3698
1608
1249
2881
1114
-2808
-2771
-725
2198
-1585
-2295
2128
461
-481
405
-1351
-556
541
4283
3599
3299
2482
1370
-2536
4541
-890
20
2598
1774
-309
-2654
1708
-1784
-1880
4850
-3940
771
-2627
-317
4440
3375
2772
3518
790
2467
-4415
2027
-3595
-3974
2713
-3827
-974
-86
4120
1024
830
1590
-3642
1754
1092
1266
-1945
-120
1713
3284
-3309
-2654
-4230
312
-1269
129
-1899
585
-1133
4382
-61
-3948
4619
-2942
-1143
3240
-239
-3267
-2487
357
-1065
-1894
-4547
-4557
3248
4069
182
-1294
-3809
1577
-1200
1764
454
-4343
-3386
-2331
-1539
-2430
46
495
1045
4557
4282
-4006
-3799
1209
4600
944
-3789
1218
-4261
-2069
-1167
1127
-4269
2226
-581
-1701
-2769
2978
-94
989
-4597
4541
-4629
-1598
-4260
3892
4892
-2439
-3981
-1719
-3791
4981
3120
1148
-3312
-339
-3587
4174
-801
69
4591
2681
3925
3492
-1528
2054
-2558
-2782
-3078
639
-2177
3200
3340
-3081
-3046
3486
3351
-834
-257
-2851
4418
-1545
-4039
-2543
-4802
-4982
-628
1793
-3597
-1833
-562
-555
2803
1407
3453
-4865
-1373
1450
-3798
-3524
2367
3814
2500
3974
-3895
1455
-905
-1014
-3324
-144
131
3746
-4135
-4381
-3157
-3730
4493
1085
-4872
-1550
3731
-1076
3388
1561
-684
3189
4489
805
-2059
-2654
-1582
564
-4112
-2804
-150
4560
-1605
3482
-2961
-1605
-1761
-2798
-3446
-4652
-921
715
-425
-1526
4233
3312
-3175
-2970
1404
-2212
3050
4746
4741
3093
2909
-427
374
-287
-4649
2380
4841
3270
793
704
-4184
-4961
-3008
-2062
4532
825
-4978
-1105
-729
-4825
2181
894
-2760
-449
-4455
-3659
1924
-4168
2869
-3223
-3434
4202
-1094
-3592
3909
-1561
-4022
-390
1270
2925
1392
4266
4470
-515
1431
32
1825
-1838
-1087
-3619
-479
-871
2288
333
-3061
519
-251
-2533
-3663
-325
4908
-771
1778
-2814
-4315
-4959
4792
-4954
1301
375
3930
-719
2446
3826
-3194
4375
-2196
-3152
-3771
2783
-4245
4095
-3894
-3956
-1761
-3222
-4302
-4055
-4386
1825
4796
-2875
3989
-4088
-4070
-974
1464
-4394
902
3407
-1085
-762
-3066
2221
-2853
1419
160
825
-3515
1377
1859
1209
3532
-4533
-767
-4783
4917
2759
96
-4114
-4183
3170
2675
-1804
-1856
-2464
-3931
4370
-2130
4435
1150
4650
3196
-3573
2425
-3358
-2121
4191
1550
-600
4831
-4945
-4124
-3522
4963
687
-2802
397
-209
-4048
2105
4082
-4466
4102
-3471
-3038
-168
-1654
-2693
-3931
286
-4358
-4939
257
-1791
-1635
-4097
3126
-508
3223
540
-4433
-2022
2157
2204
-284
1041
3720
2519
4185
624
-3091
1293
-794
4977
4117
-947
1697
-1535
1211
-2182
3445
-80
-2211
-1908
-851
3038
-2965
-56
4855
-4644
-2730
-4674
-1615
2233
3254
4842
1510
-516
3690
3090
4542
-4513
2470
-4972
4795
2568
4706
-4024
4713
-2919
-644
-200
2044
-2745
102
-4271
2598
1866
1675
4625
3160
916
4632
4403
458
2376
-3112
3648
1532
-2301
-4727
-1323
-805
-308
1473
-2883
-1692
4267
-3899
-4683
3952
-2463
1223
-717
1920
-3828
3079
3068
3452
-1218
-2132
3157
1080
-2802
-812
3635
2053
-60
678
1972
1162
637
3151
-3573
1930
-3134
-2112
960
-2542
-4189
-1173
1325
4906
-1773
-1442
-1123
-1293
3075
3940
-1278
-25
-4182
3784
-1612
-856
3584
1839
3618
13
4276
-465
-2181
4416
4142
1155
-2597
-329
-1881
-4350
3706
-3734
-3012
-1847
2842
2912
-4126
-4478
-4600
-2369
-970
3122
-1160
-665
-3609
3960
2917
-176
-3300
-1079
-3485
2622
3718
1933
1248
2368
33
-393
-889
-3141
1728
-1205
3049
-4561
88
4031
1281
316
2099
-4711
-3965
3571
534
-2844
-4143
4633
-857
-2958
2157
-4815
2362
-1880
-2827
1680
3027
-800
-7
2786
905
-2218
502
-4150
-1872
-853
1409
-656
1253
4263
-3526
-1797
4343
1313
-1422
3693
-623
4554
4135
3564
-262
2713
-4725
1879
504
-2719
223
2499
1586
-3238
-2548
1948
-3627
-1881
1164
4822
-240
3053
4545
3191
-1850
-200
2694
278
1507
-83
1791
4692
-1405
-2476
1462
-2189
-3814
3209
-276
-1896
958
2750
-2563
1648
1400
-2366
-1725
558
-4065
-3397
-188
-3625
-3352
2437
1656
270
-4783
2616
-4309
-273
-1064
2575
454
-3929
3101
-4167
4832
4906
-3599
-2610
-3991
-1072
-4458
680
2188
1155
-2889
686
2095
3368
231
3356
733
-1525
4410
-713
-115
4172
-4969
680
4582
-2688
202
-2959
-613
4587
1357
-4445
4158
-3433
4094
176
1528
1728
-1771
-3539
1005
4886
2110
-757
-70
4610
-2759
3332
-1806
1438
3516
4232
-1114
4749
2705
-441
709
1422
3667
-3867
-4630
1559
2661
1712
2150
1579
2924
3612
-3210
3011
-3953
981
-4465
1058
1857
-437
-2287
-4502
1663
1305
1839
-2232
561
-809
2488
-379
-2347
2943
-9
1498
2954
3691
4493
293
-2114
-478
-1086
-347
-609
-4729
4915
-1571
2289
1229
1784
3707
1711
-1240
-4155
2868
-2087
-4715
-3853
1707
-2305
-2514
1316
3400
-2460
1823
2218
-4528
3500
4049
3860
-2460
-1813
1718
-3886
-2001
1032
2747
-4410
927
119
2418
-4280
265
3852
4829
740
-1957
4295
-1586
-3459
4412
2579
3571
1752
-2730
3388
768
2719
-3939
1043
1729
-4231
1359
-3967
2758
913
1191
3360
2922
-2310
-2362
-4032
-1656
1562
-3755
-3813
428
2725
-2164
3086
-2691
-1063
2407
578
-4794
2578
-1572
-4188
4550
-1028
3501
-2012
-4644
-4277
-3859
-4995
607
-1692
-658
-3115
4853
3851
3015
-971
4903
-4472
3234
-4837
-3123
-3218
3703
4816
-3819
808
-4875
-4946
4603
4312
-1412
1394
-712
-4715
216
-4942
-1843
2418
4086
-2292
2962
-1703
1356
4470
2658
406
-4866
-4968
2144
112
4598
-5000
-3218
940
-114
4321
3115
-2999
138
1189
-4238
-4963
-4055
-1220
4054
-2697
514
-3320
218
4687
-2627
-2659
-1665
1362
2322
2129
277
1254
3876
-4461
698
424
2627
2876
3715
4825
1287
1186
2970
2066
-4036
-1302
3494
2967
3854
-3460
999
-4571
-3401
653
4025
-1070
3102
2161
-3827
-2692
-4256
-4729
-4436
3061
-4411
2324
2509
-1728
2514
-4385
-1041
4407
3937
422
-1568
1249
4150
4334
-191
4028
-3120
2179
-13
-4956
-3913
-2793
-1640
-1157
-3711
-1818
2068
-2415
-2773
-2624
2557
-1737
4480
3433
-2040
-3940
819
-4386
818
3222
3984
2364
161
4298
-1903
4593
-2283
-2808
3374
-2974
-663
1876
-1976
3342
3093
3885
-4463
-2142
1408
3402
3191
-1376
-1119
268
290
2260
-4815
4258
2252
-2336
3454
-2033
-472
41
-2616
2615
-2835
2978
-2157
-1277
-4879
1391
4607
3804
4856
-3273
-462
456
3294
4775
1874
-2918
-2633
1240
3140
-862
2426
108
-1441
3741
-3032
-2889
-4958
-2893
1279
2527
-3170
508
2835
-4821
4757
-2155
2068
1474
-3646
580
-893
-1408
4289
-125
-3145
2849
386
346
-3176
1113
-3558
-3500
566
1591
4819
-4235
3551
-1654
4020
-2919
-3062
-4023
1011
-1056
4908
2966
48
3495
-138
-368
-292
-2882
-3862
2959
558
-940
-3410
-1544
3687
4080
-3086
2488
3188
4107
-3436
1023
3441
1113
-1692
-3448
4625
-4307
-2435
2114
-4262
2334
4076
-4544
-1443
2081
-4542
-681
3636
-4616
-3220
1118
-2548
-124
228
1182
-3525
3554
-4048
4589
1379
4304
4591
-3054
4512
1955
-2799
-4873
335
-2533
-1949
-3462
4088
274
-1551
3166
-3229
-4169
-3128
4706
336
-403
1801
4318
-1235
3970
4189
2916
-3594
186
-3482
-274
1860
-1137
4095
720
-1537
2246
-2664
-3530
-4733
1646
3478
-685
2773
-165
367
-793
4418
-2959
-4954
-1280
2990
3851
-1001
4300
-1877
2103
1883
-647
826
-1586
-4565
2945
-355
-734
-458
-4870
3029
3746
2243
1567
3435
-4470
-2013
1162
3605
-4244
365
-3624
3138
-1191
-2650
4281
-2397
-2952
-1736
3304
3320
3308
2195
-2454
1580
4194
-2319
-1204
4146
-885
1545
-573
2083
-186
-3460
182
-3306
4175
-3519
-156
-2878
1392
-3110
-622
2479
2893
3692
682
2598
-1764
867
4478
-2151
3245
-3711
2420
-4946
2193
504
3387
-1868
-2220
3306
-1474
-854
-2266
-1332
-3946
2640
3430
4094
3355
3899
2647
-4926
1387
2985
3682
-3037
4855
1910
-1332
-2979
203
-1267
-1454
66
1032
-114
869
-1011
-4864
35
938
1960
345
4698
4083
4041
4282
-2293
4558
-142
4610
264
2069
-487
2869
-3625
-3549
-4099
-3898
-3088
4741
-3530
4870
-895
1970
-233
-2532
-344
1737
-1689
1480
217
669
2706
-4414
-3364
1197
-2839
-2702
1193
-1644
-4569
-2105
4687
1455
-970
-2994
287
-4315
3371
-4611
4287
-4314
900
3667
1482
3024
-3880
-3978
1346
851
-3454
282
-4571
-3642
1646
-4749
-1115
-1642
-903
3786
-1653
-836
-2506
2007
-4084
4754
4109
-1260
-2252
601
-392
-340
-1072
2546
-826
1569
28
-494
50
-468
1465
2410
3982
3662
-4726
880
-632
2079
1821
4669
4490
-1078
-2755
-1181
-2700
-3468
3539
-560
41
3210
4775
4526
4380
2738
202
3139
2681
-2242
3746
1031
-1414
21
30
34
-25
-4758
-3714
533
-4813
-297
2948
-3887
4306
4515
-30
3190
4522
1147
1297
531
-509
-3910
4637
1440
1329
-3146
4451
-4926
2958
3179
-3142
-3218
2291
-4076
-4928
-2398
4085
4400
2425
2250
-3780
2560
4933
-3296
-3334
400
3669
-4903
-2056
3424
-3796
3219
439
-4204
2588
-3723
-4840
2682
-910
-3478
-1262
4903
3911
-1341
-2521
-2682
-3373
-666
1196
-977
1535
162
-4386
4823
548
-4278
2968
4822
3710
3952
-4652
2804
-2975
3349
-1442
3584
-2222
1179
2877
2860
-3167
4932
-4805
1053
-3064
-1048
-2732
-4996
1804
4662
1183
-1902
-2688
-4033
1645
-2789
-4317
657
666
-3631
1235
-48
-2160
1597
12
2214
4232
-3870
3631
3970
3740
2016
4266
3742
-2279
-1614
4799
-3339
-4968
3106
-3348
2733
-1462
-4227
2476
3991
-199
4350
3285
3362
-37
2275
2970
4546
-3812
-2627
-201
-2433
-2179
787
-4424
3815
-2532
2317
-4314
466
4796
2586
-527
-1760
-3070
1664
3233
-4228
-582
-4032
1459
-1878
2160
-2096
-4206
2301
108
2555
-2202
3049
-3658
408
-107
-3745
-641
-2894
-2053
4302
-891
-1834
4001
-4444
-125
736
-2072
-1841
-3699
-3848
379
3037
2883
881
754
4534
-1118
809
344
-1706
-1238
-2578
3731
-294
-1682
142
3014
3481
-666
965
-1556
-1564
1449
2535
-2824
4372
-1807
4170
-1353
4247
2153
3982
-1208
2695
2378
-2347
4725
-4074
-4985
-1258
-1839
-115
993
516
-380
304
-2798
-4409
-875
4651
4967
3476
-4580
-351
-3780
-4388
949
-3322
2742
4990
-4907
-1689
-4926
4231
-2195
-486
3428
-2072
1424
-2206
-4423
3418
2040
4307
-1409
2321
-1558
220
2109
4156
1263
-209
3329
551
-2445
1744
-3093
1691
4804
-2713
-2831
-878
3133
208
2577
-4773
-157
-4780
4053
3063
4414
3836
-446
123
2318
2933
648
-3363
2145
-844
2232
-4234
2663
-110
-537
4603
3054
3165
-4863
-569
-70
1430
3844
-3671
-494
-4250
4817
1787
-647
3718
-1802
-324
-4605
21
62
3312
-453
1463
-2187
3135
-2095
1176
1924
629
-3373
667
-3396
198
-1015
-775
-4790
238
169
4255
1886
99
2483
4389
-217
4479
-574
-1365
1878
-2444
216
-4783
-1141
3819
-3450
-4465
-2884
836
143
-67
2203
-1637
4110
-1297
-3616
3778
-3000
-1435
2969
4393
4416
2462
-604
4969
-1805
4785
-205
4913
4005
-3231
1847
3071
-365
-950
3327
-383
3046
3577
-184
2721
-1415
-4162
-1940
4338
-4581
-2268
-4191
964
1735
373
3020
2976
2568
512
954
4974
2242
-2428
-3626
1612
-4377
4539
31
-405
-4318
-4048
-3023
-3345
2756
4187
223
4019
2106
-189
842
4310
3835
-80
883
-4502
-2438
4847
-1277
-3233
4008
2944
-3307
-3877
2239
-4418
1823
4837
4279
-3713
4653
-3857
-4866
-2609
2748
-2103
4372
1027
3
2976
1185
958
66
-2595
-2758
640
-1142
-1402
-1127
2339
2184
4264
3676
4250
2017
-4172
115
-2506
2190
-2246
3703
1609
-216
457
-297
-1653
-3774
-3262
93
548
-1991
-508
840
234
1125
-627
1307
-3511
-687
22
137
1908
3213
1006
-1985
-4821
3803
-45
-4537
-4568
1108
-3307
2280
2975
-1478
4155
2079
445
1038
740
301
1500
-4794
3058
180
2107
-4330
821
-3663
2837
4345
475
-3509
281
4932
2576
3521
-921
-1776
314
901
1384
-3390
-1387
-871
-1658
-2175
-3745
-3164
4772
-3082
4919
2480
1557
-2171
-1827
-807
4141
4914
-3941
-1052
-978
2732
-121
2713
2928
-1152
-3766
508
4148
3369
964
-2953
829
-3538
2363
4617
2658
1476
-2411
-4127
3077
2980
-987
3725
-70
987
4906
1610
3385
2494
-276
-496
3959
4480
3895
2436
-204
-1479
1729
493
190
-4306
4348
-4414
3852
-4673
-2905
-1536
-1065
-2191
2373
312
-4392
654
195
-1592
-2060
-2697
-97
-2340
-4455
1049
449
-1652
-2391
-379
2319
3865
-4487
4170
-1494
61
3862
4204
4980
-2617
923
390
1633
-4003
4619
4217
-2286
1370
-4078
-1173
3613
-3785
-4917
-3393
-1678
4916
1148
1151
1012
1146
-1504
1528
3944
2268
1077
-1303
-3915
-2349
2001
1491
-2774
56
2506
-1452
4211
3781
1170
-4872
1289
2405
-4051
-1960
2981
575
-3174
-2370
-2494
-4861
-3479
550
-550
-1675
4106
-753
-2223
-4726
528
4345
-3036
-2307
-785
-1900
-1698
-4746
-1193
-450
3250
4470
613
2321
-3116
-3042
-2003
1856
820
-4092
-3686
4656
-2703
-4704
3110
4094
-1330
3567
-2582
3487
2783
179
359
-1103
-1026
53
-281
3944
-4183
2225
4098
2019
2014
4675
-518
849
1369
1452
1201
-1327
3084
-3688
3086
-1410
2909
4616
-2925
1055
-2832
-3136
-4026
3518
-4919
1991
3062
-3376
-3554
-4213
4324
-1381
-1280
-3692
-607
-2845
-4198
-4095
-1602
4474
4175
1143
-1106
-1502
4667
938
3455
2256
-2687
-892
4911
-2833
4693
-3753
4127
-3417
2786
-3868
-419
3738
3303
2955
-2004
657
-3873
-3250
2757
-1039
1460
3871
-961
-4277
2994
-717
-1335
546
337
-1815
464
-4361
2783
-3732
-1665
3270
-2687
-3678
1253
-2527
-2449
3360
3194
-1873
956
1219
4565
-4497
-1338
1813
1741
1668
1828
3427
3159
1624
-4883
-418
944
1283
97
-3262
3773
-4796
225
437
-1290
-4068
376
2239
-4902
1207
-3739
1370
-3410
2077
2092
3719
-3139
3052
-540
-3010
3905
-1659
3860
-273
494
4275
995
330
3528
-4176
3654
3562
-50
-3057
-1497
1122
-726
-3738
432
-3172
-4162
3233
-2667
-4244
-3068
-4033
-3262
-4090
504
213
389
-2250
-2031
455
2371
4055
-2393
-543
810
667
-136
3580
-1878
-3344
2942
3410
-3552
3112
1115
-3707
4457
119
-4217
-974
1986
-2104
2383
-3498
2425
1355
-4535
-2152
-4033
-3289
1716
4304
-340
2603
-4109
1914
2714
-4508
-341
-3550
-3573
-1460
1846
1174
1823
-648
4521
-2241
4326
3768
1529
3628
4071
3833
-28
1218
3600
-3434
-4652
-3922
307
1173
-3224
-2093
611
-1380
2504
-1009
1209
-2987
-4565
2377
-3018
-1737
-503
3337
2252
3350
-2378
342
2177
-965
-3790
-1663
-4193
-3539
2129
-925
4300
-1082
-3151
-1806
2907
-1497
-360
3870
4318
-4216
128
-3243
2926
148
-3721
-3445
3917
3366
-3357
1141
-4777
1373
1736
2276
3577
789
-2935
1516
-2328
-672
-1459
1304
2894
-2173
-164
-4138
534
-2925
-3663
1166
2040
-1606
1270
-1578
-877
3874
-1068
-4938
-4989
-4148
-4202
1784
-15
-715
-3356
4640
2566
-1123
82
-3625
-4939
-3661
1143
-1503
-1674
-3597
4837
3449
-847
-511
198
1631
-3091
4954
-1046
253
2030
335
4393
618
1015
263
1183
-4978
2959
1846
2864
-4414
4170
-999
-4554
1651
2976
2388
200
-3365
-256
-4368
-529
1650
-3
-1455
1855
-4130
2456
-986
506
-3434
4180
-3235
-3185
730
-94
4572
-754
1203
-1570
4076
-1774
-473
-4528
-3627
-3140
-2996
2295
-633
-187
3314
-1158
-1873
4820
4530
-1274
-2091
1744
-147
730
-2731
-3343
617
-4736
2119
-3924
-2381
-2936
426
2756
1532
-2047
-4129
4933
4218
-1834
2621
956
3811
-2022
-1283
-3919
-268
3308
2899
4577
3346
-4222
895
87
-4926
-345
-1408
4870
2455
-1505
-2534
-279
-1694
1272
1309
1826
-1837
-2072
-4026
-5000
1892
2036
-1453
3615
-2905
1231
-79
-2166
-2992
4605
-4876
4418
-2556
3978
-1800
-888
2889
4901
518
4855
-2182
-1
-2711
2662
290
-4170
-631
446
1554
3497
-245
-302
-3317
4408
-1185
-3423
884
-1785
-4030
-2727
-3574
-3331
-105
-2546
523
-150
-559
592
701
529
4675
-3620
2855
2952
3250
-4861
-2694
-2471
426
-4495
4741
-799
671
-3340
-4569
567
717
-2418
-46
2078
4425
2915
2288
-4850
-4627
-2518
-720
1110
-1416
2802
-4534
-768
4524
-1696
-523
-837
1432
4891
-749
2384
-3111
-326
-33
-989
-1804
-4131
4226
2920
-1701
-3929
-874
-1814
-340
-2537
3997
2875
-2883
-1066
-877
-2356
-90
3407
-4429
-842
3875
2774
1362
-3722
176
2094
1302
-1212
4047
-705
-559
-1333
-1518
1524
1384
-2022
-2242
-86
2857
-4284
-4012
2731
4862
4456
-610
-4769
-3490
-3550
3774
-2795
3620
952
651
-4633
-1178
-4210
4779
-3000
-3090
-3691
-2582
1521
-4968
-3632
4146
4544
-4545
-434
1570
1028
393
2540
-1101
-659
-774
977
-159
-4053
4722
-1533
4871
1862
81
-2830
-3896
269
252
1416
3446
-815
4710
1696
3065
-3578
177
1440
-798
-4415
1307
3235
2817
-484
3837
-4660
4697
1704
-2492
3449
3467
-2070
1886
3281
-2747
4641
-4746
-4642
-1521
-3537
-382
118
2828
3618
3788
-3525
-2319
3932
701
-3925
-4612
-1426
-155
1828
-3988
4799
4227
-3969
592
4442
3927
1943
1939
3207
2749
4827
-1438
1814
-3399
4415
-540
3548
-4136
4520
-580
-764
-3641
176
-1943
-3545
-1801
-1137
-1518
1967
-3158
-3317
3429
4469
1301
-2920
-3199
-2325
-4754
4793
2769
-4581
-3676
-3880
-4450
-3160
-3042
919
-1001
420
-1259
-3467
4980
-3596
3526
-1513
1805
20
4892
3558
-3989
3647
-2508
361
1030
-3558
4286
-1931
-2191
4280
-2217
1830
3115
-3824
-3445
3105
1707
2791
-3019
-24
192
924
1354
999
-43
-4025
-1230
-1605
-1685
-3870
3761
950
4374
3177
-2580
-1953
2703
4735
-3120
-497
2365
3199
1918
-336
3459
-2148
1178
1911
4428
-3603
-4054
-3722
-235
1005
1114
145
4910
-337
-385
-1215
4324
-2202
-2414
2763
-3291
1300
-2527
-3402
-1553
-2390
3026
17
4636
-1203
-1569
898
2055
4521
2306
-1484
-389
-4282
2480
198
3891
4643
3621
3444
-4225
-4868
-1544
-306
-4561
4412
-3922
-4668
-1901
4684
2626
-1192
-3311
-92
3589
4164
4077
4568
1602
-3324
1540
-4686
-1660
1403
1968
-2682
-1653
2544
1022
-2072
1032
2833
-687
-2335
-1396
-161
137
2595
-3338
-4500
4021
-1178
1192
-3174
-4470
-1998
-472
2193
2031
-3525
4552
-3314
3811
2242
-1634
-3292
11
2693
829
2526
-1506
3438
-4887
-2244
-4917
587
4222
-4334
-1533
-3371
3792
-1961
-2474
-3547
3213
-3976
-2501
3355
3183
-1886
1262
2028
4934
3781
2783
724
-2938
-4884
-2807
-4537
-4421
-2795
507
-3454
1900
-496
-1936
-1822
4150
-2168
3520
-2376
-4676
2849
-3550
2260
4283
-2891
-269
3878
-1221
1096
-1102
-3152
1644
3404
-1666
-1622
-2607
-386
-1598
1285
2994
-3563
-4074
3003
-2521
-4561
6
-2214
287
-4352
3464
1106
-2050
4992
4577
2968
3532
-1402
3610
4677
1780
4264
-4053
4782
-4917
3715
-2684
-4699
3472
2465
-1905
-2121
-2513
4873
4636
1873
-1764
-3171
4948
3260
932
537
-412
170
3784
2523
-1717
588
-1085
-2551
-1066
3522
3270
4578
-2330
1413
637
342
-3885
4469
-4231
-792
-998
-957
4997
-4207
-1293
262
137
1247
4419
-1894
-4039
-2527
-2289
2657
-3607
-471
-837
-2598
-4974
4945
357
-1870
2301
4962
-3853
2154
-1138
-654
3869
-1370
-2477
2241
-1245
-993
1088
-1116
2038
2729
2003
3680
2162
-3615
-1966
4923
2110
498
4323
-3730
3136
936
-4322
1626
-2526
3588
2914
-4227
61
-1718
407
2492
936
286
-545
-2177
2048
1388
-1696
3732
4847
1976
-3771
-1070
-4881
-3542
1169
-3991
-2072
-3848
-3689
2261
426
1612
3480
-2009
11
4664
1385
-2985
-793
2909
1443
-1042
2622
4741
-1296
2494
-1908
723
-1772
-4191
-4839
-4314
4781
3249
2657
-2903
2838
-807
-2238
-4427
2390
-1191
-380
277
-208
-2909
-4397
-4229
873
-4229
-1722
-2625
-2209
3952
-4463
3096
4279
-56
181
2183
-2789
342
383
1468
-4937
-2007
3023
4868
4864
3670
-1704
4665
-2846
-2432
568
-4245
-2611
4422
-4053
-2036
-4172
889
1487
3079
3291
752
-2092
-101
-4131
1820
-1149
1865
-3556
1913
-1006
1087
4413
4889
-2490
1156
3022
3147
776
-4667
-2387
-4777
-4084
1795
543
-3387
-2159
1057
-4363
286
1715
1894
3815
-1901
-3426
1911
-3065
-3277
-3681
-532
-577
-4439
-4970
2781
3078
-2436
4377
-2453
-683
-1815
-935
3216
-2302
-2211
-2745
-3808
4321
-1062
-4937
4553
57
404
-3917
4467
-2889
-3586
1055
-955
2773
508
812
-4526
-1197
1435
1382
-3305
932
1408
-4987
969
3694
-1271
-1524
3971
663
-921
-1179
-2537
1667
-4504
-76
67
3325
3123
4500
3135
-4059
988
-4431
1543
-1468
-2099
-379
1807
1341
2031
-2187
4989
-3433
4978
-3071
1817
301
2608
1549
-617
-351
2511
1318
411
-3732
-4417
3671
-676
2028
4173
-4251
4353
4149
-884
-1389
169
-75
2393
958
-1642
-1330
-4648
553
-4947
-2611
3988
-2656
-2807
-3024
-303
-2669
4423
2791
3182
-812
3852
-4468
4723
-2563
3671
3222
-1940
4648
3473
3396
4983
2786
1711
493
-4124
3592
-3081
-1951
-116
3833
-4115
100
-35
1762
523
1551
3065
-2027
3599
-3860
3306
844
-1857
252
-2155
-2622
4103
-2184
-390
3291
4506
2455
-373
4878
-50
-1715
-3075
4892
3943
4898
-4150
-1735
251
-2982
-256
-373
573
3659
-3805
4206
-99
444
-823
-4570
-4918
-299
-3853
-4161
-551
-1242
-2631
4314
4727
2681
-946
-4485
4959
-2454
-4583
-4322
3350
-1618
-1909
3425
-1161
1747
1078
4716
661
-4671
-1253
-3206
3074
2614
-4905
-3551
-4554
307
-105
-3063
-2497
-978
-1946
-2881
3968
1341
4247
-1055
-1005
193
1374
-2260
1254
-4246
-233
-834
4360
-233
-1346
4798
4763
-3330
1263
1054
1364
2871
529
1281
-4018
-3841
2794
-4538
3542
1785
225
14
-3427
1476
110
2381
3341
-1579
471
-3168
-3913
36
-3271
-442
1495
873
-2377
662
-2285
-2487
1421
-427
-1119
2600
-403
2288
4845
754
4429
4457
-2800
3640
1484
2037
-4744
3804
-94
-2774
-3525
-3663
3244
2627
-4515
2067
-1325
-3174
-3550
4830
1111
2173
4506
160
4325
-3180
-1743
724
-3639
2227
-1741
1633
-1288
2000
3795
3196
-1732
2033
702
2694
3403
-4742
3363
-2850
2344
-4326
1953
-2321
-349
-1743
3942
-4151
-1105
-3
-1549
1318
-2335
2826
-3992
58
2497
-3564
-4369
1154
-199
197
2125
340
607
-1807
3922
-4702
3274
1611
1337
-163
4821
3007
2068
956
-3370
-3345
-1011
3176
1236
779
3160
-737
116
2250
2511
-4102
3111
483
-2575
898
-447
-1065
-4795
-261
-286
1031
3064
-556
4277
4362
131
563
3815
-1627
-3834
2670
-3783
-402
-1628
-4147
2530
2733
1753
-2437
-3526
-1514
3573
-1158
-2730
-4469
-3203
2764
-637
1084
1530
-2633
302
1274
3639
4388
951
3060
-4827
3723
174
-3275
-934
-2885
85
1976
-3515
2380
2286
665
-2112
-2024
-2083
2053
3049
-346
3017
-697
2897
-4663
1093
3811
1097
170
264
388
-1939
-2323
1679
-2248
443
-3050
-3364
3327
-2103
-2426
0
-2695
-2159
-2047
1484
-4119
-4949
4509
2346
1107
4264
-246
-3772
4575
-159
3324
-302
602
2179
-1624
2728
4275
2572
-1785
4858
4614
3917
-4875
-965
435
-567
-1006
-1422
-3783
-705
2083
855
-266
655
-4604
-2404
-2558
-3573
2341
-3839
441
-4008
-2857
-3711
-2416
4560
3744
-314
3491
-4356
2405
-302
-352
3819
58
3600
4930
4212
-4645
3122
4775
3399
-3325
-2314
-1337
4579
4396
-779
-2849
2484
-1656
692
3915
-150
-3711
-546
954
-598
4444
-1497
-2473
-378
-4135
3146
-4476
1462
2775
-144
-1440
4910
4869
-4631
4684
-3066
4396
-2458
-1619
-2084
2338
1455
-1574
3549
2924
2173
-2707
-462
-83
52
-2752
3205
-1336
-1418
2207
2994
-2184
1425
-4816
-4948
12
1706
-1742
-243
-3295
-3182
3628
-2629
4019
-2302
4291
4506
610
4586
-736
2599
4145
-275
-4868
-2351
-3345
1931
-2080
1846
-2444
1492
-4385
1392
-579
4209
-2178
-1658
1167
-3126
-251
-3814
-1641
634
-887
-4770
-1088
-1897
1031
4029
-3787
-3317
954
1334
-4729
968
-990
3360
-4231
-2680
-1242
-1898
1597
-1384
-2871
-3800
-2651
185
-4136
299
2181
-819
-3990
-3463
724
-1943
3852
-4546
-2015
-1943
-3808
3537
783
-230
2310
-3355
-4921
2579
1909
2236
-1731
4096
-1008
-4578
3030
-3142
-679
-3458
612
-2409
506
-3725
-1978
-2396
2618
-610
3987
-1704
3593
-1023
-3252
3762
-1319
3098
112
4475
-193
1178
627
3203
-1780
-217
-654
-1754
4374
-2238
4883
-1002
-4798
-4302
-488
4374
4481
4136
3859
-2117
-4821
4964
-4715
2768
-1174
-3160
-4769
2949
1872
-1600
2443
1153
-3900
4185
3008
-4247
-484
223
-4648
531
-699
151
-391
1980
-4592
1726
3914
56
4826
3344
-3207
-3693
-3053
-2005
3008
898
-4309
1226
-3290
-4610
338
1439
-3470
-381
654
4226
-391
2695
1247
3657
2181
4506
-4594
-433
-2553
-4440
1118
-2287
4305
-279
-3338
2590
-95
434
-2495
322
-4503
4951
-999
885
4419
-2134
698
-2882
459
3627
-4434
-1202
-4380
-3683
2227
735
-220
-4487
4794
-4288
-3914
3881
2857
-864
1794
2930
1230
3486
546
-3589
730
-3230
2973
-3913
3901
-329
3654
2485
-4123
-824
-3918
-2274
-1542
1504
729
-1821
1809
-1203
1797
-402
598
-2658
-1239
3571
-2743
-2656
-1490
-510
4553
299
-2557
2295
1310
3941
-4938
1850
1645
-2342
3890
3715
-3821
-2363
2907
4229
-1435
-2474
-4143
3476
2548
4683
-3945
-736
-2274
3881
-885
1010
180
-4635
3296
-1868
-815
-1975
-1894
-1451
-3538
-4411
-2318
-3086
810
-3024
-41
3329
4883
3284
2046
1598
4590
1068
4050
2104
1986
3189
-463
289
-3860
3147
-3783
4232
-536
-3150
787
-567
-2187
-2411
2405
1333
-4442
-1960
1962
-3366
-3976
-4313
2925
2334
-3781
-2637
-1960
1354
2116
1825
3196
-1487
531
3564
976
-1166
2054
-3156
923
-2420
369
374
1289
3548
-412
-1761
704
-3438
2013
-4820
-1283
-2774
-475
3659
-607
-4784
1770
-3936
-2679
-279
-3087
-4334
348
-1146
-994
-2170
-3270
4193
3678
544
3482
-3003
4044
2919
1325
4786
1708
-3434
658
-3786
203
-2890
-346
1508
4055
954
-295
-2026
-3502
-1390
4420
4403
3630
1745
-1717
-4023
1212
-3148
-2294
-4031
1521
-4877
-902
4596
3181
4258
-2239
-1036
2043
3492
-4972
-4323
4879
-2057
-998
-1346
501
-3909
3928
1387
-3579
-655
3744
3806
-2639
1601
-4166
2308
2212
-91
-2011
-4668
-4234
4107
4712
649
-3456
3633
612
3355
3632
-1980
-503
-4437
665
-3203
2839
2303
-2484
4821
-1251
-1671
-3654
3333
-2880
-1595
-2101
-2770
3521
-1878
-4549
-4634
-4542
-846
-1416
1256
-2850
-4662
-4122
-1328
-4165
-2158
2163
3903
2718
-1659
2061
-958
-4748
417
4496
2136
1397
2145
-2023
1194
-407
2744
4738
3826
2559
-1248
-718
-1295
4055
4722
-4663
848
-1232
-2709
-228
3990
3951
453
1019
-1720
2829
1971
-4029
3398
155
3369
-1705
2418
-2764
2855
-4304
3336
-158
-4385
4000
-2161
-1764
1085
2476
876
367
394
1256
3662
-4078
2931
-2714
2703
-4409
-579
939
1256
2800
4982
-2052
-4252
485
-208
816
-1124
2449
4281
-333
287
1685
2410
225
-688
-519
2662
1188
841
1280
-2908
-4312
-3306
-2775
-952
-4668
-3537
3819
85
722
-3733
-1141
686
1211
-1202
-3557
4165
-3653
-4214
-2919
-4051
2414
-1334
-1098
1679
3482
-2765
-3369
-1618
918
-4609
-2662
4378
3448
-4139
2808
4820
4771
226
2456
3544
1796
-1627
-4269
4357
1645
-3580
3537
1575
4914
-4537
-985
726
4585
-2877
-861
1971
2801
-4138
-1728
2434
2692
3176
4458
-1738
-311
1276
-4448
3053
-3777
-4621
544
-3449
946
4242
-4034
3848
-803
-2742
1103
-4283
-2069
-4595
-3493
4433
4757
4063
1461
3704
1378
-722
4614
-154
-4196
-1723
2760
3038
3300
-204
-1979
4990
-2574
-4234
3582
-1047
1443
-3946
45
-3117
4604
2396
2590
793
-2317
-2384
97
4561
3434
3592
1041
4977
-923
-3988
-1650
1485
4558
-2749
-1483
-2939
3767
-2833
-228
4767
-3092
2361
-3889
-2679
-2432
4915
4048
-3188
1073
1938
551
1107
4677
2456
2422
-4967
-2699
2225
602
-1955
450
-4335
-1045
2135
-1438
1390
-564
-2964
2243
-2990
-4281
2552
-2802
-125
-4746
-4194
-1180
1093
-1211
859
-984
-748
3987
-1225
-660
-285
2852
-4510
-4762
-562
-3555
1081
-3854
1393
1148
1885
-2743
1408
2559
-2614
3262
698
-566
-3438
-3436
222
3362
723
-724
-3226
-1677
834
-401
-4454
3070
-108
-73
-1607
-4807
1605
-1212
-87
-4736
4525
2840
1400
3492
2363
1724
986
-2919
2026
-4497
3189
810
4848
-3344
748
-3093
1280
-2965
596
-4873
-2284
1347
3734
396
234
940
-4079
-2538
-4904
4619
-3090
4075
-2966
3023
-3314
3083
4917
1678
3034
-4958
-2449
2818
3505
-3720
-4834
-3444
4820
-3568
275
-1294
-2558
2865
3361
389
-3353
2069
4525
-1254
-39
-2853
1484
-3848
4386
2528
3654
1166
1759
-4550
-3521
1977
-4028
3126
4339
1716
161
-2333
1859
-274
1394
-342
4050
-4361
-623
2713
-650
2657
-1741
3324
3190
-4807
3106
-4210
-4370
-4861
-3963
-4692
-1543
4145
2976
-2475
2302
1133
-2704
-1033
4375
4832
1894
468
4008
1227
4763
-3099
4977
-3542
3957
263
-527
1116
1784
-1856
1084
970
-965
1981
-510
3577
750
2017
-4846
-1286
2733
-573
-1909
3790
-3199
3783
-1402
-1529
-1358
4360
-4310
888
-1618
-3142
1277
1075
2303
3359
-747
-342
3336
-3295
-4906
2863
1770
-1374
-1351
2973
3615
-3447
1008
-752
2591
-3941
-1273
-4060
-1957
-1008
-1505
-4249
-3857
-4571
-2794
-325
-64
-4195
1573
-4658
4646
-995
-4901
33
-1000
-4580
-153
1553
-4848
-1268
-1038
2123
4826
4020
459
-1485
-3705
-4336
15
3990
2779
-1528
3942
4260
940
-2954
-2973
-3952
-2517
3903
-4485
2702
-2942
-6
3617
-2880
-1314
-3211
-813
4352
-4670
1222
-874
254
-1499
753
-2663
-4218
1191
217
404
2303
-3407
1346
194
4177
3435
-2691
2260
3267
935
1994
208
1219
-1088
-3371
4551
-4906
712
123
4284
-1793
-1021
4117
4550
-44
-2801
3419
-705
2381
-4031
2786
-3041
-1158
3237
-2197
-3355
-4594
4615
4140
-174
-2108
-4
-2762
-595
-1040
836
-3881
-3731
4415
-2071
-2673
4139
-3255
4662
-3682
907
-3350
-903
-3680
-2465
4687
-463
4019
162
-4336
-3558
-311
-3688
1908
-4332
4398
-946
-2461
-2132
879
-3303
-2002
-2080
-3121
804
103
2925
3825
-3236
-4634
-1839
767
194
591
4906
4435
-280
4294
-4263
-1041
937
3119
-651
-2230
-2838
-4917
-1650
-1939
-1729
-443
-3090
-1429
-129
336
2346
1029
4109
-301
-4771
124
3191
-4096
-2756
483
-1714
-945
1251
2712
4489
-1497
4105
1277
1478
-4755
413
-3103
2725
-3418
2179
2951
10
3581
-2650
-4263
-1916
-2891
-2660
-1146
-4086
-1192
-81
-4026
4797
-3086
4911
-1461
-608
4972
-1268
-4501
-712
-160
1102
726
3361
475
-3732
-3271
4636
2861
-1019
3973
2306
4173
-2653
-2064
-3416
76
3882
-4035
-1977
2599
-1458
-1579
2987
1737
3350
-4260
-1728
-4568
-261
3120
-3687
-410
3390
423
209
3515
2576
3811
-1426
1271
-1365
-4983
4712
-1040
-2193
-2502
4057
3243
2147
-517
-569
-4655
-3156
-1287
-110
2562
2338
-2759
-1284
593
-2467
-696
-3767
-3364
-255
-4877
-3187
4997
-1992
-2816
1766
2109
-1837
2004
-847
-486
4015
2176
-4744
-1660
-3654
-938
4919
-4153
-3164
758
2395
-1988
-221
4764
3414
4882
3173
-4579
-4163
1496
3340
1625
1931
2819
4570
618
4440
-1867
3879
404
-512
1531
1570
-1523
4722
-1960
1580
4138
4716
400
2471
-3094
3030
3450
3858
-25
3022
-4819
-688
-4437
-2618
-2987
-3582
-3920
-164
-588
4849
4798
-3079
-2375
3715
2610
-1231
-2540
-2174
-1847
-3971
2503
1272
3862
-1910
4204
3696
-181
-4676
-1590
384
1665
-1096
-460
4644
-879
4564
-2382
4373
-3903
-567
2958
1303
-3103
-4177
3597
-3512
4934
1732
-3726
-313
-2227
-3668
1030
1179
2103
2330
-2652
1234
-1737
4860
4651
4231
1348
-430
-910
1988
-701
-3434
-1728
-162
-1339
4959
1739
1137
-2114
-432
4081
-2680
4763
1440
2446
-2954
661
-2815
-2833
-1237
-1580
1429
413
1153
-3674
637
4705
-1737
-3970
4582
-1177
-241
-4566
-2979
1407
-3097
-3544
1492
2256
-3978
2000
2990
4686
6
236
4400
-3868
67
1011
3064
2510
-526
-1369
961
1917
-2590
-3716
223
4566
-3191
-4367
4726
459
-371
-2908
-3857
3911
4016
3796
-1829
-4952
732
2981
-405
799
-1245
-2048
-2912
-3693
-3766
-3350
-712
2756
-4066
786
4365
-350
1491
3058
-2247
3314
1942
3171
3404
-2084
-4135
-2458
3364
1804
-3606
1073
-2173
-315
-311
-4063
-2288
-3733
3407
-3451
2992
2950
2920
90
716
1002
1337
3790
-4672
1635
-575
3301
4303
-4163
-803
-3226
-2601
-2942
-4704
4612
-905
293
-863
4253
2594
-1142
3956
-2840
-4416
-2947
-1982
-957
4391
4149
-4308
-3090
-4120
-4401
-51
-4010
-2827
2144
3577
524
-3256
-3747
623
2961
2719
-1690
-4987
-3068
4489
-2738
-94
-3716
-1645
-3358
3505
4606
-2343
-4410
3893
-4276
2772
2922
-4089
3529
2283
4544
-223
2130
-2282
-3624
2937
-4139
-586
914
84
-478
-340
1500
4801
-3712
2426
-3580
-1992
-414
1332
-4137
4718
-957
1068
2451
51
-1927
-3073
1932
-1582
2153
-2466
-2935
4512
4429
-3480
4223
-783
-1814
233
-4903
3574
496
-1376
-3752
-2547
779
-2213
-3569
4003
3677
3736
-3829
-1963
3053
4025
-556
1893
3701
3283
-1857
3478
2671
-3855
3561
165
-280
-2342
-3991
2489
2866
-404
4975
2654
3965
4201
-4739
1416
-2727
-3865
2518
-743
2193
1684
1544
2155
2008
222
4856
-530
-4696
2047
-3089
3305
2342
679
724
-4971
-2255
1040
582
-3475
4889
-3768
4397
-2530
1000
698
-775
1578
-2096
4132
-1191
3176
-252
-2205
1044
-4531
616
-4264
4557
-1071
4243
-1616
-4889
-255
-4795
3566
2730
2060
2628
1292
-4516
-3390
-4304
-3671
3114
271
-1627
530
4479
-4543
-4130
-1980
706
3127
2933
-4593
2429
4608
3982
-3903
-26
3688
1056
535
-3813
-4171
-3394
1559
-1743
2861
1544
451
2285
4867
2669
4211
4656
-3176
422
-4693
666
-3391
-301
2416
-4158
4287
4493
3542
-2879
297
-772
-2371
-3106
-4380
-403
-3320
538
4788
4933
609
1523
3954
-4923
-186
-2232
3143
-499
-4020
612
-2561
-2556
1650
-4975
-120
1324
750
-2756
4724
-3850
-4322
4493
-4990
-2579
2029
3410
-4697
-542
-871
-3950
-2719
-4310
4698
-2319
-505
-1825
1271
-1858
4962
-1559
2697
637
-3845
112
-2578
2415
1505
-909
-633
-3834
860
-1166
2566
2721
-3099
1707
1187
-473
-2315
-536
-2292
4199
2473
4891
-4938
3321
3889
-4900
-4750
2819
425
1445
-2034
518
2176
3599
1034
-4876
-1814
-4850
4423
-1380
-4664
-4447
1198
-96
-3375
2495
4526
-4576
-1141
-3968
-2298
-2847
-1579
549
2766
4427
-1416
-4975
-4370
-1748
4783
-2643
1423
-3286
4869
4219
4184
4468
2046
-3705
-2316
-3739
2092
180
2305
632
4066
3924
-2039
-3837
3287
4233
-551
3701
2451
-162
-1834
-2727
3776
-3447
-2781
4005
2913
-1667
4791
-3915
2021
4943
1747
-1787
4647
3821
4532
2477
1638
2
-1045
-4154
4066
-435
-1051
3740
1540
-1204
-1816
4067
3701
4878
4858
-3947
3343
1350
4090
941
2610
-4301
-4194
-763
-2476
-1731
531
-1918
2161
-4769
182
2972
2484
-2055
-120
1142
-1114
4192
2175
-305
2410
-4756
248
1283
4821
1961
4101
-1013
-3312
2256
-2543
-2042
440
-1212
-1483
4165
4481
1991
-4675
-3314
1920
1652
2906
188
3760
-3810
3796
-4819
-3547
-4287
-2635
2871
89
3017
2868
3347
590
4106
77
-3516
1951
-1324
79
-3065
2409
-2601
1685
4650
-3580
-1701
-424
4047
398
-4863
-1276
578
-137
1907
2293
-4675
1690
-118
3666
-3167
2903
-3467
3565
3644
4901
869
2441
-4110
-2100
-1561
685
-690
3016
1816
-1120
828
-1932
-2010
2463
4513
1587
2636
2398
1713
470
-3734
2153
-773
-3535
1015
-4098
4077
50
1506
-4487
-2245
-2959
-3337
3228
3253
2561
-323
2267
-1997
-2987
2505
-1479
2188
-1658
2663
681
-2543
-4552
-4869
-3100
-2546
3417
1815
1917
-4139
4500
-920
877
817
-3066
-1238
356
2645
-4284
-4040
-3988
4414
24
-746
-3585
-2694
1784
-3669
-4853
-2897
-2202
-1835
196
3338
-1292
-3220
-68
4357
4345
-129
-2838
-2923
1649
-3677
-2792
-1021
-3487
3457
-1997
-2757
184
1658
3646
386
993
-4363
1932
1374
100
-2520
-2474
-3680
516
4079
-4610
-1728
2430
-1412
-2054
4851
-3145
-4777
-3007
58
2007
-1494
-1256
-4155
-650
-1897
-4945
3469
-456
2429
-4071
2607
1524
1344
714
-215
-3707
1680
-4767
3573
3575
242
3254
377
-533
-670
-333
2809
-4686
-4594
-404
4133
-2250
466
-1314
-4222
4332
-3731
3963
1940
1807
4640
-1323
3226
-3988
2974
-2785
-1294
-1480
-1361
-3683
-4625
-2407
401
1411
3771
-1100
-1710
-1142
-1499
-4338
301
287
-1603
215
-246
3362
-1984
1839
-3275
1565
-376
-358
-2929
-1903
-1733
-3481
-1521
4051
-4871
-2512
-2676
4234
-4660
450
-4706
-1951
-1326
-2277
4465
3338
4345
3922
4219
296
2315
-4266
993
2423
1399
4754
1652
141
-1292
1957
-913
-4957
3927
-65
2560
-2264
526
540
1607
2746
1930
4814
3286
286
-566
4520
-3413
2908
-738
1005
-3451
947
-4655
2204
-3233
-3493
-825
4548
1555
-207
1046
-4486
5
-562
-1676
-4467
209
-4214
-15
-2516
4316
-2930
-4367
1122
-746
-2721
3253
3618
495
-3321
136
-3845
3369
2625
3601
2566
-3820
3316
-4495
-4857
-4789
2007
13
1977
-4689
316
2395
1453
-2681
4112
2465
-1963
-453
-3564
-3097
1038
-3197
4847
-3373
4899
-3825
-347
2152
-2561
-4665
-3645
2520
-3514
-736
-641
-3087
-1723
-4138
-2542
3493
3555
1447
-3979
-2194
744
-1215
4758
2065
1205
3881
-54
-950
4367
4797
4967
-4118
-2754
3786
106
329
229
-3125
2513
-2609
4639
3958
4491
245
-2521
-850
-174
4739
-334
-2117
2602
4928
2356
4256
-612
-3267
-2045
1920
-4695
-3179
-2363
2249
-3473
-2460
156
2496
-1376
-1540
396
4743
-3045
1104
-4264
-68
1615
-2036
4216
-2555
-2681
-1304
-2641
-3110
-572
-4686
-1783
-1821
1599
-1755
1871
-1833
-4070
-3421
3616
-367
-1956
-2829
2024
1539
1634
2450
-167
4218
118
1367
-693
-4672
1566
-4509
1553
2327
687
-3565
1567
-1754
1406
-2327
-1671
-167
-1139
1358
-974
-4213
-461
2093
-1907
-3282
-4230
-651
-685
-2908
436
2589
443
3180
4866
3995
2799
-2595
-2527
4820
-3194
-295
4869
-4383
-361
2205
3669
3024
-2374
-2519
3012
-1380
-1624
-2360
-4757
4359
864
4889
-4804
4935
1282
4810
1070
-2132
-3894
2755
-3029
4861
1033
-4210
663
-2336
4802
10
908
-1370
-1936
1729
-4164
-174
-271
4600
-2866
1061
-1423
4251
-2697
-3680
1272
1018
3318
4736
-2962
-4474
293
-3450
507
-1412
2663
-528
-536
-1623
-1537
3371
-843
-4358
1230
-1212
-3731
-2632
3901
2649
-4411
3691
211
1626
-4598
692
-4178
-3134
-33
-4159
3400
603
4397
2321
-3645
1227
-700
-749
4
2158
-3452
-479
804
4398
-4591
1431
1196
3876
2860
134
-111
-1415
-1859
3588
-2383
3245
-1671
-1461
-1562
3515
-3431
2222
973
-1612
-1605
4425
-4147
-4718
2874
2552
-4322
2738
-1430
1594
770
2101
-4909
1839
3057
-3317
-1711
-836
-988
2704
-4580
1548
2472
-4943
-583
-955
2934
3105
-787
1638
1585
1515
3396
-272
794
728
925
-1353
2072
-3550
3758
-54
-814
-1910
2593
-278
1696
4037
-1691
1851
-4532
1458
4266
-3365
-4023
1502
-3502
763
-1950
-1913
-2450
616
-1803
-3520
2326
-4763
-533
-670
-2480
-3445
-2207
1200
1903
-3130
964
119
-947
-258
3129
-4552
-3363
-2734
-1906
-3919
2703
-828
-3688
1169
2765
-2961
-1817
-1466
-3687
-575
3062
2529
-3850
3887
-4669
80
3633
2557
1709
1342
-1654
1747
4025
-4690
2471
-4846
-4422
-4186
715
-4999
-2439
-1205
1726
2171
-1041
3602
556
3805
-389
-1881
32
1801
-3552
808
3299
3390
-3163
-3150
-121
3580
-2250
-2169
3589
-420
-2444
4307
377
1212
3106
4968
3510
4684
161
4600
1283
2035
-4304
3346
-1099
2424
4815
1224
-992
-3541
2572
-1481
4651
-658
4463
2938
-3202
-2795
1868
-767
-2930
1777
-1683
35
-1766
2192
4771
-395
-2790
4916
3501
-4853
2437
-1720
2006
1484
-3160
2600
4341
712
3350
2044
1076
681
1860
1670
-4331
4485
-2487
1571
3108
-4914
924
1697
-4351
3037
-4835
-1072
-2296
4618
4921
-2384
3061
-669
-3740
574
639
316
-4456
-3941
1064
895
-634
2180
-1862
2550
2279
-2671
-3121
2314
1954
-641
3399
2283
-2042
3400
-397
-1479
-969
752
-58
-2479
1175
-383
-4150
2926
897
-4337
-4910
-2088
-3821
-524
4256
1191
-4506
1136
828
-3673
502
1847
-950
989
-607
3669
-3731
-4061
2050
1632
1573
892
3145
309
-2709
-1269
-3342
1884
-1808
1599
-1965
363
-4245
3184
1442
-2706
4813
-261
-3150
-654
367
28
611
3944
915
2101
-1366
4899
-1843
686
3088
3878
775
-2213
4887
-4024
173
-4919
-3104
4793
1172
728
-2787
1158
-4475
-519
4314
4163
643
3070
3699
4581
4716
1097
-2261
4067
-4683
-2535
799
30
-2335
371
-4035
3335
3202
-2722
-3949
-1659
-2990
-1885
-2652
-3107
-3784
3018
1709
-113
-3966
-384
2234
-4367
-4754
3315
4120
1304
3206
1036
-1571
1636
425
4719
-54
-3309
3132
-3121
-413
-2626
-4691
2744
-2951
2347
-3959
1100
-735
-4244
2680
4342
3928
-2099
1906
3865
-938
-4135
2720
1410
-4449
-2479
3891
3912
-4757
2721
1966
4209
-2787
4498
-913
-186
-2774
3803
-3649
783
-3695
616
1092
1000
1944
3027
-378
-611
-2108
-1651
3795
-361
-3519
-1762
3794
3558
3683
1211
586
-2133
-2945
-1904
4107
545
603
3287
-98
-3294
-2877
4024
2965
-4327
2178
2425
3386
2336
-4554
-4317
4298
387
-4520
-852
4292
3511
-2634
-3874
-2923
-119
3330
-4136
4868
664
-2743
4926
-2292
1891
-1694
-3205
-4756
2774
-4882
-1060
-183
2217
-3513
689
1869
-2203
2406
-339
4794
3484
3796
4902
827
3111
-4610
-150
1011
-1437
-2740
476
-2194
-2361
3524
3120
784
3338
3537
-1194
-331
-1717
-3814
-4390
-4072
3586
3389
2262
1610
-2490
-4048
-4976
-1922
-2280
3807
-4358
-2725
3534
-786
2190
-1566
-2353
-4677
4903
3181
2033
1257
-520
-4004
4959
-743
-2765
1414
-4029
3910
84
646
-649
-412
2415
-1387
3189
-4336
3143
1639
-2935
-2482
-4650
610
3141
-3642
-1553
2763
-1159
308
-4715
1708
1601
-1062
-4250
-766
-877
3838
1989
-1585
-1874
4180
1599
-558
-2236
-1065
4046
-4553
-924
3020
4579
-223
-3753
1762
2352
-14
-52
-908
-2580
674
-831
4739
-877
-2891
-2477
624
-4378
-1797
2776
1237
4519
-2087
4329
-3163
-4760
-4957
4866
-99
-3568
-462
1092
-240
2205
-3226
2504
3607
2272
-4752
-1958
-4913
-4750
1904
-537
-4880
-982
-2643
-2378
-1330
-4132
1069
-4633
597
4029
-2279
-3398
2485
233
3115
4992
-1642
-2444
-1780
4486
-3750
-1774
-2632
523
3953
-74
4542
4330
372
4170
3001
-1988
-3510
-1730
-4830
3243
4310
2250
-4308
-1615
-2473
-3625
-249
-1915
4919
-1402
1894
3146
-1195
-3123
-1380
-581
2859
-396
103
1306
97
3132
1138
-1507
3285
-345
-4373
1927
-1503
4086
-2921
-381
1640
-4543
-4604
2643
3641
4270
-2741
-4298
100
-2161
3285
-4736
-220
-4483
-2065
-2284
214
-2559
-3172
-1284
167
1030
864
1393
3684
1822
-1246
1080
3264
3671
-3679
-1679
2223
-2991
3639
-4805
-455
338
3739
3417
-4912
-1325
-4849
1978
2392
4057
-3678
-4313
4684
1789
1406
641
-2330
-1560
1858
4698
1906
3411
3215
-1813
3000
63
-1854
-4983
3538
4576
-1030
3406
-1698
-4703
-3019
-256
-493
2854
3729
-494
2256
-1971
-2311
414
834
-2041
-4006
-2061
-4415
3243
4564
-3798
-3345
-2855
1172
-1031
-4128
-1530
-4579
-2079
1109
-1615
-4922
-1876
-1306
3304
717
2435
-976
-2736
3445
-4952
-942
-4870
2272
3011
202
4044
-2376
-3671
-2623
4996
3368
2919
2664
-1903
-565
-321
-1305
-3597
3879
2552
4235
-1856
2699
-262
-3560
-1196
-1889
873
-805
-2205
-3890
-963
-3444
3415
-4006
-2224
-3247
-1231
2206
41
3892
597
658
-2728
-203
-2836
-707
535
1072
-1493
-4066
4968
3959
2272
3120
-871
633
2205
-2107
-4382
817
3888
-3726
-2081
-71
4930
672
-3056
-285
-2296
3692
3532
3574
-3027
4673
-4370
4181
2
-294
4314
-1178
2427
577
-8
-2797
2589
-2252
1668
2788
-2038
3641
641
-44
230
3885
-2496
2655
2033
-118
-4249
397
1164
-2297
3261
-2629
1059
3141
4853
-4906
-2960
-1918
-1079
-4970
3297
-1450
-2073
-264
1028
-2740
-1140
-273
-527
3001
589
-508
-3583
4567
2404
2692
4057
-2756
-258
-882
-1868
4483
2861
-4787
-562
1907
4161
-2813
-1400
-3473
3158
2823
4082
627
3496
2468
-3318
425
-959
-1406
1621
-152
431
-4815
2694
-4461
-4324
-1380
-3922
2391
-3820
-2567
4463
3699
3706
-4826
130
1226
793
-3854
3268
2980
-192
1170
-592
-379
25
-1875
-1436
-1484
-2887
3954
-2005
3620
-2661
-3983
4657
-4235
3476
3492
-389
2345
-1217
-4119
-3325
-1055
2885
3322
41
-811
-3833
3169
-1357
-287
3787
1117
-1565
-4552
-3477
-1766
3502
2925
2399
1982
3488
504
4578
2493
3226
-3294
-1410
-927
4227
-3271
2418
2644
3815
-1782
-3129
1945
-4556
-1878
4228
-690
-2316
4947
-1247
2404
-434
2897
-96
-2862
1229
-2937
747
2729
4462
1369
4266
-543
-423
2542
-4360
903
-589
-4310
4723
4211
-2112
-1176
-4766
-1561
-4093
-4294
2679
-3900
362
-3375
3870
306
-176
3198
4605
-2973
523
-3872
-1050
3039
2673
-587
2407
-2697
4177
-2203
-2124
1066
4071
-4971
-2107
3596
-4299
1096
-1443
-1353
3622
-2280
4844
-2234
1824
1014
4717
-3898
-3791
1834
3883
-1045
-1913
2797
-4942
1781
3082
-2089
-4015
2017
2392
-3842
-2073
1038
-3830
3770
3962
2683
-2694
131
4367
2394
3348
279
3059
2350
160
3508
2268
2559
4701
2408
-1389
598
3959
-4839
3519
-2514
2277
3968
-4809
3275
1537
-1063
-655
-3668
698
3145
3378
-3158
2459
-112
3190
-1038
-4396
-1094
-2295
3431
4974
-2797
2669
273
2367
146
-711
1044
-2709
-2669
1443
-4752
2208
-198
-2625
-808
-667
1933
-4640
955
-721
-21
1687
-691
-2640
-1338
346
2790
3501
-2165
-4956
-973
-3944
2515
-997
4287
4075
-920
2932
-377
-118
1825
4174
-365
4004
-3913
3573
1670
-1518
-3473
-847
2404
98
15
4638
4327
3164
1786
-2464
-2475
-1700
735
-935
-1206
4906
259
-1655
-4922
4424
-779
-2518
803
139
-3839
4291
2839
-3557
1488
-685
-29
561
-2772
-758
1835
-825
-4791
-4498
4015
4735
1405
3451
-2377
-4040
1066
-619
-2118
1253
-2919
-178
-2619
-1531
2821
-2777
-4021
804
4282
3802
1039
-4821
-3018
330
796
-3388
1495
-2351
-619
-4682
-1400
-4015
-2190
-1038
1311
-1419
1459
-469
-4991
-4808
-4555
2057
-2507
-4405
4077
-841
-4566
4703
1749
-4848
2217
2214
-101
-4861
1448
1698
2330
919
-3924
-1747
3500
-2325
1152
4855
3403
324
-2169
2770
1042
424
4810
4746
3461
-1810
4860
-2478
1613
666
-4750
-1876
4800
3279
-4756
4550
4154
-4374
2947
1354
1083
2292
2386
-2106
-3718
4958
-1622
-3650
122
-899
-2019
2637
-3145
1600
736
-1630
3875
871
-3438
4509
897
2973
-2065
2770
-3385
-3694
4417
-638
-4699
2306
-1127
1819
-339
585
-692
1878
-1349
4342
-4092
-2434
3967
-2874
1410
-1028
-3435
4485
3527
-4014
-907
2784
2407
-2391
2711
3020
2834
2036
4006
31
4581
3771
3998
-3047
2987
4911
-3149
1626
-1690
3964
4155
1010
-285
-330
2059
-4543
1775
-276
4950
1625
-2940
3787
-4113
162
-2843
-2352
1964
-854
3115
-4990
-2848
-223
1161
505
2599
3195
4318
-18
181
-3200
-3964
-1502
-981
-3782
1402
2898
-2435
4597
2529
-2899
4091
-4128
-2540
1312
1841
1348
-1436
880
-2391
3016
-1843
1549
-2367
1658
-829
-2226
3212
1254
-2006
-4614
1527
4337
3966
1101
1472
2643
3651
-833
-126
3086
-647
-4247
-205
-1564
-4241
-1374
1785
2585
4037
-4174
4948
-525
147
-4559
3188
782
4720
3544
-2684
-4968
1818
-43
-2594
3713
435
-3499
2330
4663
3006
2526
3608
1385
507
-2962
3390
-2521
-4522
3419
-4665
2081
327
-4409
981
-41
4242
3459
1952
4427
3771
1941
3015
2398
4192
4339
-1101
-3278
-219
3201
-4642
-3241
4480
1791
4251
4674
-3605
3200
-321
2578
3788
-2636
-4033
2675
-1023
-1799
-2270
-1015
1296
-1908
-2739
1349
4502
1016
-15
3705
-3325
2518
2644
-4008
4862
1675
-385
-1187
-2690
1597
-596
-77
1827
-4764
-1274
-2164
-1174
4685
-940
3136
223
-2604
-4845
3559
-3566
-2124
3887
1613
-4933
-3484
-3566
4301
328
3542
-4270
1458
-2196
-3932
3678
-1164
926
4584
-3187
2273
2514
-2336
-661
3714
-3762
-1129
-4114
725
-430
-495
1310
881
-2491
495
-1653
3075
-2401
-2128
-2630
3945
4088
2573
3827
2611
-2613
-1248
-4951
-2864
-2912
-2461
235
47
-3067
4982
4823
4822
-4057
3925
2362
4637
2588
-4442
-4760
-2264
-2490
550
4041
1308
1738
4958
-422
-3906
4804
3437
-4077
2189
-4568
2039
-1628
-2673
3868
1399
-1115
-3810
-4695
135
-300
1501
4707
2137
-3342
2294
1827
-1032
4209
-270
-1260
-289
-3836
962
-3083
2865
-3381
-3584
3596
2801
-533
142
2386
4244
989
-469
1170
-4423
4549
3528
3224
1471
-4897
4363
-4278
-4701
902
1586
-4077
-1722
-1495
-144
-4402
3098
-673
1267
-3513
1854
503
-1375
979
392
-1703
3829
4768
-4916
2169
2536
-1372
-1511
3921
2063
-731
-3123
-1568
4410
3783
4572
297
-3592
-2579
3397
-1137
-3105
3309
3451
-1371
-2831
-4029
-16
-609
2518
-3559
4590
-878
-4005
-4432
-4416
1398
3857
2120
-379
3660
-3509
-1019
3925
798
-257
4466
-3348
-2491
-811
4781
-4766
-3411
1294
2704
3958
5000
-1867
3769
-1597
3584
-629
-1524
-2759
-171
3515
3256
-4877
-61
-2433
2392
1713
-1109
-1101
2142
-4381
1147
-611
-1693
3409
2365
-2969
1403
-3457
-4307
-3027
2447
-538
4204
4079
-2422
-2109
3390
-2678
4665
4731
-4898
-261
4402
288
-1308
-277
-4972
-3086
2700
1535
-427
3007
1931
-39
-56
1531
2326
-3766
-4510
-1126
1255
948
-3833
2322
-1270
2824
1802
3145
-4284
-3145
4636
-3737
908
-2763
-2426
-3307
-944
543
3891
3836
-3135
-1727
712
2833
-1346
4043
1385
-3313
-2027
-1299
-3637
-2622
2172
-2662
-973
-2939
-4262
4341
-3197
-414
351
-3048
2219
847
16
-1979
1326
-2562
-1678
-2374
2514
-2400
-2370
2560
-3893
4907
3926
-1257
3734
2217
1802
682
1344
2951
-525
-2322
4682
4807
4376
-210
-1224
-3427
2892
1247
-3318
2322
-409
-1312
-1186
-2338
4000
-4941
-628
1917
4060
2423
2960
-3551
-954
-2279
4424
-1127
4338
4369
-3547
-4578
281
1125
695
2874
4925
1626
-1329
849
-2050
-4418
-340
-304
4559
-2599
3820
-1174
1082
-1517
-1568
1780
3909
-489
3279
4852
857
4608
-1107
-778
-4607
394
4837
-3788
1931
-3894
-4309
-334
588
-4891
1257
-2246
1630
-2935
-1680
1955
691
1487
1990
849
3217
2782
-4871
257
-36
4852
-243
-4507
324
696
41
423
2736
1873
-3095
-4589
-3115
4297
-3448
2981
1419
4117
-4560
-547
2523
4492
3312
584
4883
4443
1195
-2026
4454
3500
-95
4082
3463
2465
-1302
1145
2658
2957
3926
2647
2848
-3865
3883
3388
4179
-2436
-1910
4001
-3648
1798
-1819
-2657
-1222
2338
4717
-2026
1170
-1549
279
-1636
-4158
3856
1011
3786
4266
-397
3028
3488
4398
-899
-3050
2118
3567
2708
4477
1073
461
-4415
2310
1937
-65
4415
-93
-3298
2082
-4798
1113
-4668
4683
381
2610
-4520
1510
3298
-3837
-1304
2563
809
-2102
3419
1952
-664
4199
2858
-24
681
-2553
-1817
-133
-616
1973
-3985
-3271
-3566
-4309
-818
3086
-2303
-1898
1280
2746
-2429
4933
2502
-4866
-4974
4336
3536
-520
4227
-3330
-2209
864
-3704
3389
-1064
-3155
-1892
3085
-1424
785
-2019
1865
-89
1782
-3377
3852
-834
1366
-953
1668
-1415
-3688
-1379
3454
-501
4209
-3446
2751
2455
-4107
-1182
3682
-3327
-2072
352
630
-1550
-2656
-2116
-4562
3773
3862
-3407
766
-960
-76
-2947
1957
3933
-1974
4161
-4754
55
-1000
1107
2894
2950
-4374
1391
2221
3786
-4554
-3494
781
802
-4335
3404
481
4558
2258
45
-1671
4745
-3993
-870
-3227
4091
3972
547
-1272
-1459
1938
3659
4673
4429
4514
-682
-4656
-570
-4922
2195
1260
-4325
-3645
1464
4324
-4743
3960
763
-3552
1725
-3723
-3261
-4837
2439
-4727
1460
2022
-997
-3979
1925
-1607
1642
-1496
2004
1741
-3136
-125
4692
-71
-4451
-3960
-2238
4230
-4828
1670
3258
2161
3898
4596
-4188
-3650
3307
435
-1341
3076
2891
-3661
-1047
-3107
-3551
-2273
3089
-4016
-2430
-50
-1635
2735
-1877
3750
-2448
2357
428
878
1283
464
2869
-1564
-553
-4267
-4675
4580
4208
3088
3907
-1393
1116
-4448
3992
-1008
-2561
3535
2255
2228
1457
1810
-2643
1232
170
-1179
3165
78
-4742
1765
-1969
-663
645
2858
1894
-2726
2338
-381
911
2494
161
2639
2363
4993
-1575
-840
2168
2982
124
-1454
4591
-3689
-1767
3269
3059
1317
3671
-4026
-3081
368
324
3575
-892
3077
4574
-2820
2433
3842
-4033
-3292
-2795
3967
-514
371
4700
-172
-3505
-3618
2395
-993
4313
2438
2006
-2668
1344
1890
-3488
1003
3152
1493
4151
-2914
-1656
2161
-1081
4246
4782
-2132
-979
-3795
2019
4504
1757
266
1259
-3267
-542
-3520
-74
2657
110
200
-10
-1076
3983
1982
4425
1390
-3462
451
-3145
1269
-3082
979
-374
-4323
4380
44
914
-3042
-1678
-3781
-2763
4226
4651
-1013
-348
1726
3632
-4501
-4562
2317
-4231
2924
3103
2987
3349
-4580
-1355
2889
-3779
2813
1716
-2323
-182
1120
2079
-4742
-1035
2631
-469
-4685
-3467
3612
1777
-4363
-4639
4050
-1633
-4491
222
-1108
-4813
-3223
4068
-4333
1245
1787
-2722
4941
-2721
3455
2739
-2217
-3721
-2702
-1332
-3940
-732
-3883
801
-1222
-146
3685
710
1784
18
3301
-2180
-2549
4612
2623
-2570
328
-959
-4281
2590
-2909
-3605
-3031
1574
-1534
1418
-4803
3416
1985
4515
-3382
-3052
3210
4213
-4850
2998
1634
-3723
4528
405
373
-2546
274
-4080
2225
-3806
1539
-3150
-982
-599
-1340
-320
-204
-2992
-4768
3877
-3659
-793
-1132
-1702
-456
-3787
-908
3697
905
-4614
-852
-1740
-3754
-3352
-1510
-956
-212
811
-2074
1759
741
-2702
-2269
-1054
-1946
-317
-1187
-3483
2039
-4331
401
-4934
1991
-4482
1959
-1432
-2604
2138
-131
-1605
-2182
-1552
-3327
-1157
1106
-1813
4633
-3017
4387
1667
-270
4064
1168
1136
-2941
755
-4536
2649
1955
-1111
-2924
3496
1095
4797
34
4672
-1293
2025
3876
2310
-207
118
1157
2886
-472
-4415
-2658
-4269
-4410
3564
-3630
2998
3996
-8
-3378
-1673
2832
3529
4138
-4205
1442
-66
1741
254
-4303
-1115
-3780
1073
-4698
98
1791
1055
469
681
900
-4651
3989
142
-4356
3561
-837
-3386
-2758
4620
-84
-1708
-1035
-618
-301
3601
2761
4170
3802
-2115
-4975
-4672
-278
3971
280
3122
3980
-3415
-3272
-3419
-1243
-4189
1549
1103
4970
3265
3858
-2272
1953
-2032
-2235
4855
797
-164
1867
-1212
2128
-2151
3305
1009
-2140
4716
-2332
-4569
-3949
4832
-1735
0
-1331
3857
-2659
-749
3598
287
1983
-1528
117
1604
-3544
3944
-706
-2378
-3730
4010
-1996
-3161
-2065
-3554
1200
856
-2406
-3878
4891
2177
-1960
-790
1550
-3782
-4487
-638
2141
1834
-1491
1096
-1538
515
2367
-621
-3123
-2090
2185
4952
3449
-1489
2822
-2279
-4318
4205
4071
4219
-3635
-2214
-2119
-4719
-2786
470
3635
1098
-411
-4206
1352
1211
-2862
2213
-1495
2349
-2882
1162
-2604
-2385
-4891
-1635
1036
3371
-3859
-1734
-1816
2789
-1396
3519
-3710
-1198
3936
-1045
4770
3815
3649
4284
-3297
2890
-2556
-932
-2368
1550
2633
3417
2729
2500
-800
1301
-4431
-2037
3375
-4070
2822
-2893
1910
361
-1097
-46
4265
2380
3202
-4745
575
-144
3968
3013
-2378
-3898
3354
-2490
4192
1584
2207
-2607
4054
1458
-2555
3461
-280
491
2444
-3706
-1935
-2070
3454
4121
-1783
-288
3776
-4482
3691
-3557
1941
-1797
322
4306
-515
-2362
4828
3912
865
-4233
-2779
-164
3902
2812
-1634
843
4058
-4124
3732
-4757
395
4930
4948
1565
934
-127
2750
2644
2362
-4998
-2330
-2682
63
-465
-3557
3959
-4406
-4395
1750
4195
-2829
-4402
-4920
4894
-4403
-3601
1321
-1059
4482
-3786
4831
-1531
-2980
-1913
2756
1291
-712
-1209
4303
-1995
1413
-3084
3989
1280
-2952
2606
27
-4100
4221
-371
-4742
-571
3356
-4448
-4822
3477
3482
4576
-1827
-3656
-2013
3960
-2088
-373
229
-21
4827
2795
-2663
1035
-1791
-4413
3410
2620
1760
-4496
-170
3160
-3340
-2948
-4414
739
4315
-4483
-2239
4990
1246
4069
4348
-2906
-3935
3015
-3040
3857
1596
-1059
2578
825
-982
2502
4897
850
3271
392
-4271
3694
4563
-2243
-1014
-4552
989
-4262
1138
1600
-4479
4510
4168
-1708
3270
2399
3206
-3895
2133
-2198
-3877
3849
-386
-4192
4287
-576
-4103
2422
-4079
2184
-3792
4209
-588
-4162
3496
689
-3470
1039
182
2568
-4309
2361
-3301
-302
-1057
2648
3345
2597
619
3762
-1033
3883
2551
4212
4991
4911
-2321
1621
4500
-4825
-4600
2065
-4232
1693
-2120
2230
1020
1980
1568
-4176
-3130
4194
-631
812
232
175
3954
-767
2743
4808
-4178
2069
-108
-1021
70
2094
839
-1548
-4959
708
1842
-344
1309
-4384
2902
-2411
-4965
1884
4815
4745
-4456
3417
-3286
-799
2985
-1999
1619
-5
-4661
-154
1644
1516
952
-1312
4564
262
-3198
-4925
2611
-3425
1254
-4937
1413
-1120
351
315
-2842
-2758
-485
-1406
-2656
4829
2551
-1732
-1223
-659
-1164
1788
2357
2645
3044
-4006
613
2463
-4658
-3005
3731
-1052
4583
4385
4634
-2211
4055
3573
-2741
3604
1302
619
3354
-2717
-4396
-3081
74
4885
3370
2766
4329
3320
-347
-2428
1293
2683
-4063
1894
3688
2217
1308
800
2802
2604
4980
4694
1917
1391
-256
-4837
1609
897
134
993
857
-2027
4721
-1010
4875
2673
2229
-3977
229
4882
-2644
-3734
-1183
368
-4079
-659
3408
3442
3089
-4580
-377
-3106
75
-2021
-2376
-1167
-2768
-2310
-3084
3541
-3967
1532
-1831
-1779
2632
1479
-3551
-1702
3464
-279
-3977
1523
2002
-289
3035
-1708
-1358
3533
3802
979
4681
2046
-4262
-2033
927
1629
4024
-3626
-4888
506
-2176
-3932
1409
-2907
-161
-272
-2636
4889
-3981
-1412
847
4853
2094
-1880
124
2196
518
3144
3768
-1099
1436
-1904
1613
-2460
889
-381
3885
3913
-3071
1855
-1359
212
3332
3969
389
4358
-4770
-291
1788
3778
-1466
-2729
-1363
1968
4547
-3693
-4021
-132
-3337
2918
1372
1236
3883
-927
1733
-2690
-4792
4208
-1803
-1268
3852
2358
-4031
-1942
-2515
2631
2946
-2183
3987
75
-3843
-3612
967
-1986
826
-4729
-4951
-2120
-2736
589
204
460
-474
68
2910
-4258
830
-344
428
2816
561
-236
1187
-1026
-1674
2350
1375
-638
566
-390
278
-4738
4585
-3115
-1106
2027
-2260
2836
-1861
-1257
-1036
-1052
2280
-1722
1560
-2707
3708
1510
-2557
1864
-1091
-4674
1793
-2522
-4298
4851
4550
-3430
1123
-709
4942
37
-2540
4046
4951
1246
-4974
3094
-3873
3886
3448
1843
-2279
-2679
-2961
1602
4836
724
-2155
4312
-3186
3256
31
3440
-3317
2074
4838
796
-233
49
-1551
4453
3209
1486
-1706
-2176
-3513
-2758
-3497
-2120
-3581
3710
-1408
-4867
1528
-787
3505
-3311
1288
353
-2491
3951
2411
466
-305
856
-4834
-1679
143
3512
-4316
-645
-2549
-1031
3653
147
1909
-4170
1233
-1655
2117
2727
321
2071
-1925
2371
-514
2423
-2841
-230
-1133
-3777
-4766
-359
-2318
-4880
2006
-115
519
-2763
-1574
3730
4362
-3516
-3663
-4666
-2108
2947
3908
-2426
846
2627
1439
-2487
916
-3773
-3421
-2531
-3940
2571
1602
-2047
1067
-4893
-1342
3716
-4130
-1140
3771
2351
-2977
1311
271
-4711
-2567
-3698
54
226
40
3261
-1954
-4213
-107
-3997
-1335
2908
1130
633
4151
4380
-4167
-2164
2371
709
1623
-851
-3209
200
-870
4524
1596
4619
-2808
-1283
-1475
-3708
-3917
-2221
561
1767
-2413
-4049
560
4299
4425
-78
2700
4902
-1141
3129
1965
4926
467
-2281
656
-655
307
4849
2371
-677
1683
95
-2756
553
-245
735
-4891
-1898
4716
-1694
-847
4991
277
1012
-4071
-3052
2268
-1372
-2215
-2964
4933
1836
1354
-4738
-3201
1224
3906
-2
-2899
-3809
-631
-864
-1881
1137
388
-3915
4054
-1859
1892
4130
-34
2978
2122
1467
2016
-2756
1048
-1176
2712
2513
-3657
-603
-1236
4642
-2934
-4709
-2265
624
2058
-3894
662
2026
3112
2719
394
-4741
4373
-4484
-559
-2885
-1070
2345
-2118
2655
863
2098
2331
-4404
616
615
-3292
-4675
2505
-954
-2277
-2685
1982
4350
655
-3400
1207
4944
3612
1066
-4820
2640
4987
939
-3027
491
4801
1391
1627
-4069
-34
-2208
-3554
-269
1581
-2303
51
-3276
-1954
4441
-3187
-4351
-2715
4578
2978
4517
2110
-3819
-4203
-4374
-1077
796
-3639
4986
-4341
4897
-1437
933
847
-4825
-3759
-2315
-4834
-2240
145
-3081
-837
3235
160
-3387
4855
4858
-4460
-1301
-2203
-4244
-3640
-1614
1791
-3557
2239
4134
139
3752
-2385
-2541
1886
-1872
3908
1868
4720
-412
-994
-840
-1754
-1498
1260
1965
-1991
1803
-2115
-1278
3004
-590
-1326
-4368
1929
2766
-3392
-3690
-3398
-2585
-2482
-1871
-808
-1449
1660
2748
-725
-2886
-2402
-2502
-853
4429
1244
-1210
222
-1696
-3410
-3268
1040
-1578
1803
-305
3036
1250
-3159
-2674
1240
-4054
4226
-4911
4587
-4957
-816
-3823
854
2301
558
2248
2639
-104
14
200
2402
-3636
756
2237
3249
2503
-697
1452
-1746
2321
2596
-3017
4787
2923
-4212
4592
-1269
-851
-4617
4589
-3290
-149
826
-3202
4362
4702
1097
-5000
114
-3701
2507
4625
-4526
-75
-1661
-3171
-1214
3195
-3836
1046
-4184
-2946
1265
-2651
4281
1570
3970
733
-3481
-371
-1578
-3425
2424
-2648
3991
2468
4121
-4588
-1885
-3564
546
4156
-1155
-3807
-4485
-3054
1573
-2614
140
4492
2762
-2477
-4959
3556
-4268
-1921
2681
287
-1330
-1003
3624
-161
-4244
-85
-560
4293
-3921
2219
-3439
-628
3845
1806
-550
1159
-4647
-1352
-2986
2771
4779
1681
2417
3850
3420
-750
4071
-4336
2813
2149
3426
3476
2826
-3329
753
-1997
-1177
-2769
-3803
-1204
-3680
-2504
1364
-3339
-3734
1217
-2598
4446
-250
760
-1246
-1173
1833
-4744
-2260
2951
-1481
-2899
1306
1816
181
4665
-1092
571
4855
83
4887
2776
-798
-4531
-4919
4852
4737
-224
-2479
3153
-4809
-4346
-1321
858
-2894
-3962
-4773
-4820
-4518
4647
1252
-4265
-4632
4861
-3259
-2861
-685
2924
-2420
3177
279
1643
-929
-649
-3681
-1740
1384
-4126
1979
2503
4333
-1691
-1360
-1633
-937
1362
-4473
1975
-3246
-543
-4138
-4713
-1931
372
-641
4548
-4857
3453
189
2386
-2619
-3624
236
2150
1323
-1229
-4867
4241
-2468
-4346
21
4382
4295
4947
-525
-456
3384
-2814
-1277
-531
-3763
-2813
4037
-1795
-1474
-4694
3740
1291
2655
2921
4122
-2066
2587
-4161
1274
2651
-4201
265
-2822
-1130
-3004
2976
3148
-4958
-2724
-260
2645
-2039
-2612
-4660
4692
1213
4922
2723
-3831
1224
1944
-1273
-855
418
4469
-185
1828
-585
3068
-3214
3282
3650
1769
-4081
3087
740
-4568
1176
-113
-2328
-2404
-4376
-4430
2966
1654
3152
-1107
-1663
-3971
4896
1206
2868
648
2904
-2010
3173
-1997
407
1888
3292
-952
3595
-1033
-3870
-3909
4975
4978
-3171
1788
-4380
634
-3347
-3610
4644
3427
612
2718
-41
-1144
-942
-1561
3169
454
-3770
4343
1066
-369
-2056
-1925
-4593
37
-478
499
2316
-4007
-3972
3583
-596
2505
743
-146
-560
1798
3478
-2591
-1773
-2191
909
1701
-2953
-4328
936
-4731
1326
-820
2193
3670
-4546
-843
-757
-2941
829
-3281
127
1606
-4539
2220
3825
-1695
-4760
1089
725
1619
3940
1408
-3141
2003
1016
4725
976
1464
-3911
907
-4430
-1029
-2956
1930
-2145
-1479
2465
1052
2868
4625
-4176
-4672
1309
1018
-4725
-2472
-4529
-2393
-2516
2714
-3750
1734
-1269
-1123
2550
3367
2709
3311
4099
3433
3390
-2199
3331
3276
-4119
-4656
-4008
-38
-40
-3669
-2039
-2533
2628
398
3011
2473
-1753
-525
422
-2872
29
-3986
-3176
-4247
1099
3055
2485
-871
3082
-1487
-2408
3921
-567
-4802
3182
-2945
-1252
1538
-655
-2358
-3536
-1864
3515
-1145
-445
-2811
-4206
3385
838
-2250
3898
2928
2615
-144
4974
3504
-1539
3493
3108
-3573
-1883
261
4520
1997
-3954
3937
1351
-2238
3349
3661
4503
344
3441
-1313
-1900
-813
-2583
2996
394
2816
-3966
-1470
-3103
-34
4702
-108
-1698
3192
-1636
-4083
4720
1870
3399
-874
-647
-3392
658
-4379
2536
-1489
-1419
-4221
-420
-1108
-2997
85
3867
1593
2569
-1091
2708
-99
1858
-1315
3471
-1107
-3621
2079
-3059
3424
2544
-1531
-4268
-3306
-2701
4093
-3630
-1985
2237
2645
-4580
-3437
-4035
596
2470
4785
50
1661
-964
4436
1398
-1528
-3212
4635
1645
-1273
1091
-4764
1920
2560
1867
-1383
-361
-879
3698
452
-4966
-2728
-3126
-1857
227
-4146
-296
1067
-913
3032
457
-3022
-1445
-3410
-3901
-2285
4071
-737
-1525
-4591
4935
-3139
-4039
-2499
2374
4549
-3789
3504
3762
-1807
-543
-3845
-4684
-2796
-2801
1143
-3233
-682
4170
3728
2030
-2850
1695
-2095
-1857
-1630
4412
2399
1338
2587
-3222
-4338
-2187
774
-3428
-3732
-4795
-1166
1305
-3059
2979
1013
-2910
-2110
4213
-3811
-4759
-3310
-801
2322
-2701
-159
-2985
-3737
-2298
3518
502
-4603
1801
1852
-2724
1491
-4970
-3494
-4726
4602
3563
-634
61
2516
-3106
710
-872
4090
1302
-81
-4221
-1083
-2372
998
4852
2365
119
2855
-4113
-1575
-609
1432
715
-2188
-4328
4358
2142
3022
2592
3884
-2761
-3121
-4242
-3959
-2053
-4692
-316
1943
2222
-3495
2242
4152
4448
-4346
722
-3489
4623
2998
3076
-652
-3125
4401
-1799
-2450
1992
-4728
2635
-1079
-759
-4099
-30
-2184
-549
3827
-323
-3656
-3602
3987
2505
-4412
-1004
-3584
-3149
3860
3582
-1718
-3871
-4570
3969
1909
-2775
-13
-732
-151
-2777
-1256
-150
-3017
-2495
3839
762
4831
-3492
2954
1087
2834
2580
4612
132
1189
3596
-1746
494
1677
-3509
477
-392
-3735
-4082
-3211
1242
1541
4729
1431
-2818
82
1608
-1506
1154
-4688
357
-3574
-2048
608
363
697
239
-2807
-2003
2644
-968
1463
4296
-1922
-4054
3479
-1812
6
1882
2738
-2932
1523
3456
3489
-2712
-2585
3135
-183
-1599
-490
-3657
-1365
1485
4303
3510
-3379
-1064
-1779
-3654
-3505
3740
294
-4378
-3752
-3125
-2564
4249
-2350
-100
-2255
-4300
-2494
-2042
-1180
2049
-4619
934
2514
-1410
-282
-824
-1842
-2368
-1897
3525
4580
-3987
-361
3692
-1460
-291
4850
4518
2625
-1729
99
208
-3042
262
-1891
970
-4175
-930
669
-412
-3773
2555
1305
-313
4012
-1253
4680
-2917
226
902
-2311
1127
-3317
4970
4287
2912
3099
2007
-3144
2462
-149
-2700
3540
-4962
4950
4295
-4158
-1209
1841
-4174
79
1898
1049
2691
-4980
-2780
-2297
2707
593
-543
-1428
-3695
-78
592
2458
-3826
-546
4450
609
3341
2048
2228
-4437
2860
-47
3370
-3508
849
-1044
-2608
-300
-4292
3324
-3240
-2132
-170
-4755
4324
1492
2650
2467
-1688
301
2715
3053
-4454
-1846
4162
-4535
-4749
-4040
-1307
-271
856
1418
-578
2558
-2411
-3281
4145
2628
3784
3433
1126
4848
-1225
4540
-4019
2720
-2114
-2573
2231
1015
4295
54
-3256
-3596
-4660
-2340
-70
-3407
671
953
-652
3746
-4033
-4263
4768
1734
1535
2637
634
2551
2501
-3910
-1162
-4075
3291
-1849
2082
-3674
-1160
1028
-1939
371
-4312
3201
-1744
4784
-3916
-2699
-1560
1098
-3400
-251
641
4448
-1086
3336
1468
-4595
-1910
-1054
-2774
-2146
2103
657
877
-2328
-4249
3254
-3875
523
1806
-410
4257
3963
-2734
1468
-3612
1762
-1376
-3061
-4778
-1918
-129
-149
3215
-2679
425
-1601
2839
-1761
-304
-4424
-2260
-1422
1500
-3231
4187
605
2809
3646
-4057
4543
496
3955
3771
-572
-3665
3384
-3640
-704
-1587
2210
-384
-52
1324
948
-1952
2161
2851
-3067
-2594
252
895
4724
-4976
-596
-1657
-2395
1169
-3687
3645
4221
1652
-1219
1969
3108
-4816
-877
3421
-2180
-1716
-50
2128
-941
-1002
-1050
3082
65
1171
-1761
-3345
1530
-3976
-1911
-3489
4925
-4764
1511
-3584
-362
-4847
3653
-4525
1909
3566
-933
-3236
1665
1874
-4473
-4874
-4873
-3998
-1710
-786
-1130
-2030
-984
-2391
-727
351
-3999
-720
-526
4765
2529
2414
163
-3622
-1591
-4834
247
-450
-4862
361
2188
2212
810
705
-1044
325
180
-2388
55
-149
-1867
2089
1097
-4447
-1299
-1185
-1221
729
-616
4664
-2896
-4493
-1511
-2958
2297
910
-3912
-1124
2540
-756
-2065
-4687
1927
1972
-3316
-1692
4103
-1814
1978
507
4176
-551
1772
3745
-1293
1657
-2840
4984
-4895
-1917
-3101
805
1764
-4809
-4810
-2037
-3519
-2899
2710
4980
-4601
-2760
1886
-419
520
3566
-4391
-4147
-3490
918
417
3888
166
-1860
487
1707
-2590
-44
1219
3644
-4450
684
2086
-1744
-676
2749
3444
-2687
1178
-185
1732
-2980
1425
2926
-884
326
-3207
4509
4385
4765
962
-3303
739
2080
-3261
358
292
-4351
1744
3723
-620
474
934
-624
2377
-4954
-238
-2486
-1429
66
-3962
373
2160
-764
3309
4902
-4687
-127
-4124
-368
-1134
1010
-829
-1483
-4546
2140
-1223
-870
-2988
-1745
-3056
1137
2339
-1067
3735
-3623
-23
-4749
-4543
-2431
-4983
-509
1959
1111
-2135
4000
4826
-1664
-4714
101
-4867
-4523
-3025
-3491
75
1962
1218
3145
3911
-2246
1489
-2832
-101
4459
-118
3488
525
2966
-512
4756
-1221
3198
-3874
59
453
812
-1471
-2838
-375
1690
-495
4981
-382
-2067
-2976
-18
-2924
-4699
336
3707
-2524
4510
-2554
1510
773
-2038
-3544
-1674
-1113
4512
-4929
-163
-4777
3170
3667
3333
2805
-4668
-4072
-3435
-4985
-1888
-3083
2292
4425
2506
4104
1686
-641
-4550
-3864
-597
-3104
-2873
1399
-535
3402
-678
-1178
-2221
-1612
1287
4179
1341
-1293
-3388
-2750
-600
-2364
1903
3633
-1913
4338
4178
1363
1272
-580
2468
-1201
2344
1131
-4475
1766
4079
2079
2528
1701
1216
964
-2951
2386
3327
2458
440
517
3278
4952
-3768
4614
-3331
-3606
-1716
-2222
-3948
-2210
-4645
3623
3684
-3008
1690
-3542
-4533
-3847
1634
1881
3515
297
-4909
-3159
4844
4255
1426
4146
-1449
1346
-3526
-45
-1328
1279
-156
-859
3165
-1801
760
495
1517
4107
-4288
789
-4844
4814
1690
1175
-3476
112
2447
4350
-4423
-588
1182
4910
-524
-4685
154
-752
-2679
166
-2937
-4808
-3726
-2912
1052
1831
-1170
3878
4568
39
3824
1750
3793
73
4546
1892
-4581
4242
3294
-3417
-328
2122
-3489
1994
-4402
654
1728
-563
-2079
4131
-2981
463
-59
2148
-2913
-4768
-3917
-4768
3255
3604
412
4477
-3593
2254
-3673
-1015
-1262
3865
-2773
407
-374
2278
-4850
3656
2740
2734
4469
-1646
-2936
663
1581
216
-486
-522
3424
4448
661
-279
4479
2516
-2228
3493
1914
-1342
2611
-4913
-919
3339
-2316
-4474
2464
-4547
-1355
4081
-571
-2465
3109
2830
2145
-2463
1918
-4441
4522
2274
-2823
4225
-2305
3034
-480
607
-2439
805
1435
-100
-3463
1998
-4934
-3807
4105
2622
-1973
-542
1957
4567
-3361
-2384
437
4838
1861
-3045
-3103
-3927
3724
1825
-1360
-4723
-2362
3800
40
-2762
-834
-4024
-1301
-4309
1295
3119
-2008
-2770
-737
2981
889
4368
-3273
-2219
-2923
-2274
-765
-4635
-2914
2244
-882
2986
-879
4543
-1973
-4406
-303
-2716
-4604
-2996
-438
-4197
-4444
-1216
3814
-1715
5000
3902
-214
3141
48
943
-3697
-3031
-4411
779
-58
-1098
1164
3690
-1745
153
2923
-4231
3789
-2922
-1457
-3409
-282
4955
139
1992
-667
4060
-511
2114
-3813
-2367
-668
-4036
1352
-363
-1330
3471
-3538
1846
-68
-4967
-3532
811
-2896
2103
-4245
-1467
907
-2130
-271
-3564
-1821
-2666
-3839
-2213
3410
4845
-3347
-399
-3667
4739
-4816
1285
3571
-1967
-4316
583
2282
4161
3889
4955
-1417
3891
2493
-3776
778
-3149
1096
-2807
-2287
-1847
-1155
-353
96
2997
2992
4234
-222
-1448
4275
-3382
-256
-2293
-3005
3945
1703
-657
4443
4363
4875
1301
105
2233
2919
418
4902
361
-3072
-2679
1319
-4895
-2418
3486
-1410
-66
-1445
2183
-4314
-2760
2568
-2628
-4562
3892
4185
4232
2659
-1507
4009
3368
-3667
-409
-3042
3862
1874
2328
-4562
1129
2544
4791
3975
-3739
-2317
3594
276
-321
-1535
2943
-925
-4679
4884
-3018
4214
-908
1605
698
-3581
-1630
-3104
4065
1805
2811
3789
1054
-4441
3109
-4401
4552
3353
-1405
-2523
-4451
1419
4730
214
2300
3648
4017
-50
-4989
786
2560
3119
-4154
-1199
-818
2539
-2183
3418
1985
582
-1501
-864
3159
780
3537
-320
1298
3616
2475
1414
-640
-4719
1376
-541
195
2504
262
3991
521
4534
3569
-1882
-4109
2044
-4525
1933
-2436
4052
-2032
-4274
-2688
1707
2560
-2115
-3737
-4276
4120
4181
556
823
2847
-4199
4421
1478
2368
283
-4924
1964
-3743
1538
2427
-4218
3461
2870
-2072
-4266
-1157
2748
2660
2741
-75
538
4241
1328
1193
-2609
1563
3765
-1266
-2591
2266
1169
735
526
4415
-2039
-3285
-2831
924
2799
4941
3477
1716
491
337
-3223
2862
-2086
3963
-931
2725
-3439
-4629
4215
-3504
-3978
1784
-2928
-304
-817
2456
3587
1588
-2982
-1671
-1623
-1043
-32
338
107
2126
4147
4492
-798
-1006
2240
1399
4904
-1032
2630
3135
-1000
-1117
-4044
-3266
-3313
181
2901
1644
-1900
2412
2198
-730
3935
-3467
1537
-605
-1189
-4088
1002
4001
3907
947
3308
-1430
412
-1237
3814
-1627
-1639
-3354
-2866
4024
1553
-3960
2388
3636
252
-652
4976
1283
1617
1901
239
-4010
4523
-1068
2276
-885
-2052
2445
1969
4680
985
-2916
2507
-1841
-87
1345
1128
4235
1963
-2514
-419
-3272
-1311
476
-1813
1411
4525
3017
-4703
2535
4245
2511
-647
2799
-4401
-3163
-1086
-4570
-2924
-266
1561
2351
-249
2393
-235
4351
3890
-283
2567
-4880
4461
-3179
4694
-1776
-271
-3978
-194
4120
-2114
3387
-1108
-1423
-4532
2827
631
3303
3695
842
1777
-198
3826
4348
2748
-4496
-1588
1921
-1852
4065
-664
-2338
-4547
-1454
-817
1154
-3515
702
-2379
-3477
-2841
3188
-2290
4747
1646
3149
-265
-1471
2092
3657
2234
4878
-2286
2883
3132
-2439
1016
511
-1846
-4725
3361
-1461
-1548
4084
-3390
-528
-2866
-3056
-1030
1341
567
3143
-4557
4560
748
3359
952
2336
3149
-4033
-1954
-4964
-2046
-2537
-2458
2888
2497
-4736
-4913
-754
835
1506
-1578
-2309
-756
-1199
-3607
345
1839
2297
109
-22
-2323
3988
2436
2242
2290
4779
-4997
-2774
187
2341
-4375
2601
-907
3567
3313
-1394
-4599
-4639
379
-4783
574
1116
-4971
1977
2040
3600
647
-3826
-4123
-1942
-4943
1980
1230
3240
3270
-2004
-699
-4105
1430
3068
472
4206
-715
4581
-194
-3068
3053
-576
-548
464
3542
2135
3538
3609
-3460
440
-2556
1050
1749
634
-3821
4704
-3678
-219
3700
657
-4331
-4010
-21
1664
3060
-2854
1599
3152
4578
-1613
-4977
4676
4734
4497
-2420
-4952
-4202
-1102
4051
-1803
4022
4436
-2685
-976
-4716
-1434
-1097
-3970
-1610
2952
1441
-1218
-472
-3366
1369
2519
4417
-4614
-2775
4710
-1534
-4923
3561
1075
1402
200
-3103
-4135
-4848
776
-4051
-4005
-4718
-2379
-1298
-3623
-1716
-3538
2093
436
2437
-4122
-3986
-3040
-3718
-3366
1354
-1910
1755
2718
734
73
-253
3803
-286
-4986
354
598
-1166
3021
-4290
100
3876
-67
-2142
-1565
3203
-2600
1933
4336
954
1152
-4430
2176
-1670
2750
-907
4217
-4318
119
2252
2157
1908
-4472
3039
-4395
3199
2846
1031
2610
74
856
-4896
-3243
-4182
-4788
-4831
-3517
-3846
-2745
4540
-3976
1491
-3507
-1382
4005
-4674
3553
-2598
2251
2575
3716
-97
-2051
1353
1390
-2282
2808
-2734
20
-2675
1102
425
-1593
-4426
-1599
-4518
3781
2396
-6
2264
-732
-4599
-395
-2791
3657
-2620
3159
-3297
-712
-4137
355
-3809
2214
135
3258
3550
4769
-2046
-3920
2791
466
4532
-3250
4190
4039
1935
-4452
-2445
-2994
532
-696
-2861
1285
-4334
-1519
-758
2494
2420
3899
-1311
3120
4801
-4218
2730
3722
-1546
-1284
-795
111
1124
-2913
1881
-1842
-4159
-290
626
7
285
3496
-4659
3377
2196
710
1648
257
-2682
-4944
411
-3842
497
-4331
-4095
3494
-2198
2986
2928
2071
2512
4498
1259
-4533
3938
-4412
1239
-4317
-1520
813
-1036
-3016
-3797
4295
-106
-1062
4250
633
-3772
-2786
-2386
707
340
981
4592
4538
1185
-2398
2764
2101
-3344
-3472
1373
2496
3108
4544
-3084
-4511
-1305
-511
536
-4322
274
-2019
4703
991
4670
-2204
581
1749
4977
-551
3831
-4077
-1139
-61
743
4781
-4981
1879
-221
135
280
2684
1323
-1264
4698
4032
-2809
-482
3040
1492
1405
-2019
2772
1838
-3964
-420
4933
4767
3919
-920
2970
-778
-40
-1952
1100
-1712
4978
-2978
-2966
-4047
4248
-4929
-812
-2752
359
390
-3393
4092
-3922
3744
-1841
129
2302
-853
1904
4388
1173
3719
80
2005
-66
-1296
-3298
-1006
-3450
135
-1204
3238
-1952
-2592
-2466
-390
2794
-2451
3727
3835
-3530
-2658
-179
-4391
-444
154
2659
3544
1610
-1353
2227
4500
-4299
260
691
-3347
-3101
-2624
-4051
3021
-4280
-4702
-3140
-3322
-2152
-1918
-3670
3257
-2894
3886
2338
322
4414
-3137
-3143
-875
-124
4114
114
3500
-4039
-3861
-2284
1997
-2803
3261
-821
-4401
2383
-2950
-1094
-2438
-4246
4142
971
3306
3969
-3956
4210
3541
-2190
-4668
-4074
-4337
4082
1777
2027
-4652
3528
-2248
1395
3175
1227
-1049
-1061
2368
-481
268
-1349
2578
3409
1269
-2091
3877
2172
2086
1047
359
-1497
130
-1244
321
711
4546
233
-120
2496
-3017
1342
3418
445
-3131
-2198
-2642
4929
-3952
-4423
2885
-3496
1991
4631
255
4546
-2845
-4172
2744
4686
-2935
-3810
842
4016
-376
2781
-4340
-4681
-3152
-719
-3387
4747
-1116
-2200
336
-411
610
3749
-2897
445
-1878
4699
2164
-3525
3046
2645
-3095
4485
-638
344
1159
-1110
1619
-2087
4168
-2052
-360
2309
-3175
2651
-3801
-2245
-309
-4168
-134
219
-3704
431
-3509
-1947
-482
-2898
701
4928
1137
4693
697
-1892
3467
3720
-4990
-3093
1005
-3448
824
3274
2539
-3722
-2054
-3542
-2810
659
-453
4045
793
-2057
4343
-4337
4468
4557
2477
2165
-1062
2652
-3701
-2717
-3839
-929
2655
3205
3441
3343
1367
1438
3223
1257
-436
2214
2883
-3824
4113
4910
-1612
287
-4919
375
-4463
-2193
-240
-4574
3748
4443
2898
-2856
3890
-2198
2926
-2490
-1359
687
4335
3112
2220
-412
-522
-2284
-140
-560
-324
4061
-1224
-1694
3114
-2165
1256
1945
4889
-1341
832
950
-3004
3269
-4890
-2404
1819
-2846
-2487
-875
-525
611
-2322
-4940
-2628
-566
466
-1940
-3438
1776
1374
-4134
-964
1999
4366
-998
2067
-675
-3088
3316
1956
-1992
4150
-3561
-924
395
-4007
1598
103
-2250
4784
326
-1639
177
4268
-3831
3665
-4793
281
4587
-2695
1252
-625
1599
4301
4433
-1451
3983
-4989
863
-4950
-1904
-280
-514
3229
1678
3312
2486
-719
349
-4221
255
-2773
3849
-3177
-38
1764
-1623
-1946
3314
3804
4572
-4873
-4665
-2676
1615
-1605
3384
520
-4197
-1669
45
1413
-93
1121
129
-790
-2844
-2621
1323
573
4615
-1602
-3702
1362
-2820
4118
-2632
-2701
-3489
-4774
-2682
-4428
-3401
1603
2314
-3591
-41
2788
3096
-1000
-1302
4445
4660
2594
-4897
1194
-1797
3479
-2270
4116
276
1883
-2633
4933
-3985
-1682
-1529
-3809
4598
4134
2252
579
-467
383
1860
1257
-1242
1312
-2326
-309
3583
-3095
1921
4089
-4599
1860
-3660
-2749
4780
3308
1116
4484
-3947
-1404
-4970
-3163
-4385
-649
-3037
-3868
-3815
2158
3216
-2851
-4092
118
-4001
-3553
-3797
3340
-753
2816
-1927
-3800
2552
-919
-743
-4916
-2030
827
-3600
-2018
-1956
-3023
-3096
2223
77
2052
-13
-4896
-2000
3613
-3656
2418
3133
2960
4721
860
-2117
-3822
-2037
2033
751
2168
2034
-1687
-120
-4273
325
1936
-4613
-595
-3291
265
-3074
4980
-1713
-865
2131
-1715
-2700
-3951
881
-4900
-4526
2484
645
2018
4806
2816
3581
-4072
3573
-4608
4009
1853
-4478
-264
-3761
2280
-1800
4049
-1847
-2394
1721
-3223
-1907
2123
-1477
-2351
-11
-3291
-209
-4412
4121
-4436
2066
537
-2118
2918
-738
4230
-4933
3381
-2710
-4128
3823
4532
4687
-4116
-4377
3014
1839
3074
3854
-580
1457
2057
-1498
-4193
-4026
3633
-1962
-158
-622
1038
3384
3723
-273
-3608
3587
3324
719
3150
-3510
4484
-4080
3923
1014
-1350
-1452
-691
-60
-4927
3326
4020
-1928
-4987
-1990
-3892
1145
-2141
-4598
3268
-3541
-131
-1137
-4516
2030
1703
2956
2721
-1958
1944
-3839
2098
-3670
-1619
4234
3051
-3366
2045
497
968
-3745
278
-4474
4887
-3032
3031
4562
3782
-3240
2129
717
2546
1121
-4694
-2113
-3480
616
-4731
955
53
268
2023
-1168
-1164
-2967
546
3049
2406
1317
-2402
-1963
-1745
3207
3681
2751
1513
995
4786
4476
600
-4823
-560
-1038
-2393
-3318
-3701
3153
-892
1353
-1107
-2771
-1507
-4146
2443
-3352
-3698
2126
3406
-2942
-3542
-4564
-2106
4627
4281
-3463
-271
114
-1611
-3439
609
-2784
-3659
855
3107
32
-4642
-4052
-2147
1568
-2187
-3187
-2096
3481
4764
-4761
-1320
-3490
-3976
-1103
3717
-2270
3757
-643
1593
-4737
1274
1442
-3217
1682
137
4255
2722
4783
-915
-847
-2148
4123
2106
2933
-4851
4155
4033
-4017
4751
-4841
1224
-4355
2781
1215
-249
-749
4254
-4337
1560
-1809
2068
1615
1958
-2415
-3579
-1660
3435
3462
-4135
2021
2146
-1721
2356
1768
142
4201
-1858
-3457
-1243
-4571
-4890
1415
-311
-427
-2329
-1309
-2010
2861
4068
3557
-2340
2665
2488
-1088
-2831
-1495
2624
-1247
-517
3065
2952
-4607
-1761
-3948
2121
-1091
-4300
-1803
2106
3738
246
-135
3351
-4784
-1854
-3720
-1591
2981
2408
-4623
4393
731
2585
2161
-1048
685
-2325
-3872
4390
419
3488
4827
330
-4692
-366
4393
425
-2840
3184
-1273
-2356
-31
4548
-4093
-3393
4390
-2067
2093
-1392
3253
-443
-2891
-341
-681
-3295
2448
3700
-450
1411
1355
-1698
2125
701
4415
3326
-739
-1394
3173
965
2398
338
-4985
992
3738
-1020
1977
-4926
3009
-2409
-3438
2741
-3533
-3614
3211
-4577
-2674
2448
4142
3440
-819
-1336
-3346
88
-1786
-4347
-1188
3090
-3376
-838
-4821
-3943
740
1049
3715
884
-1785
4089
-4323
-880
1885
4653
-4669
-1195
-2981
1878
1589
-2625
-2512
-2099
-2269
4038
-4918
681
3180
2450
-843
1374
155
4096
945
-2766
-1721
-4937
2466
1919
1252
3217
3479
4278
3791
-839
4183
-3268
-417
-4922
1044
-2599
2940
1855
-1666
1793
861
3083
1142
-3475
2536
-1133
3650
-2351
1114
3529
2610
-4775
761
496
-848
2037
1227
4976
-2091
-4843
-3279
-2620
-4244
-574
-241
-1229
3432
4627
-3080
1277
1600
-1656
-2881
-831
-4637
3380
863
-4979
1005
-1666
-803
-4656
-4645
4542
3116
2488
2588
-1585
1385
1872
-4723
1448
1916
3340
816
-4587
-4042
2904
3031
-1593
-1589
-3965
611
2902
165
-2307
-1747
-2058
3373
2266
-3394
-1324
-3399
2795
1998
3923
3612
-934
1132
945
4646
-4726
-3657
2975
-4814
-367
-3342
-2020
4122
-4952
2618
1619
4705
-3576
1084
4483
2748
4881
3116
2409
-1633
4282
-4755
2143
-4532
507
-3931
-3508
1005
-4465
-2015
4897
-3218
4472
1053
-1368
-2872
-499
-4445
-1946
-52
1808
-3553
3906
-2802
1805
4564
1467
-1297
1291
-398
-2587
-1717
4088
441
-2546
4935
112
752
204
-34
-2688
963
427
3573
-2297
3584
4494
1750
1093
2860
-2211
1270
-3796
-883
-3870
2007
-3854
4435
3764
1339
-4023
-524
-2041
175
3778
-4554
-128
4984
1928
-783
-4333
-349
-1225
-3816
4825
-1358
-1927
1752
1228
-3202
-2495
3173
3047
1710
-3678
-2507
2858
660
-2399
4995
1157
2395
1911
3213
3521
-1386
1779
1075
-1715
-3262
4148
-3889
-4698
483
583
-1296
-2814
-560
-411
-4974
-3387
-879
-3092
46
4325
-1695
4692
1555
-440
-2571
1568
87
-3117
989
-731
473
1901
3046
-2609
4658
-4105
1487
-3191
4382
1242
-75
-3772
354
4211
3700
-2594
3997
2779
-4719
485
-3052
1771
661
444
-1702
-4742
1102
1930
-4751
2334
1235
-4875
-2442
768
-1606
740
3738
-2427
-4520
826
552
-3655
-3696
-4782
-2468
3111
3650
4965
-3142
3590
567
-2197
-4410
-2134
1940
-1209
1682
3864
1634
3232
-3768
56
-129
3871
4435
3708
-1277
1647
-4635
1481
3820
4159
-3568
2874
-1736
-911
-4067
-1127
-1752
-421
-548
3650
1779
2748
46
880
1515
-4709
3993
4376
-559
2747
-4718
-1020
4097
-2223
115
-4363
2679
2993
-725
-1516
-3924
-609
-1282
1018
2920
3350
-90
737
-3185
483
-1643
3711
-169
-1822
2102
-2193
-850
-3603
899
-2774
4470
-2951
-3948
-4061
2840
-3585
298
3539
-1777
-2460
4179
3893
854
-2062
1752
-1133
-4647
-2747
1324
2985
446
-2948
-3985
-3783
3884
3381
1397
-2133
2572
303
-4798
3254
4991
-1936
4381
3373
1193
-3581
262
-564
2624
3481
3430
-3685
4400
-1324
3843
250
2341
3063
-2402
-2145
1640
-3390
1561
-3348
-3830
-3762
2078
4351
4716
1685
1844
-4390
-1348
2150
-2351
443
3128
-2187
-3356
-3002
3238
-2935
748
2991
-2538
3904
3578
-1031
1889
3532
-4911
1799
-3945
-4666
-1442
607
-2746
-808
1736
-710
3988
-2323
-1229
1597
2177
-3012
2308
-251
-2913
4432
-1919
3293
2418
2503
-326
-2574
-769
4590
-4687
-3903
1020
-4994
3911
-1062
1015
-4757
672
1539
1778
-4479
-2429
487
1629
1252
3390
-3780
-1181
4838
-3623
3269
-3066
-3909
-3498
-4693
-3880
-1020
2851
-175
-1399
-1287
-158
-1959
1228
-2917
-2820
3564
906
985
-4822
-4561
2829
-1800
944
-4867
4551
-3975
3539
-2662
-2879
1107
4883
-767
2572
783
-4274
-901
4194
-4110
-2268
1124
1905
1049
-785
-91
2741
4702
4902
3487
930
4064
-4790
-4267
-3189
-4295
441
989
57
4378
4706
570
-1112
-775
-3179
4183
1623
-2655
911
-3635
835
-1456
-3421
-3763
2420
3133
-2865
2045
1000
99
-3450
3076
-1134
-68
-3694
1688
3578
-1728
39
634
2805
-311
-4316
-4162
-448
605
-4033
2156
1650
3487
-2895
-212
4520
-915
-3946
-691
2365
-1113
-2943
-1802
936
-2761
-3329
989
-902
-2884
-3225
-3980
