10120
4023
-4093
4915
759
-3145
4914
-1513
-2970
-3836
-868
-3856
1861
2451
-376
-597
3054
1
4212
1512
-3097
1720
3945
3953
-2115
-1020
-401
210
-4195
-3037
1823
-636
-2048
-2477
3573
-2710
-96
-53
3958
-1230
786
-3949
-3477
-3047
-2
-4757
-227
4685
4883
3985
-3624
-4049
-2786
3123
-3110
-3734
4677
-1191
1568
-888
1548
-516
-1078
-1590
762
1861
4472
-887
-4594
1439
912
2527
550
2997
-1128
1311
-544
4769
-4449
4711
-4784
-2681
-3860
2505
3162
2981
1124
-1803
4146
-3429
-454
2920
2606
4437
4448
1412
3280
-839
3779
145
-4995
-1990
4243
-3704
-2778
4338
-2400
-1824
-585
368
-2892
2524
-36
-1306
539
-1088
-3301
-3651
-1769
-2424
1667
-3417
3929
3787
-2341
847
-2925
-2846
-132
-1681
2551
-1983
2466
-845
3326
1136
-4925
-4375
-2505
1579
825
-4665
4350
2764
4740
2028
2250
-1298
1049
-279
-4717
4916
-2318
-4450
1363
169
-3577
-4931
-2594
-1620
1330
4742
822
-4831
-93
-4149
1622
2810
336
-1898
-3507
1646
1818
4200
-2757
4551
-4218
3342
364
78
2938
-1602
156
-1281
4048
3522
4770
-465
-1720
-1166
-647
-1538
2042
-3027
-2027
-2932
3142
-45
-127
3912
-729
-1655
-104
-2024
-4567
2249
-4054
1059
2645
-3360
1172
1406
-2622
-4932
-1564
-2454
2215
-373
4682
577
-2093
-4703
2165
2993
1760
77
255
522
-2837
-1833
412
2367
-4312
-682
2952
876
3436
-4680
-1545
-828
-1222
3682
2217
2792
-538
4674
3167
-1943
3714
-1093
4776
-2708
2880
4870
-238
-4226
3088
-267
4925
4803
-4051
-2558
2667
1616
-2567
-3808
-120
-2718
3186
3414
390
-2431
4372
2069
-1410
345
-84
-3151
-4880
-4495
-1571
-3262
-2913
-579
2403
3736
-3021
2522
3798
4102
-1210
-4632
301
4886
-4113
-198
-150
-418
-764
-264
1335
-4446
3361
-2125
-3091
1944
-2963
3152
3727
1129
-1255
1056
-2474
-3875
3447
-1657
-2201
-4106
4757
3815
185
-1243
2483
-1246
4409
-1396
854
1569
705
-3746
-1731
452
717
1674
-233
3551
1658
-3658
2259
-2545
1297
3088
210
4087
1262
-1918
-2385
4678
-395
-1246
2341
171
18
-2301
920
773
3909
-1383
4142
1772
-2643
3710
1300
3591
-876
871
1285
3059
306
-3806
-2402
-4441
-2674
-3537
116
740
1528
-2876
-330
922
-1879
1138
4521
4984
1315
4986
-2012
2617
1021
-1255
4945
387
-3480
3027
-4335
517
-472
4087
-710
1792
-3311
-4903
1783
-1432
384
-11
-2355
-2892
-2758
1906
-2229
4972
-3629
-4600
3657
3377
-537
1611
3230
3633
-4333
4441
481
-1431
3217
-3382
-2388
3848
-1725
2607
1451
2398
121
-4759
1371
-1522
-2230
-1336
788
-3074
-3813
-523
1191
-758
-2538
356
2424
4043
3523
-4822
-4914
-3976
-1087
56
2806
2413
1619
-1236
4255
3290
646
1198
-2940
-2660
-4654
-2573
1794
-2060
313
1428
1073
-2378
-3228
-1347
4339
-691
1725
1758
1307
-4394
-1187
-3365
-2031
807
2702
3248
-2785
-4989
2967
-2372
2395
2151
-2360
1452
-1346
3989
2848
-738
3340
4893
-2563
2134
1647
-514
1213
-1568
4214
-406
4474
4302
-2727
819
-4693
2205
-4129
-809
-1749
4330
211
-3521
1316
2025
2142
2829
-4590
83
-1808
1602
-154
-4646
2212
-1678
-3815
2354
-1098
-2911
-3486
2686
-4506
1118
-4806
-4104
3921
4686
1675
3020
4569
-4939
-4217
326
3250
2029
-3371
1783
345
1548
117
3775
-4738
2724
3336
-3375
4742
1031
3958
2485
4365
2500
3723
-1415
4907
4355
663
3113
-4275
-1454
2992
2637
-1497
-622
3367
-3594
-4322
3856
-2619
4946
-1139
-4626
2222
1583
3906
2891
-994
4310
572
3461
-4741
-4166
310
-3976
4386
-1830
-3157
2090
-534
-2623
-2525
4633
1343
4908
718
-4075
1407
-548
4156
137
2105
2877
-3425
2013
-1287
-3017
4494
-3357
4533
-4767
4076
845
4445
91
-2480
-3267
550
-1405
561
96
-3969
1664
-952
-3736
2994
3283
-1407
3989
536
1157
-170
3357
-2563
-2121
-1264
-3442
-220
3371
-1696
-1911
1368
4367
3966
1513
-3003
4106
2194
1184
2548
3833
-594
3993
2270
-509
-3270
-2627
-2678
-4908
-2185
-2419
267
2773
4247
4446
4953
4449
1058
-3127
-4827
4947
-1890
2180
-2956
-1328
1642
-3654
1652
4239
-4746
1661
-3858
4984
-2666
-1440
2562
2675
-4114
-557
1976
-3
-1287
3459
-3036
2693
-3813
-2272
-25
3279
125
1128
1965
3416
944
417
2872
3530
-823
-4025
-802
3001
-4109
3373
4235
-4958
-4114
1126
794
-4178
-4655
1702
2342
-4180
-1816
-560
3558
4722
-3890
331
-4487
-4665
181
-1276
-4455
441
3305
-4129
-3034
-4247
-83
1004
1477
1272
-2193
4901
-4187
-328
2749
223
-221
-1935
3167
1465
-815
4546
1848
-4328
158
-461
4359
-1885
3172
-4789
-51
2866
-41
3783
2634
2303
-1650
793
-3247
3910
-325
1577
-3248
-4858
-525
1993
104
-2801
1384
-2759
2870
1482
-1794
4147
-1444
4421
208
-4610
317
-4064
-3400
3805
-2660
3139
-4895
-3878
-3423
-164
3329
-1649
-4974
4160
-1758
557
86
-270
-4687
-3529
1695
-306
-2039
1605
-1113
1633
1308
-2030
-3592
2630
3409
4671
1815
3642
-3115
1335
-2941
-2313
2368
-4997
-1226
-2360
1516
3186
2874
3455
2771
678
2703
-3646
-1906
-1678
1642
-914
2406
-248
3034
-471
-1908
2323
4258
2985
2677
4732
4941
-4566
3679
882
3076
3689
-3349
-4833
-4318
-772
-1671
-4660
-2732
-3143
-1563
-4149
2597
-3503
2904
237
947
-295
3062
84
-4718
-3577
-4342
2170
4542
2189
2918
4729
2645
4080
-4157
-1903
-840
-3671
1216
-2430
1250
-4060
-4060
-13
-745
1520
-3623
1624
4240
-655
351
-1588
4479
-2613
-2190
4718
1781
2716
-4657
-3934
344
-2802
-1353
309
4743
4768
1842
4964
3349
786
-708
-3509
1570
-201
2003
3529
-941
-4814
900
-4080
4128
3189
-2603
1374
-2766
3710
722
3183
-1569
1199
-1858
-3581
1628
-1459
-3945
-1991
699
2566
-1588
4302
1199
4234
-3920
4614
2386
-1904
3258
-1718
-4140
-2041
-373
3041
-945
-2424
2034
-741
4946
3815
2110
1597
-1775
-3043
1076
-2993
-649
-694
3497
3496
-2818
3439
2883
1974
627
874
-1824
554
1811
1601
3043
3862
-1301
-3008
2786
-3012
-3996
2690
2357
3730
-4065
-2795
40
-2862
-1745
-2299
520
-971
835
-3048
-2977
-3829
-4543
3957
-3285
-464
-3588
-1118
3885
4783
3064
3216
-4029
-3556
4934
1256
453
-343
3256
-3374
-434
3840
916
3794
900
-287
-2448
-2677
-642
-4689
2014
2022
1549
-1213
4841
1936
-1725
-3920
4641
2264
-3672
-3483
4825
-2849
-1667
-730
2450
-2810
-3226
3022
3206
-1605
4275
4246
-3277
3899
-743
-3196
4756
151
-1899
93
2209
4497
-1156
-3672
-2040
-3219
3989
1889
-4634
-1100
1402
-2119
-1097
-1735
-196
-3442
-2564
2740
2008
-99
-4853
1119
2673
-4392
-2886
3129
3366
4076
1972
4489
-3487
-2292
2271
-4957
-2495
1311
3093
-2013
-3440
-1228
-3494
-2276
3509
-147
2034
-1683
1329
-1902
564
889
-916
1095
-882
957
-4861
-697
2640
-3770
4512
58
-1496
-101
1228
3533
-2427
3545
-652
4853
2154
2086
3685
-4096
4094
-824
4475
-4910
2572
4983
-1953
-2755
3188
1597
3935
2906
-550
-3904
-64
29
2990
-3132
2111
2546
-2791
1801
-4692
4207
4244
310
2949
1532
-4581
4403
-2702
2066
1719
-889
446
886
3799
-3153
3518
3240
2333
1438
-1836
151
2958
1234
-4657
2799
-173
-1485
-14
-3799
3730
1064
69
-3257
4600
2992
2159
2681
-3514
1939
-2287
4106
2336
1331
4202
1248
1761
2407
615
3584
3171
1302
3746
2610
-1047
-4309
2944
-254
17
2443
2449
2575
165
-4728
-1066
4300
3414
1824
2554
-3296
1057
2433
1492
2856
1513
-2288
778
3362
-3902
394
739
2654
3628
-1413
-2537
-404
1584
-474
3025
842
4344
-1777
-3939
-1317
3106
-2845
-282
3042
-3164
-1475
-1817
-4714
-1971
2856
-815
2879
-772
-278
-3298
799
827
4444
-3074
-2513
-4805
56
3690
843
-2949
978
4159
-1301
1765
-4923
-358
-2578
1255
442
3148
588
1563
4381
3079
-1427
4991
-3708
-2378
3294
-2037
4002
3678
-4320
-3833
-2116
3718
-3399
2456
3681
-663
418
4528
2604
2271
-475
2064
-2448
1937
-1840
-3952
-2421
-2985
-132
-2291
-3060
2098
3288
-4307
2677
508
-2283
-61
-1614
1082
-2722
-4430
-3435
2832
-4762
2558
3201
-395
2727
-4628
1326
-554
-1527
3329
-1981
-3886
2153
2510
1824
-4381
318
2104
4095
1189
-3088
2
-568
2078
4261
-2731
4570
1459
-471
-4094
1633
799
3261
-4095
-2100
1390
4194
2427
4076
-1334
-4208
-3073
3722
-1300
636
2557
-1763
-1033
3683
4039
2668
3006
4869
340
-1183
-3343
-2299
4147
3273
3948
-3095
-393
1774
-153
3496
-3769
2581
-1855
521
3966
-461
2987
-2351
2166
1931
4413
3852
-4600
-950
-1843
-658
-150
-3235
-4146
1488
2808
-1926
-4716
4437
-1436
2438
-3006
3457
-144
-2747
4394
4602
2227
4140
-1126
-2909
4048
-1754
-2012
3891
2931
1025
-1252
-1128
-1183
-1813
2254
1290
4092
525
-1294
-1006
-2572
3190
158
-2652
-2383
4506
-293
4999
-1316
-936
-114
4044
1205
-3236
-1546
2047
525
4030
-658
3432
2751
2371
-1708
-1847
-3429
-2531
568
1860
-2546
-2208
2529
-4889
-3565
-4889
-4078
-1149
2346
3910
-4718
-2049
324
-1665
-3778
-720
1413
-1069
-60
-4656
-2675
3466
-1944
1207
-4808
-171
-1358
-2411
-3552
-1828
-4256
-440
3911
-1377
1136
4522
2283
3052
2374
2721
4255
3316
3005
-409
1718
-2611
1970
4683
2318
-2221
381
-2261
-4722
-4139
2690
4080
-446
4480
3831
-2534
-2128
-1775
1628
510
-4538
2393
-3500
2742
-3952
-2173
36
-2519
956
3859
-544
-4333
-3912
-1404
-3297
2630
-4662
3398
-3057
-285
-3761
3225
822
3515
1189
4062
-1382
4220
-2022
1702
-1440
149
59
-4638
-1732
-2982
-3029
1159
3092
2793
-4577
-2350
-3596
582
245
3123
-866
-740
559
-3941
3441
3628
2905
421
1680
3182
4876
-2163
1429
141
166
2391
3405
4462
565
210
-3897
1385
-937
3605
-3472
-4837
-4999
2532
-4757
-2464
3786
-2949
2921
1283
1941
-4046
262
-1809
-3955
3955
-2355
4394
424
-3348
3438
-3092
-1115
211
-2568
4866
1487
-4001
2084
3683
451
2465
4845
4470
-2119
-709
-3369
-2966
1621
-1449
-4517
-4017
-3967
3988
3817
-2557
4150
-3925
-883
-1345
346
-2935
-596
2000
2412
4883
-3430
638
-232
2711
-3243
-2417
3084
2029
-4041
-369
-3211
4970
32
-1775
3410
4424
-88
-4698
-3250
-2341
-1384
-428
2287
4416
-291
800
-534
544
99
3978
-3238
-3332
622
-4032
-1403
-1143
3977
-1935
-4748
3567
4305
-322
-1681
32
-1406
-1991
-380
324
4712
-1671
-1108
1406
855
4716
-4231
-4922
-1030
-3887
224
-1210
-1236
2823
1182
-2496
4543
1649
1207
2290
-4641
1915
1964
-2031
-1135
892
-4015
-1578
-2710
3348
-292
-1903
82
-110
1772
-3686
4907
2909
-1616
-4667
4617
3806
3750
2187
-2037
4737
-4385
-2529
1071
4635
2097
1491
-1868
-1635
-3578
-4649
-4282
-1628
-798
-1295
3393
1202
2509
-3730
4518
2157
-633
1061
-75
2034
-2443
-516
3892
-3727
498
-3263
1189
4862
-3080
-3298
4181
-1897
4731
2633
1613
-2654
-3204
-4218
-285
3039
925
4866
4379
76
-1517
75
623
1927
-3688
4219
4318
1431
4853
3810
4335
4645
-2031
669
2962
-3913
4196
-4700
1044
2420
311
2322
1030
-470
-1601
3251
-3373
-2422
1064
2796
-4527
-4388
-4782
-1522
3273
-4231
709
-4743
3718
-2161
1258
-136
-4375
-1156
-740
1588
2163
-2212
286
-2940
-2696
4575
-3775
-3621
-1702
-3333
-1038
-1123
-3641
4413
-2718
4360
961
4706
2081
-4186
4941
4296
1821
-3617
4128
-3637
-1285
-36
-3495
3800
4054
-3233
-1891
-446
-2317
4286
2754
3752
4848
-3362
-1163
-2953
540
-3836
-4208
-2878
-2511
4755
-2146
3443
-3100
3652
823
3817
-2078
2162
4934
-4426
1936
-2765
-2886
-869
-1875
-947
1546
2508
4004
-3637
1691
-1876
1770
-3489
967
2881
-3191
-758
-3181
-89
4384
-4442
-3053
3644
-1593
-2251
3094
1431
-1765
2315
-211
2680
4212
-304
-4772
392
-160
-4925
-3874
2529
-2023
-1126
-1402
-1017
4300
-2317
4428
-3164
1833
-4721
3360
697
2141
-2606
-3369
2992
-4002
4265
317
-4680
-1514
-898
4455
2848
2185
1919
-3991
2712
-4926
2560
3441
-294
-4225
3017
877
3496
3996
-278
64
4529
3389
-876
799
1281
-2146
2564
4221
-498
1297
425
3636
4590
4438
3750
361
3518
2135
-1038
4587
-929
-2369
-897
-4646
-3886
-4194
3715
-3986
-2872
-2482
-3582
-1917
4090
-3070
457
-578
-2040
1942
3373
-2319
-3301
-4372
-1086
-844
3889
35
4760
2021
4520
697
-2939
-3986
1595
-880
3030
4613
2232
-1301
3686
2397
-361
126
-2656
271
1724
-1802
-2499
2289
1387
-1749
1208
-2285
-3630
4425
3854
322
-2688
-3815
-4064
-1352
-973
-2197
61
-753
4219
3797
4206
-1662
-1886
4440
-4408
-3629
3497
-2257
-3488
-2999
-3412
2354
-706
1980
-1262
1062
81
-4952
2650
-3433
-2279
-2912
-1444
-3300
-2665
660
855
2637
3380
-201
2894
2765
-2952
-2006
-1404
-4089
872
-131
-4594
-1567
1202
-2913
1636
-252
199
-4903
205
-483
-114
3699
-3416
-2738
2338
-1398
-2522
-3699
-1227
-3130
3337
2120
3286
995
-3615
-4705
-2462
-2806
4743
4717
1259
4258
3915
3458
-952
2709
4577
-2864
3490
-1277
-1406
21
3075
334
2917
-4742
4436
-4421
3422
303
-1497
-945
1510
-2953
-4847
-2169
-2937
-3988
-4817
1891
-2520
-1761
-312
3533
1320
-1963
2501
3929
2530
-2340
3253
-3631
4925
885
4165
3489
4814
4378
-1294
-3932
3412
24
-3124
2206
-1155
-746
687
2514
-1511
-3747
3818
4226
1922
3139
-3225
-3972
3387
-1751
622
457
290
-1532
-2469
-864
-1297
-1254
1130
-4766
788
-4340
1194
781
-2499
-4531
2581
-2568
3536
-779
2651
4959
-4091
1200
4324
333
4767
2476
572
-3014
-2800
4185
3609
-723
446
-197
442
424
-4501
3643
-534
44
485
-3190
-2868
-1527
-2826
2706
3641
-4358
903
-1205
-4427
-1202
2140
24
-1579
-4059
-1225
4491
2303
4652
1361
-2322
-12
-1969
1234
-4354
-1049
-1080
266
-4359
-4783
-4528
-4884
-4824
-4341
2045
-1168
-1433
4258
1355
1655
1604
4864
3739
4198
4963
3058
-1658
4978
-164
-3962
464
1012
-3106
-4535
4314
1769
-2345
-899
4073
-725
-933
-3177
489
-4070
-3647
-1221
-2684
-236
-1557
3767
1268
2624
-1090
-813
-3688
-2005
1558
-4882
4074
2314
630
-3674
2373
-1776
-2040
2658
-923
3000
-3698
-2304
2472
-3619
2546
-2545
1920
1071
162
4488
-2663
4239
3776
-3984
-4173
-358
-3430
1601
1453
-295
113
5000
-3412
1491
-2830
3546
-4287
2774
-1234
-4818
-1664
4398
3656
3706
-4652
-2163
975
-4600
3530
-2721
-3499
-338
4043
4397
-1441
-921
648
-4898
4022
-2445
3772
-86
-1022
-1143
-3489
-668
1366
379
3916
282
3182
-4013
-3019
283
2611
-655
4366
-4369
-3906
-596
-3971
-1493
-2128
-2935
-3885
-440
1392
-3699
4992
-3704
-4727
4206
-355
3914
3897
-1047
-4115
-497
-787
1031
-1325
4030
2857
1710
3083
639
-1839
-4625
-961
-3674
-4159
-484
1958
-4189
961
-2026
-983
2964
-4384
2879
648
-1475
405
4203
2542
2567
3153
-2575
-595
2120
-221
1851
-1030
-2547
4082
-913
1112
-16
2891
3255
-210
-2221
-1345
1485
-1768
2022
-2163
-2286
-339
4340
-2351
-4204
1536
-4190
1136
4393
3068
3047
2911
2415
-1226
4891
-623
4931
2410
-994
356
2151
-172
3397
2956
3062
-4856
802
4490
3459
-3991
-2493
2673
-1726
4900
-53
2313
-3751
1310
-3805
3227
2328
-3523
1491
1772
-4122
-4641
2379
3279
3538
848
-3103
4201
693
-2077
4274
4519
-3457
2742
4783
3246
-4400
4070
932
1210
4647
-3788
-319
138
-3319
2432
781
-546
1645
642
-3925
3915
420
-2020
-302
-1370
3518
4705
-4386
577
1816
110
2128
-4815
4262
-2078
3513
2387
-3684
-710
-2870
-3784
-1166
-4773
2020
-1433
210
1117
4856
4069
2881
-299
-2026
4491
-2308
-2519
-4721
2340
2024
2036
509
-2101
4911
-2868
4050
26
868
-332
-4159
-4015
-1754
-3635
-1152
2322
-3317
2142
-4801
-1978
640
4014
2265
4588
2399
925
4072
1584
-2437
-4612
-4885
-3548
-3617
-354
-4891
-3461
4853
-1054
663
-4269
3507
-3929
-665
4321
-569
28
2810
-2397
2547
-3611
-4305
4375
-1053
-4595
3165
4735
1763
3751
-4321
4748
4020
2911
-2961
1455
2923
-4096
3188
-4123
-1882
2635
943
-4309
-2492
-3221
2605
3577
3203
-1069
-2438
-879
-3901
-3745
175
-4073
-1314
-921
3062
-4023
1371
-2725
1481
1725
-4036
1252
-2862
3889
-4911
-1444
2899
2804
-4190
-4735
4032
1074
-3343
-168
1835
4795
-2030
-3302
407
-54
452
-4491
-2160
4472
-4189
-416
-2371
3890
-3835
1525
-3271
-713
-707
-4813
4652
1716
-744
-3937
3997
1254
324
-742
1135
-3931
-2009
-2240
-2316
3457
2943
4881
964
305
-4846
-580
3601
-512
3207
4542
3178
-315
3050
2721
-4541
-3454
-3345
-111
-4446
-3528
-1418
-4583
-3164
-761
-2727
-534
-2153
1775
1605
1935
2608
1562
-1793
1940
3438
-46
82
458
394
4814
-3433
-2162
-3079
410
683
-2398
2283
425
-2033
-1549
-4911
4273
-181
3147
-832
2912
-3378
3043
827
440
-3372
3507
-125
-527
-911
-1729
4479
-4034
891
3058
-1813
-2048
-3814
-3367
2684
-1352
-1557
-3510
3881
4228
4306
2817
-3095
-1296
2696
245
1084
2096
1615
4606
-1397
-1585
2041
130
1049
-4967
1787
-4590
-1994
4923
-211
3210
-1834
1008
467
4937
-3630
-2103
532
-1389
-3836
-4235
-4507
-2774
3588
-1981
-2804
-1458
1294
999
3743
157
4454
1686
1165
2353
-1692
4037
3265
3985
-3782
-647
1087
-4321
-3305
-2458
1427
3212
4229
-678
1437
-4324
1225
3144
-2582
-3963
8
3028
-830
4188
-2261
1407
-1207
3376
2511
-1404
4634
-328
-1423
2814
2722
2403
-1506
2594
-4992
4238
-2163
-2576
-3850
4406
3885
4931
-3433
-259
4887
140
1653
1703
-4259
-4239
2981
-953
2531
1505
565
3377
-975
621
-1311
-293
3101
3639
3055
-4381
4360
1605
1790
-2580
3810
-2861
102
-4311
-4735
4976
-1505
-137
800
3547
-4438
3714
-4335
2689
2597
-585
4534
-633
1257
-1721
552
-1789
-4779
2678
444
-4209
-1592
-946
5
-1226
1918
500
1285
-2896
4105
-2630
2088
1757
4770
-2201
1358
2863
3178
-4273
-1966
4782
2431
-3494
-4576
2068
3343
2024
925
1893
-1724
2566
-4379
-4017
-1849
-548
3333
-407
-1946
4161
1389
495
-2375
-2216
-384
4216
2059
-435
826
-1540
-242
126
-2160
-634
-433
3417
-4465
-2810
-3334
-3268
1828
-2772
2597
-3207
-1443
3900
4860
-4926
4070
-219
3843
612
-1918
4758
2796
4624
-4059
2065
-4646
559
-3015
1322
4454
3956
-1386
1772
-131
-4810
43
-1664
-2465
1932
-3040
693
-48
-953
-2411
-3077
-3083
3557
-552
-1039
144
-4414
1049
3786
2219
-2347
4222
-2972
1158
-2077
2075
3780
-1963
-2526
1066
-1928
-270
-726
4865
-4077
-4773
1397
4610
3119
-313
-1666
1375
2489
483
-3580
-189
4484
-2714
1501
-3407
1219
3574
-3838
-3759
-1052
2679
2816
2422
4826
-2862
3414
-17
4405
964
3282
-1946
-4772
4160
-799
2844
160
886
-4402
1763
-2500
1094
-4946
-3026
-1305
3182
2556
-1817
64
-1223
-4591
4152
1860
4301
-1214
-4835
63
1026
4025
-897
-2105
3385
3881
2684
4829
2640
891
4885
2633
4419
4358
4819
3490
3495
4234
958
3439
2864
-1067
-497
-3596
2661
-4525
182
-3295
-3294
3962
-2212
-2845
-3221
4137
-4707
-1206
2072
-4356
-707
-305
2594
-18
-3085
-2573
892
1535
-430
4020
1518
-3304
-523
-1380
374
1203
3690
-566
38
-3480
-3190
1607
3236
4129
4257
3124
146
-3161
-4651
1107
-2015
-4024
755
3392
-3204
3839
475
-3950
1775
-1198
4848
4811
-3235
-2207
-2476
-4624
-4694
-2380
-213
-3835
1968
236
-2702
-4934
-1820
4646
2169
2333
-686
1803
4844
-58
-2064
-286
4694
-4046
4529
-2840
2349
2090
1729
4855
-4244
-953
3827
1684
-1139
-2869
1350
1383
-2759
-1331
-3643
-3437
-1713
1532
2209
4819
-1711
-3511
3430
-395
4402
614
-4968
3024
-2257
-1282
2503
4898
-1182
255
1310
-3048
4524
4384
-1696
4389
-3116
-768
-3288
2788
2628
2988
-3477
-3747
-1075
4930
-4070
-3032
-4748
-2670
1425
112
3830
-3172
-2919
3938
-1307
-4017
3707
3153
3622
-3654
-2757
4050
-3694
106
1965
-4129
-200
933
843
60
-2048
-3406
-4672
181
-3706
-619
2657
-1775
1690
1361
-1828
-4554
3178
4372
4592
-4842
-1899
-4334
-1685
4836
1816
1740
-2581
-3093
-2238
-2683
954
305
-491
3475
-4101
1824
-1001
1420
-811
-2796
4564
4170
-2105
1350
-2058
-4178
-4610
-4278
2414
3142
344
1944
-89
-760
4217
-2534
-1528
-4265
4267
120
-3145
-420
4445
-2485
-2458
-4066
4126
-2565
-3739
2835
4031
-3702
442
2125
3828
-1303
-1259
4526
4302
49
202
-3945
3000
1080
-902
-2922
2752
339
-545
1902
1095
-392
4689
1490
3664
-2932
3690
3960
-714
-1201
-2825
748
1318
-4427
-3438
4747
2493
-1201
-953
386
-554
-3591
4597
964
3706
1994
-2599
-950
-4012
-3616
-933
-4967
-2226
2152
-918
4310
1625
1952
-3181
-4338
3608
824
-4719
2578
-1403
-237
-4325
-4142
89
2113
-757
-1539
3180
4007
387
4370
3890
-1436
-3531
-1365
-3790
3787
-2731
4667
-2243
2964
2873
-2755
-764
1591
507
-1906
2604
-4670
-3791
2532
2511
-3850
-1238
-115
-1674
651
1889
1082
-2092
-4615
-3010
-364
12
-3711
4545
-4178
-1526
754
2426
-211
1985
-3464
3663
-1371
1330
3956
-1947
1350
-1898
2873
-4605
-4309
-4086
-2461
-2953
-3306
1164
-2788
1995
205
4247
-4566
3833
1185
2562
3435
756
-3921
-1843
3755
2631
-4104
1865
1055
3695
1336
-3917
-4546
-813
2723
3552
2601
554
-3369
-2876
-2731
4842
-735
-641
3765
-296
907
1856
-4278
-721
3794
-826
-4410
3991
-1509
-1213
3847
-731
-2857
-2150
3385
2784
-1215
4275
-961
-4831
-1256
339
-151
471
-4415
-3108
2140
-3124
-2501
3103
-4841
-1075
4278
-313
-678
3871
4418
-2870
3703
3661
4620
-685
1900
-2070
1175
3951
-4172
4915
-2987
642
81
-3639
1729
1484
-897
-4577
-4323
3758
2071
1731
2010
-4856
2320
4601
-152
-4441
-1738
-1664
-4711
-2471
-3958
-4295
335
-4081
-3685
432
-2183
-2785
-141
3775
-2224
1614
-2842
-2912
2198
-4616
4163
2536
-2319
14
3208
475
4010
2344
-3512
4269
-4285
1918
973
-1073
2419
-2385
354
-3103
-2064
-2870
2326
4665
-2840
-3696
4378
-1744
-2196
-4446
-126
-2722
-3896
4015
-3171
-3287
1975
627
243
-2160
-797
-1366
954
2863
656
3691
160
698
-4839
2863
-3289
1545
-4353
1935
-176
-3392
1550
3653
-2039
2988
-4396
1444
-1834
-2183
4398
-2942
-2893
983
1168
2807
-4114
-4070
-4388
1902
-771
4215
3203
1855
4336
-3845
751
925
4916
2985
184
-836
-2271
2860
-4557
-2009
4649
-4872
783
-359
2067
1712
-1381
-2512
-2028
409
965
-1740
-3814
60
4691
4061
3595
1916
-3460
1840
136
-1183
-3991
-3358
4436
-1946
3613
-2533
2242
3185
-3985
-4439
2130
3212
4484
-2777
-1129
-2952
-2187
1817
-1245
-2693
1632
-1261
-4680
-2237
-313
-4306
460
4676
-4121
4072
4605
-4958
-2200
1624
-2271
3394
-3815
3911
3179
-604
-400
-1367
4207
-2124
-597
-4243
2083
2819
2358
4192
3236
-3188
-1723
4431
-3224
-2722
1466
4347
2828
-4907
2055
-3428
2880
-1369
2367
-633
2101
3571
3977
-2309
-4909
-2252
3248
-1739
2440
-4693
1179
-4713
4515
-2514
-4414
-4785
409
1721
4910
139
3715
4519
1919
-946
3419
4230
2065
2167
-312
-1784
-129
1664
-2986
-3455
-1007
276
1783
-2095
-1715
-2199
-912
2693
2809
-1320
3660
2449
-4301
-2951
2206
-344
568
-3769
579
-920
-3530
-4746
-2391
-2212
1290
-4272
-3173
-1469
-786
-1469
-763
914
-399
2362
2645
2905
-332
4386
2742
-2879
923
4081
-4164
1103
4319
200
1431
-6
-1129
973
545
-742
219
-4792
4077
-78
-4408
3777
-805
-4204
465
4336
-2285
3451
-2206
700
1463
-3811
-1894
588
472
-4856
3039
-2559
-228
-2846
-3239
-857
1332
2449
2115
4427
-3746
2825
4673
4589
2455
4695
-4903
1175
-1034
-2794
1430
4453
-3173
2588
1109
2179
4450
-216
1989
-398
238
-129
1118
373
-1784
2723
-34
3819
-4525
-4070
-3085
-2156
2962
-3192
4097
324
-554
1795
2700
-2013
-4121
-4922
1170
3289
4710
1328
125
164
3111
-1121
-326
2264
1115
1876
-1144
1018
-4120
-1792
-4594
-2122
3089
3834
2644
-92
787
-1135
1086
4390
-723
-446
-4915
-130
-2236
-2097
4328
464
-4085
2790
-4651
-1009
1415
-3679
-3514
-1722
-1647
-1814
-3064
-2885
-351
3907
-3032
-3315
-1937
3408
2636
-1756
4543
4101
4576
2303
2699
3531
-2556
-2350
2674
-3404
-3408
2356
4770
-1142
-3119
2383
-2552
3090
-2498
4462
4065
4458
262
-601
4365
2803
-4259
1574
257
-2238
-117
-3461
3612
4498
3888
153
4535
111
-628
-4887
2610
2390
-2459
2862
-4913
-1326
-2887
2599
-1022
3751
-3027
-1271
-3824
4949
3906
2058
-2678
4995
1525
3062
-2844
-2510
157
-4206
1664
1917
-2230
-4021
-67
-1331
4899
-3704
-2664
2069
-2405
-3781
696
-2159
-2353
-557
-611
-164
-3175
-2386
1379
909
-1377
3168
-4610
-3839
2172
-656
-4889
2937
-4886
4603
-4835
2741
-1137
-282
-124
3668
-753
1851
3866
-3558
3997
4901
554
3792
4779
-3146
-4284
-2569
-4440
-3913
4140
-2816
-1330
-2689
4383
-2149
1842
4968
1277
-355
1267
1489
2274
1446
-3082
3868
3196
4280
-2893
4997
343
-2570
-1522
1353
205
-4189
-768
24
-1001
-2210
99
-814
2964
-4652
4314
1592
-183
-966
-3634
-2199
2853
4806
-3
535
-4358
-190
-844
1677
4745
-4351
3214
-2304
-1418
1935
3815
-4205
-3340
4130
-3925
3954
89
993
-2016
-323
3999
4796
-448
2442
2243
3662
-3964
2452
-2722
1938
-3756
-839
-2096
1226
-2982
1620
-3859
-63
-543
3074
4503
-317
3374
-2451
-4118
2948
-2952
-2063
-2485
3626
3571
-4571
3554
1287
2496
-1885
-1964
3532
631
-1545
-2914
-4567
-2429
-4758
-659
-2566
-2329
-3929
-2707
-1660
-3704
-3782
-4354
4693
602
-3051
-1987
2946
935
-1675
2532
-4059
-75
-2561
-4813
3276
2838
-4548
3208
4488
-2699
-4216
-1915
-4469
1610
1273
728
162
4401
-2659
-1447
4657
153
-3106
-2244
-4753
-3217
-3190
-2533
-1023
4416
-2303
4989
4871
1331
-3959
2370
-4198
3852
-2807
-999
4027
-3481
746
1006
-4073
-1639
-3720
1344
-4032
-1045
4597
4747
-1784
4889
-2015
2241
2663
2069
4551
3323
-4019
-150
1045
-2846
3007
2158
-1971
-3526
3006
-3929
1153
3086
-755
540
-2002
-666
814
-4924
3568
4786
3670
-509
63
-2140
-4262
-412
239
615
-4176
1641
4501
-4872
-3166
-4539
-567
3581
839
-2129
1317
4717
3937
-2905
-2273
-3917
-1025
-1726
4787
-1839
379
2964
-2132
-1314
-2781
1079
-3072
-112
-13
4041
2517
4545
-2049
-263
-88
3673
3229
2222
1651
-4737
503
13
-4456
1015
-4740
1885
-4686
4647
-1685
4357
-2612
1088
-2908
4790
1179
-531
-51
4434
-3852
-3481
-980
-4128
2050
2308
4303
-2267
-3006
691
3659
963
4018
4264
-3139
-2615
-2975
2227
899
1514
3027
2288
540
4800
-1456
-3741
2109
-379
1108
1175
-3858
-2304
4684
-4603
-773
949
2606
566
842
-2485
4294
-1781
3564
1238
-1120
928
-441
3722
3200
1844
-2762
4222
-895
331
408
655
-1005
3323
-501
-554
-2696
1222
-4944
-2944
2429
2369
1652
1328
-2330
-2163
-952
-3290
-4945
-4758
81
-4965
-432
1131
-4371
552
-1653
-439
4894
-1392
4244
-1903
-3526
569
3179
-557
-4069
-2022
566
209
623
1554
-1836
3754
4550
-4190
-904
-1195
-2782
-1011
2262
-980
688
-2478
1560
-681
2147
-3707
4518
-886
149
13
-4703
-4133
567
956
-3387
-3690
-2587
-2033
381
1000
-879
3411
-895
-328
1096
-1405
2555
-411
1783
998
-4822
1985
437
-593
-53
-245
-47
4732
3539
2673
3617
-3259
3464
832
-2730
1252
-2329
2948
3415
321
-3267
-1150
1138
-691
-2125
3102
-185
-4231
684
-682
3550
4720
3641
2379
-3735
-3900
-1629
319
-4864
-3309
-3174
1885
-3132
-27
-2430
39
-4496
3347
3132
156
1449
-4840
3102
612
-4897
-1624
2025
3487
2607
-4311
-498
-4851
-2034
-3228
-809
-1326
-454
-1193
-4655
4351
-3862
3553
3540
-4599
-3272
535
-668
4162
-1831
1
-810
4368
-842
-714
-1058
-4416
281
-1294
1698
-4526
-516
-2895
4379
-3899
-271
-1632
-600
-2908
3938
-1174
-2621
2255
-1460
-3755
-510
-1059
-2740
-1465
-1731
-997
2292
2389
2065
-3352
-460
-1379
2154
-1712
-4301
-3590
-3604
269
-2942
-2501
2691
523
-4438
-922
-4089
-2615
1757
-1729
-3147
-3963
603
-4371
-2818
830
2954
2564
1589
4420
-2984
-3462
3114
3626
1501
358
-3663
3678
-81
-4119
318
-3074
3078
-2212
-4383
-4212
-2564
-4268
-3685
-2722
-4095
1280
-2279
2096
-3600
284
2100
-3453
4879
-3578
91
-3492
-2710
44
-3641
4305
573
642
2754
1349
1281
-2177
-658
2886
-2535
2680
-4617
425
4058
-1192
-1673
443
3023
-3797
1528
178
-1174
1003
4283
303
2838
1274
2233
4493
4277
-4682
102
1724
-3307
2526
4275
4081
-2915
3864
379
4505
-2173
2606
443
1693
-3106
-2249
-982
4595
1699
-1870
43
4383
4358
-4949
141
-4704
-2507
768
1054
-3416
3345
-1431
-3471
2897
3590
-2606
3312
1541
919
2520
-2813
-1186
-4359
1516
2232
38
342
1366
1615
-3173
-1932
-3076
-4106
-1999
-1820
-45
-2297
1157
3266
-255
-3951
-1100
-733
-4160
-581
-2065
110
953
-63
-4093
2787
589
-2188
3995
-3957
-2181
2
-2438
-1717
-4183
3055
2158
4859
597
940
-3479
4259
4567
-3440
-1433
-2919
3382
2589
1700
2439
4777
-3900
-3954
923
-3410
-4760
3872
2272
4707
-2092
2452
-1250
1963
-1349
434
546
2395
2794
-3384
1626
-19
3673
3098
126
2215
-1502
1654
-4482
-508
3607
2101
867
2025
2616
172
3794
3859
2765
-575
-3620
4883
464
-1446
-1138
986
-2267
4250
-3180
-1549
-3693
3209
3608
3054
-2926
4266
-1626
-2042
255
4800
-1498
4517
3103
439
-2071
-1916
-4064
4810
4118
-4236
-4493
4285
2233
1887
-1066
-2272
2677
805
1151
662
2942
-4371
3162
299
-2810
1692
-1380
1164
3307
434
-2076
2617
-2734
2229
4547
1143
310
-2739
-4519
2327
3379
-2327
-2264
4594
-3287
-4413
-3639
4538
-1003
-1576
-4262
1237
-727
3183
-4817
925
4404
3415
2152
-4406
-1887
2672
4207
-4013
-2221
-2525
3018
4216
-3790
-4221
4152
-1591
-1943
-4749
-1157
-961
3896
-1606
4548
-2770
-3224
582
-1596
-3922
4016
4730
4504
3773
-1596
2604
-356
-6
1222
4524
1093
-960
3032
-4376
793
-3948
-4856
-185
1036
463
3101
3777
3898
3159
-37
505
2866
-3640
-1375
-4092
1224
3243
-877
-4805
3946
1256
-1445
126
3143
-4372
1439
-4224
-2987
-2930
3675
3763
1114
176
-3034
3842
-4608
-1236
4206
788
-4282
-3624
-1119
-2271
-3685
1809
-4547
1368
-1137
-1370
3938
-1136
-3078
-257
3953
-3457
-1088
-1767
2007
-1629
-4948
4602
-2535
-87
-1826
-4091
4471
713
3754
-2090
-2084
-746
-1535
-2998
4904
-4963
-3271
2917
1959
2019
3228
-3207
2411
-3151
-2405
-1606
-1640
-27
-4665
1910
-2448
1697
-374
-2454
1922
-1004
-2842
1123
1600
3213
3853
-2544
1484
2714
-3236
1142
709
-2894
-3108
3712
-2830
2703
4094
-2328
-4698
3071
220
-2597
1823
3467
-876
3610
-2287
-1720
3356
-1757
-2717
-4098
-3921
-1879
-734
4461
-1210
-1420
1535
719
-1554
-1560
4866
4582
-2529
-113
3831
-2658
4252
-3533
-3907
1267
1157
-3831
4017
2126
-1150
-3174
3690
418
1179
2541
4109
2395
-1215
-1380
-2769
3689
2019
-3326
-3979
-2643
-2350
-3760
-4261
-846
461
-2062
-3100
-1938
1285
-1077
363
-1273
2249
-3387
-2630
-4303
3308
-1054
66
1797
3527
-2020
2354
-213
-752
4967
-937
-466
2122
1308
3788
3386
989
-2533
4491
-3793
-1403
4469
-2692
-2571
1417
53
-1926
1729
-538
-3126
1006
4437
1911
1999
3287
4436
2063
-4087
-2772
4229
528
-2470
-60
2837
-4565
-2127
4476
2193
2781
3672
-176
4242
4445
-4975
2326
-1223
3649
-1095
1699
2329
-620
-1957
-3309
-54
-2236
-3619
887
4533
-3151
-604
-1212
511
-2030
-3955
2802
1200
2733
4494
1181
-1331
3025
4111
-42
1458
344
-4363
1425
1145
-2676
3651
-2576
-3033
813
-1326
-4489
2663
4157
-4991
-1727
-3303
-4721
-4206
-3305
4229
-1551
3585
514
2745
1699
2341
-1042
-3117
583
-4087
1075
2259
4306
-573
458
2066
-783
-4646
-1242
667
-417
-3209
-4986
-4314
-1836
3797
-3683
2301
35
-1687
1361
-4139
-4841
-4549
4322
-609
-2036
1411
-3081
1464
-3032
4162
687
3134
-1740
175
1298
1929
-3951
307
-244
-324
3612
-1981
-2067
-2882
-331
-3053
3439
-2960
-42
3595
-456
-3989
1895
-3281
2226
-2534
-3372
4495
-232
-3590
78
-1872
-2595
2443
4005
-453
-3100
-479
-4856
-1046
-3617
-4547
2445
-2782
1801
2753
4643
-821
862
1611
4670
-1664
-887
-1691
-4305
-1252
3978
-1505
1612
3335
-3648
3714
4237
-3074
-543
-1664
-4470
815
1454
-990
-4288
-2774
-2838
-2474
224
-3821
-3887
-2210
-394
4304
-2702
-1592
3605
-1057
-3634
-4432
1983
412
-4162
-4973
-3527
4346
-3441
2358
-322
-280
-3368
-4058
2761
-176
2089
3506
-689
-458
-2521
-2007
-895
4691
1461
4726
294
2708
820
-3488
-3666
883
-1349
3401
-899
2565
-634
1788
2263
1139
2454
2419
2923
-413
281
-1596
52
-1551
-2375
2113
-3314
-4275
-2233
-1930
4890
-1106
-4758
-4705
-2334
1482
1796
3947
1315
698
-4208
-3563
-4356
-3597
221
4524
-4458
893
-1571
2541
-1976
3395
1350
-3262
-4985
-1920
-3565
-4759
-1480
-1041
2979
-4298
-2703
-3287
1664
-3766
-4312
-618
-764
-3191
1159
-2193
-755
4656
-2618
3258
-4743
1198
1681
1818
-306
-2009
1427
-3762
-1422
930
4798
-1156
4504
-4664
2529
3511
3917
-4827
-3922
-45
-2947
-3660
3869
-3638
-2497
19
-2123
3973
-4136
-1642
-2414
4542
3935
2039
-2694
3681
-739
-4748
-3289
-3313
-3911
-1871
-2052
-1426
534
-1184
-1266
-2618
3461
-3449
-2059
-651
-2831
-1162
-4285
-250
-187
-4769
-3154
924
-2309
3254
-2135
-3267
-4599
-4727
127
-2540
-770
-3571
3847
3543
-3129
-1075
2901
-1756
1495
-394
-4062
3413
-3990
-4011
2116
-708
-4849
1538
3539
2926
-4913
1845
3034
4824
3570
-74
1391
4792
-2311
2311
-544
-2879
1859
2532
-2627
-4119
-4300
1202
-51
-4764
1865
4710
4422
-1336
2935
4943
4035
4176
1349
4745
1539
3635
-906
-1728
561
-2888
-908
-2022
-100
4372
4778
2326
1880
-3354
-3698
-3901
-1867
-966
-3237
-2993
434
3646
-4627
-4634
3918
-3675
-336
3245
-1469
-4240
-4997
2141
2620
2079
3830
-4166
3160
-2070
-2194
18
1214
-2435
437
-3746
1357
186
-2623
3589
4012
1006
115
-1124
-1641
2660
-1014
4605
2392
-2434
-1203
4842
339
-4399
-3261
810
-2086
147
-4772
2111
-2842
-3891
847
1267
-2723
-3978
-4681
1993
2535
1994
-2309
-4243
3526
-946
3827
-1929
2861
-13
1102
-3100
842
536
-558
-3338
-4810
-482
-2241
4344
3868
4596
2688
1347
4006
4533
-2371
3306
4026
-4094
10
-1490
-2773
-4949
4635
-2086
-353
-2939
-3707
1636
127
-2657
1395
3192
-2002
1109
975
-3586
-956
-4775
-4973
-950
3127
2982
2769
-1631
4202
-3973
157
3429
3568
-884
4484
1000
1877
-119
-3727
-2216
-3069
1038
-2736
-3758
2917
-3395
2026
-278
-1865
-1849
1931
-3928
2765
-389
2701
4440
-459
2708
-2029
-4097
4956
-1067
-18
-397
-315
2498
-2825
-30
-2064
548
4334
2356
-1147
119
2628
1108
-3358
-4696
-4870
-4606
-3744
-1023
-715
-264
-2499
-204
-2955
-320
2676
3815
1296
-2596
-813
1165
4860
-3304
-1803
2479
-3822
757
3986
3731
1165
-1938
3862
-368
-3086
1981
2886
2518
774
1604
226
-2469
4357
1954
255
-1516
3030
-1489
2983
-3519
-895
651
3676
-3221
1420
4567
2532
-3390
2707
3422
3776
1749
2506
2872
4959
2610
-4058
3283
4441
458
661
-4068
-2229
4343
61
1578
-42
-4932
-4666
3871
3337
-3227
104
4124
-248
-4983
-1900
2143
2879
3319
3343
1384
1728
1055
-202
-3869
-499
2902
3487
2162
4657
733
1230
-93
-1167
-965
-1293
-1014
4836
3634
4898
3155
2658
605
4421
2719
3035
-3001
-4959
-939
411
-2933
-2399
-1167
-2883
2936
-1612
-1099
-4888
-486
155
2288
3897
1573
2186
-1960
1158
-1712
-4324
-4077
-184
-44
-1193
-4091
-3750
-3155
-3542
-2032
-340
-1882
-4458
-2837
-1104
-3961
-1390
-1168
-717
-4095
-1030
4494
-2768
-4718
2799
-2653
-2736
-1400
2457
-1637
130
-4858
309
677
-4287
-3665
-3062
-2493
-1936
33
-32
679
3376
-1578
3106
-2768
2296
1051
-4873
-1086
4680
1181
-947
-801
4149
3963
3548
2617
4301
-2168
-3165
-3534
2003
3757
4829
1052
1830
-1080
3684
-4292
-4193
-405
-2084
-2688
519
-4908
610
-3998
-3734
-2472
-1497
3155
-2300
317
-106
-2249
-4466
2146
-4425
1713
-2878
2921
-1269
-2171
3771
-3717
-399
1772
-4745
-414
2450
3450
-3892
567
4962
-1279
-2559
-2234
1791
-2303
1048
-743
4083
446
373
3892
3751
3560
-4473
-2859
1902
610
-2076
-2298
2900
333
3173
1940
-4427
3070
1980
-4567
4827
3508
-2408
-4307
2138
-1198
3016
4775
2014
-2375
-3558
-4718
-1030
4322
-2325
3857
-2994
1715
1108
-2159
3754
3808
-3946
-3705
1592
317
-248
2712
-353
4888
2828
3315
4954
-4513
-2606
1004
3292
-73
4555
-1596
36
1967
4665
-696
-792
-609
-2493
-4469
1533
1770
-1150
3040
-3319
-1832
4167
-698
-2627
-1851
-3549
-2186
-3004
-4034
4430
601
4152
-3556
-3802
-589
3893
1414
-4976
172
4305
4677
3284
542
-939
-3856
4592
-3995
-3381
-4337
1244
-264
2804
4326
-1580
3772
4972
-4046
-4684
1350
2067
-1865
-3441
-3501
4347
1857
-1924
-2005
-1828
1010
-3052
-2490
-262
3321
2
-3492
-2111
2289
-2686
-4824
2536
3810
223
50
-4655
-2093
3373
197
-681
-3472
4217
-1038
2053
1014
-3853
-2801
-1874
2113
4884
-1779
486
1105
-4225
-3832
-3698
-302
836
-4912
3426
3387
2305
547
3445
1983
1682
868
-3240
2031
564
-3590
4678
-2836
458
4649
1076
3143
-2024
-1134
-719
4474
-2927
4282
3748
2315
1310
410
-4307
4944
-475
-111
699
1002
-874
1648
-3719
761
3658
-3858
-2680
-2554
-3798
3317
660
461
343
4721
1298
-50
-1182
2827
1926
-1789
-4607
-3316
-4911
-2281
1270
1605
-3236
3906
-1081
334
-1598
4900
-3084
2253
1630
-3197
4642
-4753
-1170
3917
-39
-576
3279
-2925
3951
-4837
2917
3880
4248
-2662
-1327
-4562
-1172
2300
1638
-3393
-4802
-3144
-2442
4490
-2080
-1413
2812
1132
-4691
-4110
-921
437
-1232
-1168
1350
-3878
-4052
2554
-771
-174
-3470
824
1600
-3364
-4855
120
-3951
2394
-2147
3344
-362
1828
1109
-3608
4825
3114
882
153
-2589
-3252
3817
1075
-606
-2111
3869
4258
4127
516
-1541
-280
-2542
-4679
1393
-4389
-4005
-4594
-1086
2341
23
-333
2000
1247
-556
3508
-4634
3587
3403
-2532
4695
2740
4050
-2638
3812
-962
-4268
-2941
-2396
-2913
-2335
1722
-1064
2471
-1309
883
-2329
2198
-1762
4176
-548
951
4046
-1100
1388
-2979
1919
-3096
3618
-2332
1751
-3264
-2414
-1647
370
2218
4262
1376
2038
4761
-4895
1887
-4307
-2893
3167
-4559
-3173
4245
-2013
3392
-1656
-45
-445
-4921
613
-2049
-139
2162
-2345
-2098
1316
765
68
-2600
-2805
-2166
-2672
-417
3526
3139
3834
-4165
-2606
211
-3608
-2532
3846
1087
-1489
3948
-1827
3227
-1728
3276
-3573
3792
-3111
-1690
4987
4445
131
2205
-433
2463
-4742
715
3349
-540
-2923
-2111
1323
-3182
-3991
1273
860
-1433
51
3690
1076
-2338
384
-3765
-4892
798
3815
-2129
-3585
4894
-1835
1713
3620
-1834
2460
-4450
-4759
-3168
3854
-4061
-3891
-1353
-3295
2084
-116
241
3905
-2428
-2567
1486
2395
4747
-216
-3031
1907
3948
1721
2979
-3930
1664
2600
2386
-2063
2491
3389
361
1745
2314
323
-374
3134
-1159
-4473
1761
527
2666
1835
-1106
3694
-932
-1956
-4082
2173
-1619
4920
4595
1815
200
-1271
-4968
-129
-1186
258
417
-1947
-4575
174
3231
2340
-2624
-1354
-654
1810
-3213
2995
-1947
2560
2255
2792
-3887
-2009
3937
-4774
4440
-4929
-1058
-4035
-2684
-3625
-4278
-4517
2965
1226
-2237
-599
-1831
-4317
-4206
-2008
316
-2283
-2976
1624
-3584
-2317
2835
621
-3709
3903
-1903
-21
-4797
-2044
-962
4603
661
-921
-737
3211
4538
-2089
-4103
1607
1581
2530
1107
958
3933
-4932
4561
4221
69
-4035
-4650
-3086
-1428
-1291
3999
-2272
3604
-4673
1549
-2919
-403
3937
3633
-4459
879
2913
4123
1807
1636
3102
-434
2792
-4983
2292
3485
429
2128
3061
1164
2819
518
4526
-2911
4450
-4841
1463
-1723
-1608
-2195
4831
-606
-3302
4951
824
207
-438
3860
355
-849
-3094
4745
-1426
-4653
1713
-505
1491
-4582
1978
1815
-1687
-4707
-2732
-2412
1832
1075
-2117
-2228
-419
-3534
-2689
16
-4285
-3344
-1110
-4858
1667
2097
-2685
505
4992
-4155
-1501
-1538
-38
650
4912
4959
-4901
1080
-485
-4088
2903
2203
-4162
-350
-280
-3818
755
3579
-1684
-2990
-2863
-1273
1103
-1482
1541
-3268
4674
-2807
2992
-3074
1901
3339
354
-1471
-2324
4519
3981
-3285
-2498
-3362
3046
-1306
905
-4127
-3818
-4347
-4019
772
-908
525
-1508
1619
3535
4332
1369
-3743
4544
4490
-2688
3358
-2399
-2412
544
-3409
-2520
1685
1239
45
-1029
1370
1291
-3270
283
-3209
1379
-3614
4930
-902
-3741
-2013
2963
-4133
3050
434
-4026
3733
4255
2778
699
-1501
-74
-4619
2546
2818
-1950
4428
-4694
4868
1691
-310
2317
-3081
1192
-2841
847
-4402
4188
-1797
-2437
-1047
-3662
-2950
984
-2131
-1973
553
-431
-3941
-2675
2023
-2995
3081
-1718
5
-4669
-376
2293
3978
-1173
-2993
3175
-2147
878
4382
-3792
-178
2244
2712
2807
2771
-2849
-4312
3597
3887
2913
2407
4495
-2077
-2593
3004
-3639
4191
-928
-2046
1640
677
2323
-2123
3986
2278
-3778
-3556
-473
-2418
2400
-2540
-3123
-3406
-3210
2860
-2007
4468
-230
400
296
1969
-1947
-3630
-3794
-336
-2642
-4535
-278
1200
4894
2541
4881
-2160
4627
423
-1407
3743
-3646
-1738
1798
-1625
-29
3918
971
4865
-3269
520
378
1157
-3195
-675
-3733
-1342
2788
-4454
2244
3753
4028
-3081
-3156
1997
-1665
2172
-955
1541
1891
1595
3264
1954
-215
3887
4578
232
83
2065
36
3971
-4524
-4150
-1538
-2831
2544
-2063
-4646
1411
-1906
-2065
-3446
1984
3005
-2156
-2956
-2545
-4078
4667
3386
-3340
-1722
-3999
-716
4856
-4610
2006
3854
-2051
3802
1704
4824
512
755
-558
4446
3458
-4400
2087
-1226
-3073
3379
498
3048
-1926
1819
1049
-1538
4996
-2767
-3536
-510
-422
-582
-4250
-3029
2367
-954
-2264
4941
3204
-3123
2493
762
-3179
-4155
-2634
2199
-800
4075
4600
-4129
-3368
-3978
-767
4059
-3107
1800
1354
-1870
1668
-1307
2148
-4662
-3046
2096
3039
4761
616
4388
-290
1819
284
2198
-2037
624
-1764
-103
1009
532
2085
-127
2473
4696
2737
-2256
-1726
1402
969
-4479
-2064
-938
-3409
-737
-3475
4434
4472
-1765
-2651
1394
2754
4394
3191
1769
-1303
3508
4727
-2034
458
-3497
-4157
-1423
1119
4819
2662
-1576
-3494
3149
-211
4483
1163
-4764
-2831
-1129
-334
2127
-3976
2496
3146
-993
-4555
4579
91
-109
-2759
-813
-475
1253
-3279
4654
1876
2572
730
1161
4063
-4680
3300
-3368
1519
-2908
662
609
-4247
-995
-4068
-1464
-2688
941
-223
3095
-1650
592
-2054
1989
3297
-4696
-1208
438
2315
-3573
-2931
3758
4472
1401
4498
4052
4723
3824
-1071
4914
-4742
2659
-1891
-762
-3081
-3778
2763
782
1985
-2196
2291
3163
4160
-3679
2527
-3295
1205
-1706
2998
-2266
-3490
-2807
2616
-1281
4939
1818
4099
-2167
2533
-1907
-2792
-2937
-3434
3188
-769
1194
4040
129
445
241
-930
3939
-4363
3579
103
656
-2793
-1880
1867
-258
4962
-1287
790
-4094
3839
-2570
1030
-3949
2156
3496
-4674
2204
4528
-3448
3746
300
3945
2743
-862
3335
218
-3605
4206
-4423
-2045
-419
1425
3155
-386
-4378
1472
611
-3215
-4020
-4563
3199
-4293
195
4937
-4532
1564
-4066
1380
4454
-1554
1861
-4494
-1050
2363
3588
3585
-919
3257
-3420
4727
1897
2516
466
-199
-607
-4506
-937
-121
-4047
4719
-2750
2069
996
-499
-2175
-2964
-3910
-341
-4378
2743
2938
-2008
2309
-1838
-1230
-4069
1982
-3648
-3807
-3879
-3764
-737
-1068
-4110
-4539
-1883
-1759
-1230
-4497
849
3213
-4449
2688
-3756
-830
-4740
4136
1092
-4403
-385
2434
283
-4420
675
3681
3993
-135
4585
-332
4896
-2953
1845
-1306
647
-4162
1888
-4487
-1029
779
-1290
-3767
979
2335
1759
-2759
4
-4328
-243
-2934
-1222
-2454
-1560
-1955
2853
-2454
-4061
-2169
-3718
3897
-367
-846
-4883
1748
-3539
1243
4222
3062
-2922
-4792
104
2069
-4254
111
-2133
-1366
-2817
525
-512
1065
-2526
-3346
835
-4184
-123
4457
-2980
3221
83
-2002
-3132
4893
637
3886
1859
4255
-1898
1176
4422
4803
-2279
-1017
-3422
4733
2553
-3207
2549
4233
3209
3995
1882
-2659
4477
4092
3079
3685
1553
1903
684
2257
-3772
231
2147
-4002
-4597
-3288
2533
3375
3987
-531
2433
1590
-4597
-1364
3061
-3369
-4075
4698
-2242
2671
-4267
-283
566
-1352
-1359
-2225
-1458
-4541
459
-2439
3246
-3395
-1851
1028
-3048
1179
-4555
-191
-1813
-2331
2218
-716
-2568
-3380
418
-4094
-3148
-2091
4373
-245
1913
-540
-4978
1659
4370
2318
-3791
2779
-3911
2186
-71
3544
1304
4133
3828
-888
-4572
-562
3313
-2245
-2605
-1349
2352
2341
-4017
4042
-2804
-1382
-4649
-1318
-400
-3839
-730
-4067
1674
-685
1655
4286
3733
4088
-3130
4931
711
3385
-3687
1397
-1060
-2075
-4156
-3722
-2105
1
-4515
-3201
1880
-1305
3864
1550
4762
4528
1760
-3855
-470
1616
-3292
-1632
2570
-1507
-4953
-737
4989
2903
-2138
3112
2579
-1852
2917
-1483
-3770
372
3283
1872
-2684
4596
3900
99
-3026
3947
-2951
-3866
2314
-4042
2757
3312
4291
1629
2776
-3487
-2354
-3692
4218
-2067
-163
2230
4451
-2041
-1928
413
3507
59
-3551
-1172
3175
-4677
3450
4680
-1200
-3376
-969
1730
2654
4462
2887
4909
-1861
-1407
2363
1242
-467
-827
2825
1969
-566
4532
-246
-4150
-335
-702
-4457
-1301
-531
-2772
-3526
-3315
-1904
-4043
-4743
-640
-4635
-129
-4324
2631
-4094
-4553
175
1958
-2202
-4654
-86
-2423
-3708
-2374
-2582
4017
861
2215
-4499
-3902
-4282
-553
2849
4459
-3211
804
-2834
418
-4248
-3657
1103
-4440
-190
3947
-590
2410
3486
-3284
-2586
4574
4023
2479
-1557
-4230
-3221
-2179
4840
-2488
-4343
1268
2569
3066
-2758
3467
3005
4872
1703
-4640
-354
2414
1768
-3955
3417
4066
-816
-904
-1077
-2392
-2391
-3505
903
-1319
1080
-790
-4780
-1812
-1842
-843
-187
-1031
-2922
-1168
1863
3515
-1378
-2083
-124
3979
-242
-4240
819
4058
3924
-742
-3224
-2534
-4328
4732
1764
811
-413
610
3529
-2011
-899
-3906
254
1810
1235
3071
4182
-4903
1609
-4588
-2476
3402
-2010
3056
-548
-1815
-4400
-947
-3251
2323
456
-800
-3308
-2187
-1758
-1235
-587
3206
4861
-242
-2872
21
1178
4906
3596
-2245
2104
-4745
-1613
-3554
-3072
4118
-2000
-1938
2362
596
-4733
-1855
3474
-794
4944
3920
-840
3705
154
3162
1167
-922
3986
-3365
4145
3256
-4405
4161
4969
3534
4032
4608
-495
-3270
3653
1140
3408
1965
-2917
-3981
-2778
93
1793
-4
-193
-3510
4176
3603
3506
-2140
-1741
-276
-199
-1959
117
-4253
-3677
-3311
3313
-2196
3220
-4934
965
-2075
-4062
422
1455
-3245
3134
2894
2350
-4487
2091
1898
-4442
4122
1417
634
-4238
3875
592
-4303
-1670
2164
2348
-4275
-3084
-3638
-4469
2528
3973
-2255
-4127
1409
-4787
-3673
476
1892
-719
1596
3957
-3565
2894
2114
-2
1798
1389
3550
-1196
2606
-4406
-1983
2501
-2095
4268
-512
3388
-3900
1040
4907
1562
-2197
-3541
4755
3040
-1366
248
2181
4579
-3776
-3751
-3864
-2496
-4845
2977
-3545
-3345
-1656
4256
4063
2501
-2246
797
-1985
2573
4122
700
193
412
-2725
2787
3169
2726
-3473
-3890
187
-2384
537
1128
-2519
-1437
3641
-2561
1307
4635
3742
4158
2448
-3277
3783
1932
-994
-2616
1078
-3507
22
2879
3412
90
-4289
-4132
-3515
3294
-2726
3517
-2567
-549
-3677
-4554
-2038
2212
-2109
-3680
-277
3063
-4348
-2846
-2284
-2238
2631
-2747
4171
-1334
-2290
4834
-3672
-69
-2218
-4067
1332
-1989
2664
677
1823
-4291
494
-1177
3000
-1505
389
1695
141
-854
-1491
3304
4259
1316
3255
3065
3968
-4017
-3555
2054
2795
-4468
-398
-4045
943
-368
1099
-4964
4963
3648
-1752
-1236
-1737
532
-4338
3862
-2340
-509
-2984
3232
-4821
3987
1623
1993
-3547
68
3295
4663
-2428
-4784
-1053
-1850
-2156
-368
2672
-1335
-1565
2039
-3211
-1592
152
2343
2248
2293
2816
3794
-2299
-4127
3045
3161
3171
-2694
2304
407
4896
3198
3930
3573
3623
-1196
1121
-1798
-58
2407
-3561
-2828
-2695
2956
4814
2650
-64
-898
-158
3386
-3991
4405
1977
-3724
-4256
580
4002
-1683
3131
-1650
102
-715
4098
1639
-2524
4693
3328
4515
385
-2440
-3878
-4149
3806
4083
-2702
-2953
2578
-4518
-4233
-3802
-4615
-3280
-3905
257
-4751
-4095
-450
3338
-488
2851
-1217
-4263
810
-4314
2599
-431
2902
4583
-4473
4371
3491
4802
3370
3085
3494
-2769
3275
4907
-1814
-563
1958
-3546
-3413
-3341
185
2097
2980
-3066
-2616
-2062
4777
-3455
1157
1127
146
-2107
1944
661
3573
-3047
-2834
-711
-147
-2930
-1433
-3882
-1328
4997
-1490
-3925
3917
-334
-457
-1401
3128
-2998
-276
1427
-3052
2992
-2447
3561
-1347
-2523
4005
-3442
4654
1217
-3183
-760
-2220
3728
-3105
1946
-396
-1907
3296
-1064
-4797
-3854
4301
3664
1578
-2262
1633
1126
-2427
-4447
-35
1483
-32
-314
-827
-4182
-2637
4791
3357
3573
4799
-4626
-1684
3977
4209
4357
-4980
-1495
-2101
-2684
3633
324
4575
4062
2991
3691
3861
3219
2300
-3908
2542
1012
-3616
3326
-934
-3570
4255
3511
-2265
-1960
263
-3797
2777
4249
-1195
-1461
2177
-1614
-4459
3240
-4565
4252
-2939
-4285
1220
-784
3987
-3111
511
-1729
-195
891
2946
-1226
-1296
-784
-1189
-294
4140
2873
-1097
-1870
1746
-4108
1259
-404
-4588
-2683
-3168
-1585
4300
71
-1133
-2166
-3955
-375
1992
3837
1957
3912
-3268
-2985
-2809
4385
-461
-1664
-1259
-3384
-4372
-2554
-3138
-4113
2500
-1356
4599
4829
-1300
2120
-855
-3760
4990
-1592
-1411
-3188
2544
3608
-1275
-4929
-1144
1680
1599
-1858
1757
326
4786
4764
776
3224
851
-4570
-1612
-4735
-3338
-1706
-659
3468
-2915
-3975
272
-559
-1428
843
4726
1903
-718
-2523
419
1046
2733
3036
3214
1067
2095
-264
-2161
1516
1484
-1091
-2465
888
814
-3099
-2071
-4048
3629
-2839
4566
1939
-242
380
-3205
618
-4485
806
-1458
3596
-2599
-1262
2095
-2542
-2862
-690
4710
-4458
411
3623
4714
-2821
-4504
-4469
2401
3590
-3038
-3442
-4900
2006
3478
257
-2989
-983
1395
-4404
1266
2479
1553
-1063
36
917
-1983
-795
-1384
807
2637
-1565
-4303
4031
-1072
294
-1635
-461
4399
890
-127
-4540
3146
-3332
1226
-1278
-4553
4079
1107
-3
-2206
4452
1202
-3613
-3266
-4712
1915
3837
-4987
2320
-2237
-3655
2367
2456
-4189
-678
-162
1438
-4165
3169
2981
2715
3707
-287
3226
-1128
4313
3466
4479
1881
4321
754
-1121
-4560
-1090
4348
-4958
-4902
3189
765
-4313
3575
4004
-1238
-4272
2424
2394
-4505
-4241
4518
4204
4906
2728
2835
223
1617
-1426
-1182
4612
4579
-335
-518
-4639
3376
2190
1237
2925
-2185
-4333
-983
2471
-626
-165
559
3381
-4947
-216
-1516
4572
-4782
-3152
-1917
3191
1170
-1672
2988
370
1630
4084
3664
3370
-763
-4858
-3109
3876
-2986
-2651
-4057
874
3724
-4615
-928
235
1980
-1008
3380
131
-2829
90
1235
-409
-2302
3037
-3170
-4716
3278
-4434
954
3423
2300
-4621
4571
4650
4272
-319
3560
4502
-2737
1830
3196
354
-1596
-4482
-4279
433
-4297
-1545
4501
-2605
-753
1523
-3174
2271
-4883
4072
-4264
1132
-4495
-4102
925
-1150
-4305
-2480
-1116
1350
2433
2327
4834
-554
-3893
2682
-2727
4167
3164
-3079
183
-560
3658
895
-1134
-438
-1593
1312
-2139
872
-1178
1103
-2464
-756
1831
-3043
838
-731
722
4120
1103
-1173
263
-1733
-2791
-4908
-4975
-4069
-3625
-4261
3921
1770
-2854
-2930
-2887
429
-1794
2733
2317
-512
2956
148
-4413
-2585
964
4434
-1764
989
-4568
-3326
-4915
-2700
2297
4012
577
3788
-3542
721
-582
773
4705
-1792
159
-1394
-1804
4912
-2710
-2971
2477
4441
-3948
2591
3849
-4450
2704
-4056
-2886
-2512
1520
-1674
-3778
-3731
3493
4687
4861
4078
3286
2955
-3345
-2151
-3931
122
2048
-2923
2415
-947
2455
2486
1182
-3690
497
4335
-3346
-4112
1863
-1
-4850
-4636
-175
3686
4584
-434
-3162
1063
1371
-2180
3849
-188
2660
-4519
2071
3272
4435
-2324
2908
-3431
4420
2226
-348
-4507
634
2839
3858
-84
263
-3047
-1968
1633
315
-26
-4954
-2528
-1041
3740
-4391
-4993
-1995
-4940
4455
-2567
3247
3743
-1434
1721
1788
4219
342
-2484
-2785
4264
-241
-3763
4017
4069
-2045
-4413
-4582
-2422
3093
2193
-3671
-2579
3812
2845
-3465
-3416
-3998
3294
-1878
-3488
-4390
3833
-418
-3523
-2414
-391
2501
-4137
4640
-2997
-4498
-514
805
3820
2533
-2907
2492
-1765
3777
1821
4703
4496
2526
-3726
-1119
3322
947
-56
-659
-1923
173
-274
4563
1073
-2604
1659
64
1947
-1000
2634
4160
-4969
-4295
-3308
-2296
2788
-4401
3486
3195
4168
-4037
1876
4401
-91
4185
622
-4094
2048
-1083
-15
-4891
197
4473
4784
3858
2652
4195
4039
-4393
-2917
748
1612
-1748
-2230
2048
1418
2118
-1199
2892
-3243
-414
-848
1797
2292
4055
-2385
2523
-1410
-644
-3066
-3265
2674
4176
226
2169
-1130
-2397
-4406
-4061
3101
-2213
-1438
-1449
-3143
-2710
1325
3161
4097
4517
-3107
4636
1639
-1409
-1034
-1203
-1852
-1961
-1880
1735
2394
-680
3192
3825
2680
2206
490
4668
-2872
-604
543
3411
-729
3780
-1837
3487
-4409
-2844
421
-833
-1700
-3553
1863
154
1261
-676
-1188
-1760
-802
-1802
1086
-1569
1055
-2823
-821
-851
-1501
2594
1022
1091
2645
-150
-4835
4299
968
-3662
-4506
-3196
-1630
1988
-3041
2383
4524
-522
-2736
-95
1970
-4449
-2722
2608
1250
322
-4005
497
-831
1864
1963
979
4925
-4771
3957
3411
-1016
-2073
-2206
886
1788
-3363
-3463
-1806
-1066
-780
-762
-3004
-803
2545
-4866
-1751
-3539
4116
747
1513
791
-4872
3207
-2347
714
-2496
2444
3140
4991
151
555
1935
-1205
-1307
-189
1025
-479
2304
1422
96
267
3709
1094
669
2973
903
-554
-3203
-3171
4900
-1065
1405
3343
-1074
-624
2540
-2092
-501
1829
3426
-2888
-3317
2199
-1907
-2235
1149
2250
-4806
-2679
-4654
-3275
-3170
-4628
-4467
3784
-18
608
3363
3390
1028
-1581
3061
3443
-3566
-2407
800
-736
-1549
55
-2559
2337
-2206
-2631
4152
-237
4047
-690
1599
2298
1836
1206
3429
-3732
-3851
-3907
-2840
3861
-431
-43
-491
1246
-2045
4086
1735
4594
3796
1750
3957
-2900
-1190
-2856
3827
-4713
-206
-4611
48
-392
1295
2036
-32
-4504
-3849
-2006
-3572
-1542
-4001
-2679
-1839
-4115
-2091
1866
-2390
-1064
-1419
4763
-3363
2517
-2177
-1090
1781
2378
4699
3504
3412
-1759
1205
1311
1512
-179
4227
-2256
-999
-4977
384
1782
-3594
-3286
3178
-3749
-946
4953
1203
-1433
3538
-4926
-7
4539
4880
-1533
-81
-1709
-4965
239
-3911
2647
3997
3678
-3599
-4533
980
2490
-4827
-2910
-4796
3322
1075
-3500
1022
3023
-3680
1691
3202
-3806
3012
-3756
3914
4337
-1779
-437
-97
3181
540
-1154
975
3532
4053
956
1084
579
105
-2686
2926
1274
-1688
4732
-3303
-3280
4906
4591
-3624
1706
1871
-1088
-1836
3398
-592
-2948
-187
-1933
4100
4461
-3824
-4023
-4333
3097
3876
-3291
-3906
-2609
4746
-1727
-141
2097
-2648
247
809
-799
1499
3944
2332
-820
-4755
506
-4870
-1353
3621
-3427
1434
-2520
1042
-4138
3569
4216
-1109
3790
2008
1801
1992
-3420
1176
3072
-2279
1659
-1002
-2609
-48
-2943
-4065
52
-650
-771
-2121
4944
-3276
4176
-4704
774
2778
841
-3716
3607
-3217
-2495
-2563
-1338
4673
-865
3182
-901
-2510
2530
1622
-4401
-4160
2555
-4134
503
-3194
-626
-2916
-3498
4656
2897
3561
3041
-800
-2067
-2386
1754
-4511
-825
-3942
-4424
-3025
3161
-3716
721
-287
480
913
-184
-4624
-2080
2419
3634
668
-1429
-3269
-3243
-3325
1253
2448
-2457
2992
-4003
-2533
1800
2969
3082
893
-3064
-4308
3504
4680
-4181
2017
4004
-4274
-3548
-1120
-4464
-4945
1994
3570
-2104
-4852
-798
3253
-2375
379
-816
511
762
1270
-2188
1259
-1368
121
1329
-1683
-2350
734
2614
-2066
1887
-10
-2348
-4229
-1607
3631
-2414
-2499
2144
-4599
1108
-3197
-1560
-2519
-3563
-3959
3039
-2350
754
-2576
-3630
4353
4902
2923
4440
-547
4933
3151
662
2858
-3659
-988
3639
-2507
-3770
4978
-2987
2332
-1232
-1235
2092
-1277
640
2727
-1174
-3471
3971
2430
-372
330
-1844
-1540
-4862
1651
2251
-686
-3527
4846
1948
-1783
-113
-4504
-2238
-1889
2621
1082
2460
-4838
-4384
1165
3702
4615
889
373
2126
1918
191
-2235
1829
-3064
231
216
-322
-572
1489
-203
1078
255
-4666
3681
131
-3520
-4064
4698
-3153
-4539
4197
1500
3685
-1265
-4823
-815
-2604
3771
2192
4285
1675
1051
4362
-842
652
-3424
-284
-3439
3488
-18
2883
2390
1701
-4522
2216
2445
3990
3453
1426
-2141
-2913
-3358
-4484
-250
-1385
4038
3285
3559
2967
-1360
-23
963
-2158
-3270
-693
-4755
-2445
975
-596
-4334
4993
-4230
3908
-3714
-3675
4054
-840
2040
-2881
-3112
38
2554
3390
-3948
-1926
4966
3128
1205
4436
-1413
4015
-4982
2539
884
134
-4786
1837
4113
1453
-153
-3170
2926
591
953
-4574
2564
-2886
652
3074
-418
-2387
3837
4298
-389
2304
-1163
-2596
3784
-1948
-375
395
-4819
-1037
2993
4059
733
2441
-1879
-1314
3015
-2348
-369
584
-2571
806
-927
-2249
3578
-554
4824
-1052
923
1684
-4044
4591
2768
3451
3972
3369
2162
2644
-1565
-1679
-1524
-544
4427
-2029
-656
3435
-2722
-708
4236
2328
205
156
-2180
4433
1799
-1718
-700
-2887
1255
-479
-1099
-784
2750
-1891
559
3318
-4435
2887
-25
-3007
2886
-1738
2928
834
-1732
-493
2606
-2959
-3155
2636
-4877
-3443
4487
902
2687
-2841
3044
4618
-3192
1318
3939
2225
-2792
1810
28
-1805
-4402
-3583
2022
-4135
-3746
3177
2643
1294
1544
-2033
-3019
602
3569
-2581
-1407
3476
545
685
3707
-3796
2986
4179
4317
4436
1122
536
4882
-1155
-4300
-2186
-2113
-2934
-3368
929
-3756
-4290
-1077
-304
208
1205
3785
1310
3659
-2256
3182
1950
2519
2585
627
-1293
-1903
1514
520
1611
-4911
-1899
875
3295
1455
3391
4892
-3404
77
-1469
-359
2383
-1948
-3467
-4964
-4178
2807
3529
3471
-1427
1230
950
3524
2253
3700
1137
-4835
4848
-1638
-4272
1701
632
24
3977
752
-1767
-3093
-1882
-316
2869
-3638
4798
2934
-2249
-1059
-356
-105
-1425
3730
4472
2485
-4733
-2578
-1392
745
-1133
-633
-2124
332
1820
-3772
834
-2811
1409
-2291
877
4582
-606
-2157
-2215
-3937
526
1523
-1278
927
4793
1454
-3402
3700
4580
-4725
3601
1385
-244
-4720
-734
-4623
945
782
4259
-2969
-4252
3867
-167
-690
-717
-879
-2159
1427
4540
2654
-4915
-789
-1347
158
-3533
-3493
-4224
-3173
-4105
2726
-2113
-565
1938
-3136
3221
846
3228
-4736
3674
-2350
683
-2281
-3266
-2667
-3455
1698
1248
1914
-4974
-1407
4604
-3145
-3473
2116
-1377
-171
-2707
-295
-3623
-3613
-2235
1229
688
-4835
-4961
-3998
-2035
1859
2159
893
-3024
4924
3955
-3535
4623
467
-3340
-1878
1941
-3361
1413
2814
-3010
3025
3726
-888
3218
271
1477
2487
1851
-1770
4226
-66
-3036
756
-3262
1533
3181
-2815
-2293
-2285
-1322
3262
3338
-4958
-3058
-2797
4109
-3813
-487
-2192
2096
1679
232
-4784
2003
-3235
1080
2173
2959
744
-902
3393
-1932
-3965
1135
-1158
-415
-1392
-3854
-3302
3603
-640
-924
-2321
-4116
1986
-4289
-3371
1741
1291
1015
-2290
257
4819
-3087
4159
-3946
1099
2983
-68
4354
1988
635
409
3496
-3345
-3317
-800
-872
4833
2726
-270
885
2531
1546
-2651
-4622
135
2776
1071
3369
-4391
4288
-2360
2660
-3534
4699
2607
-4044
-2572
1434
2626
-367
-2598
-4663
-1538
-3484
928
-3779
-1930
-3742
2419
4263
4758
2108
-4352
1213
848
-3384
-272
2251
1838
-4580
4915
276
3981
2763
-489
-2108
-2823
-3672
-394
3429
-4651
532
-2342
-1327
-1025
-4915
4672
2890
4600
-219
-2436
1073
4438
2457
3780
4777
-4083
4786
-711
250
-2812
1956
-244
2365
-3645
-3359
-4710
3956
-4229
-4162
2171
-4449
-3022
-900
-4469
-3115
1067
3555
963
-59
1212
-1114
-4712
4098
-4630
4870
1406
3421
798
-3623
3764
2230
-2359
2261
4658
-653
-2535
4533
1949
-4025
347
312
190
-3212
-4289
-2711
-2528
-1612
-4162
2706
-3389
-4022
4144
3014
4239
3293
-2903
-2663
2398
-3340
-4953
-3625
3386
-4336
4615
2998
-302
1169
-1778
-3140
3715
1126
-2860
3769
2495
-4668
676
-728
-3032
-3030
3762
2067
2484
4004
2033
-1178
3046
-1461
-2896
2617
3903
3131
474
4317
1604
-4327
4920
4162
399
77
-3159
-348
1462
