16269
-3929
-4184
-1651
1198
-4082
755
2064
-1982
1192
-788
4221
-1867
-540
-2255
-3151
-2211
-3446
-705
4661
3390
-301
1800
-1228
3430
2269
2439
-1340
343
-1627
4762
4452
4945
1088
-2945
3872
3321
2380
-1385
1312
3924
2233
4828
3775
-389
716
-1523
2327
-1764
-4175
4740
1860
-3000
2483
-2446
-3281
1661
4534
-827
1881
3825
-3295
-1259
-1602
47
-4919
-209
-2375
917
1183
4365
4474
2419
-3759
-3731
-2314
-2004
3283
1204
3425
-1934
-2600
2867
-3869
2298
-2335
2752
-1915
-3281
2280
-902
-4291
3746
-3028
3537
-2083
-4034
-1258
-3345
-2208
-4681
-2173
4988
-1485
-2904
3158
3801
4905
-3577
2438
-3606
-1386
1697
3615
-3639
2741
-2573
-3951
-3986
-1798
-3851
-2836
-4547
-4686
3881
-4646
4521
4954
-4076
565
1207
4290
-4149
-4928
-4094
4488
1205
1669
4714
4540
-293
1246
3145
510
-1763
2786
-3066
4961
-1370
-4652
-2619
2523
-2267
-4378
-1641
3788
-1590
-4571
-1961
2631
1341
-4067
-3497
2319
-4308
1253
-1180
1810
-849
3714
515
4912
1973
-3771
4018
-4090
-3314
4834
552
3466
3513
-583
-1050
440
4493
-1503
-3858
-1627
-1446
2712
4557
2066
-3469
-2019
2648
-1082
-90
18
1800
3106
2180
-8
-4193
1672
2826
-3011
3995
-4511
-429
-2658
-4559
-3334
-1888
3822
-4026
429
3978
-1777
1609
4039
3520
-1164
-3375
1888
-2621
-4618
1912
4404
2258
-3484
-380
-4178
3328
-519
-4603
-3314
-3364
1990
358
-3611
-895
3054
3315
-4061
159
1109
-2123
-4375
-1302
-4717
4530
-1436
-4466
-416
-3600
-785
-1350
4819
2913
265
-2410
3079
4455
1347
4993
2482
3569
-4292
-4356
-217
-2057
1005
2760
-1447
4570
4832
3389
3304
-4996
2929
-3533
-4289
-2188
-2915
860
113
-990
-2140
4799
2936
-4772
4358
-4409
-230
4320
1979
-4332
-1499
1682
1526
-3729
438
4314
4067
2242
-1813
-1798
-4485
4133
1169
2761
-4692
1580
715
-2704
-3599
3839
1278
-2305
3492
-3929
4026
4544
4957
2666
4806
-69
179
4966
-4649
3207
3263
-1060
-3798
-2508
4607
-674
-4285
391
-469
4403
1868
-3127
3601
-3118
891
-3777
-2644
2741
-270
-700
-4230
-1110
-90
4443
-2222
1094
4716
2320
-4940
-3304
-729
-1848
4834
2620
-3742
256
1428
-4509
117
749
-3891
-3131
2626
1807
-1741
-4508
-1050
-3211
4477
-1701
2967
89
-447
-1847
-4148
3351
3191
-2806
294
2811
129
2136
3679
-1705
1172
-2995
-2401
2265
-1207
-1832
864
866
4872
-77
552
-145
-3598
4665
-651
-548
-557
1617
-4366
-540
4679
2100
2422
761
1871
-2674
1792
915
-2414
-1282
-3350
4000
-3501
-1509
347
-2996
-4963
1616
-1120
-572
1525
3404
-2740
2599
-509
779
-1380
2437
-3837
2917
3011
592
4164
-4282
-1842
-1284
-982
-1902
-4201
-3073
-2482
2114
-3679
669
-3043
-2293
-168
-1687
2
-117
2330
-3707
2279
3040
-4817
-2202
-1228
2982
-4119
4312
864
-2559
3234
3799
1668
-408
-4892
1988
-3239
-2671
677
-4674
1732
118
-2197
-3171
-111
-368
1777
533
-367
1743
-3122
-908
-3362
-4858
-4002
503
-3975
3336
4440
-2509
-3248
2568
-3824
4492
4738
1656
-2270
-188
-1793
3452
-3586
-3705
1652
-1328
-339
-660
1382
-1260
-1414
-1069
1300
-4136
-1206
-1938
1876
3443
2800
-4738
-2736
2943
133
4614
222
-3841
-901
123
-1411
-3884
-3629
-3933
-856
2684
3415
-3875
2460
-2905
-2967
-3126
-3740
2539
4499
3494
3142
-2231
-275
2249
-3047
-1431
359
-2746
2130
-4996
183
4486
-4919
1045
-3897
3487
-3276
2522
1179
-119
2707
1384
1626
-3884
-3184
2246
-1727
-1545
1211
-3788
-1603
1464
859
-4021
-2298
69
-1548
426
521
2043
2230
730
1354
2116
1238
-907
2102
3914
-2522
4981
3951
-4381
-1787
4381
1764
3838
-3007
-879
-1996
-4279
-3795
-1690
-515
-4786
1265
4555
-3254
-685
1431
587
-903
-2253
-2248
-1094
-1124
1144
1347
-358
1814
-2872
-611
-1789
-1896
1307
-3974
46
-865
-704
156
437
2895
4480
-2159
3539
886
909
441
-1740
-1777
3328
-4858
-4030
-2055
-617
4992
784
-4415
-1219
1437
181
3805
1158
-1742
-1934
-63
-4997
-1442
3045
2471
-4083
381
-4951
-2777
-492
2980
2305
-897
-756
-528
2678
-348
1244
-1560
-559
918
1763
-4983
2405
-2887
-212
2192
-646
4000
4631
4800
-2577
3504
3397
1161
2775
-4688
2968
173
-1027
918
1299
-61
424
-1991
2275
-2252
-4141
2487
-453
-2097
96
-240
-375
-1687
2937
4809
3557
-3781
-770
-4642
-3345
2441
2471
-3130
708
815
2583
-2537
-4590
4674
-22
2909
3195
-4544
873
1964
-360
3665
-3664
-4066
-4586
-2514
-1957
1511
2408
3834
-738
2457
-857
1984
2420
-1083
2026
3695
-3711
4927
1603
761
-4220
4111
-1516
3009
-4495
3363
-3233
-2685
-1008
3713
3136
-1480
580
4471
101
3734
2503
1260
-4693
-3629
-4311
-365
-935
-2567
2546
-3038
-4294
-2303
-328
2158
777
569
1753
-2339
1866
59
-161
3135
-2260
4817
2547
-848
-2283
-55
-2988
-917
-4380
624
-4188
1542
-2866
2065
-4015
-3680
-907
-1004
3474
-595
-2484
2656
-3749
-3997
-1880
474
4145
-3465
2856
4269
3382
-1977
1336
150
-3422
1376
-1411
-3689
-3694
-1770
801
-3074
-4049
2639
-1114
-3064
-1328
4027
-165
2565
-3969
1334
-3536
-3097
1360
-167
-1156
-235
-4581
-2936
-4314
704
4461
-2731
2520
-376
-4107
229
3986
-3395
4230
-1746
-3054
-1145
2272
4912
1244
-2412
1107
156
359
-4015
-2217
2469
644
-757
-1587
-4846
-328
4619
-1504
-4895
110
-4356
4894
-1176
4854
-2540
487
-441
-2118
730
-2087
-1601
247
-2905
-3113
-4662
1405
-1234
-282
-4837
-4322
1259
518
1651
680
-426
-3459
-1163
-2521
2157
-101
3290
1429
-4047
-1767
-4924
65
3094
-307
-3779
-3858
-500
2660
-3510
-2994
-1045
1505
3057
-2656
-1890
4806
-3809
-1401
2467
51
3452
3327
140
-279
-322
4051
2292
-787
61
-3803
4496
-1722
2531
-3382
-43
1845
1771
707
-1120
-2041
158
-2051
2831
910
-2700
968
-3722
4467
1717
4444
-1728
40
-2963
4715
-3076
3683
-3283
-2745
-4484
1663
2960
-4410
3679
-1169
-1060
3471
1865
458
-341
-1963
-3095
-2774
644
-2381
-939
50
1897
-4749
-3209
-3932
2954
429
-4135
-3477
-3116
-783
-853
-2989
2290
3311
-1319
2782
4386
3114
-4312
2697
-1124
-3262
-3178
-2440
-1389
2296
3682
2191
-4315
-4398
-2685
4461
-2982
4616
-497
201
1423
2641
-1417
-965
4872
-2767
-4863
3700
4237
-4301
-899
-1262
-1876
4023
-3768
-4446
162
3178
1653
-1938
367
-2631
-630
-3087
-1085
-2280
2902
-806
-4498
-2367
2516
-2234
2431
261
-295
-2144
-178
161
-1447
1241
-138
-741
2611
-1147
-4739
-1488
1604
3792
18
506
-2444
3689
1849
2430
581
3977
-331
4822
-3808
-1144
4726
-2165
-1860
2728
1500
-498
-4199
959
2814
2077
-3740
-1711
-4685
2516
-3959
4130
-4602
-2464
2103
-4203
-287
2041
1481
3410
-1546
-1982
3114
-6
-2991
2697
4716
-671
-3844
-4802
-1526
4201
-4527
-3719
-1973
3494
-2537
967
-1346
213
-3278
-553
128
-848
-3785
2894
2538
-4858
1
-4794
-959
-1053
1737
2208
-3074
-238
-3667
1528
-1967
-555
-3545
4460
-1815
1849
4319
2258
-3542
3220
2594
3342
-1
1816
-1208
4319
34
1911
-2677
4346
1366
-2816
-3027
-384
-4914
4213
-1892
-738
3731
-244
-1363
1351
1096
-1100
3786
-3473
-2673
-157
-1092
4879
116
-4665
-690
-4287
4257
-3302
-4709
-1338
-2638
4843
-1777
4123
3383
-4806
-1542
1358
-945
2572
-3362
3951
3813
157
-837
-970
-3964
4628
-1543
2842
-3827
-714
-1866
404
848
-4842
1468
1095
846
-267
-1451
-3320
-4771
4103
-3868
2375
3501
-1716
-2793
4078
1528
-665
87
1827
-2169
-3666
3608
3570
-2131
-4283
2011
-1255
432
-2876
-951
3590
-4532
3067
1858
-939
-1077
4911
-3996
2268
-2954
925
4291
617
-1273
3016
-3127
-4004
3413
-1651
-2229
2565
3670
1856
3770
857
4726
-22
4673
-2726
384
3091
3956
3013
-1844
-2639
2463
3452
234
-1974
1627
-3813
1102
4888
-1397
-4996
-2480
-1679
666
3062
1285
2118
-4889
4704
3858
-3592
1504
-4187
-718
3151
-3432
3874
323
-4581
-2550
2694
3840
3848
4219
-1116
818
2781
-3217
717
1407
-4740
3410
922
-3212
-2176
-2423
-1938
-2359
2521
-92
3342
4460
2057
-4885
781
4067
577
-3198
-3494
-2906
-4648
1623
-3733
-4524
-1324
-1147
2211
-605
-3409
-4952
-4234
1543
3766
-108
-167
2973
-1254
4509
-2582
-3071
4620
224
29
-4863
4157
-2435
-1233
2079
3444
-3866
3796
645
867
-4269
1549
-1126
-216
-4414
-1280
3039
-1717
2583
-4356
-3903
-740
1077
954
4705
3567
-4681
2040
2088
1428
-973
1969
2932
2061
-734
1075
1797
242
-2404
-3753
-941
4141
-2839
3764
3289
1852
2248
578
4569
-2785
229
3584
-1416
-1346
-2208
3639
-3875
2353
2407
4945
3931
4915
-2564
-1526
-225
1216
-1357
-4418
-1620
2277
4500
-915
4589
-170
3904
-2239
-1678
-2558
-782
-2860
4299
-2597
-865
-1812
-1293
-2131
-903
-3914
-2646
-4798
3068
3697
-4895
-1399
2195
-1078
-493
2397
2667
-1340
-2254
4263
-2622
693
865
-2626
-639
1541
3559
1539
-3948
4651
4459
227
1575
858
-322
2194
3524
-1982
-1193
-1152
3980
2947
2240
635
-4743
-1732
-1335
2925
-2632
-4289
-3922
2802
1813
2525
1120
-3220
2915
820
-3304
-1935
4068
4530
4645
1413
-4495
-3350
509
-4847
3218
1007
-254
3292
2284
-227
-4578
150
-3858
-2458
7
-3002
2200
2366
4391
-1211
-937
-1459
-3884
-650
1778
-3076
-1782
-150
-355
2287
-3816
2605
1271
-497
-2663
-2897
3144
441
2310
-2820
-1842
1925
1356
2358
66
-1329
1593
422
-1344
-1611
4471
699
1397
-885
1358
4049
918
367
1256
-1208
2321
-2592
-3029
-2017
1889
3651
35
3450
714
-1085
2902
1506
-437
811
-1333
-1842
264
-4942
398
-3958
281
-1216
-4716
-3773
3338
-578
-3715
-1761
-1132
-856
1167
1707
1610
-231
-3782
-1742
41
2316
-4748
-3740
1372
2177
-1749
2133
3317
-3423
-2200
3766
3127
4349
688
3233
1107
4245
3954
-4467
747
-1144
-2253
2685
-1462
920
-2247
2638
-3072
-4445
-3330
-4243
-3524
-4799
-2461
-2598
-445
-1888
-4827
2466
849
267
-2814
-1813
-631
868
-2527
1932
-2598
-2080
3018
-4767
3775
2961
-249
1177
1581
-1631
3840
-2301
117
-1378
1718
-2134
1791
-4977
3742
1415
713
-3915
3462
-1224
4234
2884
4937
-3110
2973
2754
-2453
-4170
2797
1060
1149
2254
-1033
4436
2161
-4869
-863
4619
-3719
2249
-4291
-702
-523
-4050
2810
-1666
1742
-1561
-4835
-1707
4552
-2890
-1961
2939
3453
-2940
2436
2310
-3923
-2840
706
584
3806
1390
1622
3053
3783
4194
400
441
2176
-2136
726
-3726
181
-2027
1392
4971
2960
-3693
-4389
-4435
-5000
1476
1003
4360
-2541
-4470
-2434
3605
3029
-3654
-598
1193
-2662
-3902
2498
4100
-3490
-4077
3559
-3678
-1325
4129
-2438
-992
-1599
-4473
4204
2492
-898
-992
4008
-742
-2363
-3679
-2910
3938
1929
-4615
-4401
-3913
2432
-92
-4830
-1553
-639
-47
-1231
3811
1435
542
3380
4128
-3068
-1210
2095
3126
-481
3875
-1188
-3875
-1291
2120
-1463
1134
2654
4804
911
1274
21
1962
-3283
3156
-2552
-1530
-2063
-1883
1353
1000
3185
-3953
2327
-1073
-4024
-147
4274
-1972
-1178
3799
-3723
2030
-4351
-1692
1268
-349
721
-4106
2657
2356
3694
2032
3285
2275
-3693
-3696
-4279
-1739
4855
-1088
-4835
-1515
3726
1348
3013
-3002
-3424
1685
-1811
-135
-814
517
-3837
2251
4933
-1504
-71
-4366
-4452
-420
18
547
3123
-3300
-2064
4805
4892
-810
-1953
-3154
-4814
379
-86
-2463
-1902
-509
-4194
984
-4856
407
3771
-98
838
4902
2670
2865
683
2176
1981
-314
1520
-4660
1964
-1064
-4218
628
-1541
-3279
-2396
-3244
2995
2918
-1403
1129
-4540
-531
3566
-2127
-3121
-1165
2113
3700
972
-751
-1144
1862
1586
801
25
-3759
-361
1710
3311
-1506
-4478
-1108
912
-2075
-671
2674
1579
-4600
3388
4523
3497
4074
1611
1268
-3641
1423
-2311
-3793
-2710
-921
-2304
2174
-2601
-3443
3520
-1811
3256
4984
-4357
-4813
-2565
-330
4981
3367
3628
-3637
-3616
1583
2765
-3317
152
1044
-269
-865
-301
-4141
4691
3938
-2271
4184
-63
-2268
641
-1512
2998
1247
-78
108
4556
928
4168
1175
-3983
-2279
-2128
-2673
-4080
-3680
-4593
-3295
-4059
-3489
-3407
-2679
-3757
-3405
-4264
3839
4119
-3579
3769
2662
-1834
-4505
4673
4182
-4866
-1474
314
869
-3775
-3332
-341
-2422
-4503
-3938
-3764
-1627
-2564
-4802
-2436
2769
255
-1613
862
2611
2384
-4415
1889
-3868
-4681
2938
-162
-4801
-4709
-3223
955
134
-4701
4281
-853
3823
-2484
4255
-495
-2515
-2232
-4862
-4180
-320
-1755
-208
-1269
3138
1330
3636
-1824
-3950
2067
-1169
-4690
4738
-1506
-2888
3421
857
-2087
-3391
-1426
3655
4238
424
-4620
1498
-733
-4224
-30
2414
-289
-2836
-3713
1246
-4412
-4654
-1718
-2661
4225
-230
-998
3489
-4502
614
993
-798
-1319
-4617
4460
1127
-8
2236
-3718
-4672
-4601
-795
-3977
3729
3742
463
4954
3868
-1974
-4070
-1105
3775
4952
-3701
2778
363
-3128
3299
-712
999
-4469
1365
9
-74
-2880
3452
4065
-316
3987
3343
-85
2864
-4926
-1182
1748
-1578
4501
4480
-177
2631
-1318
1221
3886
3975
4688
-4844
2320
-4887
-2179
-2651
-883
-529
-2992
-100
-3605
-3467
2860
4515
-817
2427
-3480
4189
-3597
3551
-1403
4170
170
-3826
2299
-3265
651
-4877
4389
-3874
707
-3071
3394
2984
-4635
18
-350
-2240
3082
-3153
-3796
-76
-1588
2903
-1749
2666
240
1992
3898
-3504
2670
-4313
4106
-1383
3844
3452
-1589
2537
-2226
2232
-4096
3011
1049
-2424
1234
-3167
-3816
4825
-1582
4848
-288
-214
-4184
4227
804
4662
2832
4754
-4757
-1553
-2785
3715
645
839
4503
10
-3053
-3399
-371
-187
1942
1956
1007
3375
543
-1282
-2824
-117
4210
3428
4990
-2458
1389
3559
-1699
-4594
-4243
3368
-1479
2558
2332
2079
-3262
-3805
3173
-4110
2381
-2815
994
2668
569
-4809
2386
4244
998
4196
838
-3148
533
2771
1657
718
-701
3021
-4495
-2491
2979
-581
-3740
-1935
-4963
-406
-3217
304
713
-1239
-3738
-1099
-2681
684
3377
4538
1596
-607
70
-2533
-4780
-755
-1816
-3379
1702
3465
-601
-1515
4708
719
4675
-321
3300
4004
2657
3198
4484
4986
-530
4131
-4399
-1609
1844
4187
719
-4888
-7
2329
-546
4014
4237
-340
-1225
2772
3304
4378
762
-3195
-1303
-2282
4343
3477
-4116
-944
-3742
-1683
4354
942
688
-372
-3183
-3708
-883
2364
-1648
-4826
-2536
-785
1959
-1423
4785
828
902
4218
-886
-4905
2051
3457
1836
337
4186
3016
689
-3636
3869
-1903
1512
2528
-198
-4207
4943
108
669
-908
4569
1973
-4547
1520
1674
-3252
3827
-1442
-3080
336
3795
-4883
-3177
-3650
-4733
2731
-319
-2476
-3504
-2584
-2409
-1785
-4913
2107
2385
-3976
-1029
1288
-4047
176
-1946
-3521
25
1438
3365
4370
-904
-2205
355
-1749
2755
-3317
388
-2466
-2640
4995
1398
-2472
4684
4523
2964
1752
2055
-3884
4429
2346
133
-864
-1224
3579
635
3310
1843
-38
-1239
-4931
1566
-4215
-2813
2576
1546
2751
4410
-3783
-1107
-4672
-4484
5000
1472
-295
1868
-701
4799
1651
-733
2155
2628
-3801
-1953
2130
-210
1429
-4726
3934
1736
2459
3695
-2791
4199
-4590
1310
-4140
-4235
-23
3129
668
-2408
3703
35
-1330
1130
-1960
-4472
2845
-3542
-3379
2950
4927
-3956
-1252
-4354
-3643
-806
3407
4050
-2702
-18
2926
3601
2309
496
-541
-1882
1132
-2574
-79
-4249
4624
-1374
2856
-2421
-2888
-1470
-3454
4023
-3586
102
-4216
4168
-580
-965
-226
2161
921
-1623
-134
4613
299
-2068
2217
2512
-35
4361
2569
-546
-4349
-1850
-1503
4539
3045
-824
3834
661
-2910
4452
-138
4262
-3280
348
-4969
3179
4668
-3246
1452
2929
-709
-4144
-3846
-1876
-2602
-2314
1101
2556
-2492
3004
-3172
234
-1797
-2822
3236
-2298
-3990
4297
-3616
-2867
-4212
-2198
-1723
3733
-4135
-3244
-81
-2004
2800
1968
-1783
2009
-4166
1510
2924
2696
4102
3204
1908
-1601
3021
-2175
-203
1823
1237
-4298
4475
-2524
-590
1422
2738
1264
-3656
-3288
-4288
-2853
1166
-4396
-2263
3516
4558
1087
-1923
652
-1724
-3557
2176
3581
570
3630
-2261
-3702
4928
-3921
-1472
-3906
3885
-2472
3224
1203
-2471
419
-171
3635
-1575
-1222
2847
-3352
2371
3477
3967
-868
-1864
2450
30
1610
2887
4779
4904
3205
-4705
-1752
-636
3520
-1811
-3335
2291
-4329
3600
4397
-932
4937
-1747
-4185
-4606
-753
4658
3486
50
533
272
-3923
712
-3317
4885
2485
-550
-3725
-3164
-3311
-3279
4558
3233
1477
3473
2931
-3512
-1710
-4064
-1381
4782
-2213
3081
-1759
-4663
-4738
-839
3437
1173
2153
-181
-1966
-2277
2218
3826
4982
3756
3148
-4316
365
728
-2255
3299
1444
-792
-2993
2225
-4657
-902
2762
982
3980
306
-3369
-1386
-820
-4566
-499
-4010
2277
2002
-3297
-3632
3189
-1198
14
-468
718
3008
-3681
104
1579
2500
3170
1645
4125
4923
-2998
3082
4707
3693
4802
619
2307
-3025
1039
682
362
4020
3414
-3681
2837
564
66
-1828
1421
825
-3047
550
916
-518
-2526
893
4628
4824
4284
992
4453
2062
-4274
-3356
2636
4898
555
-4921
207
-4377
3038
-2114
-3447
-4503
2186
491
-2664
-1643
-52
2678
-1908
-3673
1879
4017
-2750
340
-1666
-1531
-945
-2546
342
-2651
-4066
-3372
2819
2585
-1683
2744
3228
3940
-2727
-2292
-2436
-2224
-777
-4200
-3196
3186
-2843
1133
-1939
-1759
288
-4891
-285
-3883
1240
-3721
-165
-124
-3798
4747
-2305
-2672
-3342
-4370
-3050
1017
3083
-3278
-4025
-4452
-3812
-2249
1862
-434
2105
4230
2553
-2471
4602
-1783
2587
1586
-1257
-4173
-4626
-3527
-1693
-2938
-178
4071
37
-1480
-2472
2547
2740
4997
-3045
308
-3661
-2840
4196
-3649
-1463
733
-4185
-781
-3548
4750
-3137
590
-1421
3702
700
-2538
3772
2502
87
4783
1531
-4777
-480
4406
1630
-2591
-497
4016
-3387
-2403
1703
446
-213
4516
4851
-1206
-1418
4346
4875
1120
-1511
3338
4023
-66
-65
-4787
-1403
4804
-3394
2471
-269
1497
-2080
2989
779
-95
3039
-65
2896
-1451
1185
-2116
-1123
603
3359
-1335
3104
4831
-4263
4761
-4463
4896
-4699
-799
917
-2690
2355
435
-503
3244
-4137
3253
-3273
-503
3757
3470
4729
1516
323
789
-2480
-1034
-2659
-3910
1589
2309
-2824
1926
3173
-123
-2410
-811
3687
2951
4722
4949
-738
-3783
-462
2229
3233
2734
-1654
-4093
-4590
-1492
123
-1447
892
-4694
2068
194
213
2544
-1498
-4285
2140
-1940
-4263
-281
-1098
1212
-1872
1191
-3323
4083
4418
4300
-4142
4136
1108
-2671
-3560
3884
3861
-2817
-1576
3580
4051
-3603
-4472
-2133
-1927
-3404
-884
1958
4689
-807
2047
2553
-1162
404
2379
2889
-3021
-2511
-963
1560
933
-3143
1389
3435
-894
3932
-4463
-2280
-1800
5
-4736
857
-117
1929
4234
3887
-3485
-96
183
82
-2778
3949
4366
4685
3196
-215
2466
3499
-1089
-1412
4892
-4092
-1506
1713
1023
362
-1388
294
1417
2248
-1536
3443
-4763
-2584
3506
-2223
4695
-2135
4257
-2144
3861
-4337
-467
-3397
1684
1944
-2862
220
-4546
4063
-3909
-3870
2566
-4350
-2196
2481
-285
1245
-3988
2627
3850
-2767
1377
4958
-2715
-3442
-3299
-2166
-3868
-2301
3123
4829
4394
-1165
-4723
-124
3063
2987
-2621
-4694
3041
2462
4451
2309
-1523
3807
175
-1097
-977
-569
4535
-308
-1776
-3226
-4715
649
449
400
-2045
4757
-134
2829
-601
2186
-1004
-1764
-3672
1955
2669
-4717
-797
3581
-995
-3448
-3500
4668
-4681
4271
-4696
-601
-1490
1267
1697
4493
2892
1637
-15
72
-2943
-1760
3070
-546
-2614
-570
-6
1559
4271
695
-2971
155
-120
-1024
-4597
2954
-546
3767
1680
4064
3100
4285
-2599
-1827
3564
-3503
-290
1577
-1734
3082
-2388
4091
-1210
-4320
-4795
-636
-44
-2348
-2736
1370
111
3357
4037
-4419
1388
-2401
1266
-4321
3702
190
-303
4795
-4871
436
3900
4753
-2255
1870
-796
-333
2351
-3180
-3532
-4560
3703
-4789
-3698
-783
-2076
3329
-2795
-3074
3468
903
606
-231
1279
-4871
-447
-4619
-675
4788
799
42
-4091
-742
3343
-811
-1583
-310
2809
-346
-2917
185
-2009
-3421
2562
3072
2794
-4018
-325
-803
-2432
2068
3215
-2867
-3239
3445
4526
-3320
919
655
-2392
-4987
-4039
386
2224
-4249
-4008
-2591
-3605
-1783
1315
1153
1798
-2682
-2014
-2126
3914
-2992
-4846
2154
3227
4033
4965
2804
1512
-4561
2604
3366
1622
-859
107
-4116
1154
-2812
3017
3392
-2336
-3206
-2686
793
-2579
-1202
3682
4892
1179
-2903
1913
2680
-4046
536
3155
3426
-3361
2249
1516
-2071
2033
-1477
3652
638
1421
4365
-1644
-4961
-1838
2926
-2610
-4830
-4233
1893
-2050
2284
96
4350
-3984
-4112
-2704
387
4023
1505
-2603
3835
1372
1707
432
-563
-3436
2229
-4533
3114
-2367
1001
-1621
3919
-1173
-1619
-3564
-2562
436
-470
-3157
2767
-4908
-1457
-301
4521
-442
1016
76
3397
1961
-3668
1203
-1894
-877
1010
2008
-4325
2660
577
-892
-331
-3776
-2912
-3383
-3737
1817
-312
3278
4820
1285
2429
-2415
1251
-4139
765
3530
-853
4155
-1542
4601
2823
1017
-2035
-1141
-99
2010
-3283
3011
-2854
918
-4992
3752
-2999
574
-4043
-1226
-734
1490
-3524
1536
3097
-229
-4263
-4137
3520
-3835
-3823
4553
-257
-2324
1133
1602
4892
1724
-78
2882
-2930
1522
-3528
3306
-1222
2001
-4858
-920
1198
471
-4733
-4612
4730
-4789
-413
4947
1018
4466
4932
4426
-4542
4008
2213
-1883
-4167
-3992
2346
3810
4403
-3621
4082
4540
1139
-3336
-1332
-4112
-3573
2186
-4063
-1892
-477
-2884
2531
-609
3391
-3530
3310
4083
2896
2785
1198
-3250
-1173
33
3282
-1222
3444
-3871
2730
4973
-2754
-1166
518
3680
2583
1523
-2169
1417
-3947
-1159
-36
2083
3463
-2280
2341
-2895
3477
-572
2825
-1613
-1573
-4005
-1836
1722
1829
14
9
2234
-2898
35
-74
4354
-789
4118
-2208
2741
1411
-2960
-1890
-4597
-2661
-1068
462
-3822
-3554
1886
2693
-2910
582
-4127
3332
4256
-3333
1517
-1929
4538
-274
-292
-3915
-4577
-1268
-2021
4723
-763
1722
-31
2397
3777
-2963
-594
2417
2470
-3624
-1825
498
-2238
2813
1410
-2114
-1037
-1560
489
-4391
-1334
-1450
4430
-2783
-4980
-2895
3865
2339
3739
-4561
-651
4202
-226
904
3068
4099
2
920
-1381
-4060
-98
3608
-1354
-1720
-1728
2429
81
-3409
-3344
-3737
4217
-1801
3433
-2043
1348
-1219
-3986
-687
1770
3927
3396
-1979
2133
2927
4289
1492
1286
-3066
40
-3623
-1987
-1651
-1691
3929
4910
573
-2174
4150
4857
-873
-3598
48
-1769
920
-1257
-3319
3321
1413
-717
-1483
-943
-261
-3327
-2393
-1642
-2980
-1610
-410
1336
141
-2294
-3409
-1175
-2106
-2132
4414
-1731
3478
1254
-4991
-1155
-1798
-2500
-4471
2853
9
2689
2491
-3237
4863
1112
2276
-726
3849
4663
-2922
-1792
2648
2225
-2955
-2878
375
-2359
-359
1980
1522
4603
2050
-150
583
1343
-3111
1617
2349
-2661
1822
1793
-450
3601
1371
3025
-2292
-1293
-4387
3984
-4748
3031
2701
3075
-4010
-1380
-3159
-935
-3404
-2996
4300
-231
4297
3703
-1102
584
-2046
-4067
-4799
-2937
-1013
4081
-2527
-1383
1595
-1948
949
4632
2159
-1206
4636
-2271
1179
-42
300
2939
-3312
3919
2624
-2484
849
-3782
211
3872
-175
-1374
-685
-760
4146
-1144
4780
1179
4110
-3636
3920
-1112
3511
3366
-293
3971
-4385
2277
-2263
2543
-3181
2599
4070
-3381
3377
4396
-2848
-3368
2792
4654
376
-2273
-308
-3321
-2889
-1924
-1990
-2807
2347
4080
2147
-3277
-978
4358
4624
1372
1585
4534
-2838
816
432
-987
-1857
-3404
-837
-4114
-2308
-2159
-4190
4541
-1754
1692
1900
-4333
1662
4388
-1239
2832
2224
-2528
107
-1738
-2778
4140
-3044
-843
2138
-3637
-4929
4678
-4638
-1054
-1969
-1167
-3579
1577
-4833
3505
-3870
-4276
-3635
-3423
-3526
534
-3500
449
-1581
2027
3663
-4964
4631
4018
-3332
-1326
4384
2427
4006
2496
1723
1281
3415
1478
3649
450
-617
4746
2284
-3237
3314
2372
1776
-1448
742
-2265
2821
4099
-116
3158
-179
4610
4276
1031
4442
-235
-4511
3664
4282
3253
-4224
454
-693
-2129
-705
-1434
1879
3448
1169
378
4979
2375
502
307
1329
226
-4427
817
4231
3939
3719
2623
-83
2944
-658
-976
-2937
4466
-3071
-1723
2091
1269
-3752
-1825
2225
3882
1377
1606
3191
1709
4382
3958
2981
-212
-2593
4125
-4145
3084
1042
-1514
-1301
4374
-113
3955
2830
-4361
2293
4545
-470
2806
-3323
-4261
2173
-2751
-4740
3224
-2114
4598
3110
-1659
2435
3059
3490
606
3553
4068
-1482
3839
-1323
-4625
552
2514
1557
4450
-606
2245
800
-1299
-3758
-2197
3035
-3348
1229
-3094
-3660
-604
-678
1661
-428
481
148
-3621
-1989
-1241
-1071
2659
-804
-3557
-3682
-1920
-2465
-1799
1146
-188
2900
2410
-2427
2137
-2759
2991
-1224
-4039
-11
565
-224
1172
2648
-565
-4946
1859
-3743
-2226
2221
3800
2927
-252
373
-2905
-4190
3470
1699
-4680
855
3791
878
470
-1114
3476
2012
473
1488
-2017
-2116
4358
-3988
4661
-4834
-4979
-4305
-761
636
-1442
3916
4522
871
-3415
3583
3740
-3161
2175
-3598
-4926
328
2490
2605
-949
-3767
4146
4949
3674
-4195
484
-791
1581
-4755
-4247
3481
2723
3652
-4375
-3571
-2528
-1262
1249
285
4210
3606
1720
2582
-3272
-2591
2572
-1994
-1251
3122
1985
-4900
-1140
942
-530
2541
-4357
4240
-4632
965
-3687
-619
-4133
-4881
3788
-2839
-207
2370
3666
-4756
710
3111
3298
-939
-1424
3133
-2942
-2675
4757
-804
606
2338
2828
4883
-434
-1077
-4165
-650
-1700
-100
-2425
-4125
-1219
-4730
2780
-4645
-3803
3575
-3948
2160
-1573
4269
-541
-1218
-3067
589
2471
3042
-1439
-3798
-228
-523
-636
-2796
-400
-2930
-2923
1749
388
202
-4354
-579
1254
1408
4318
2307
4864
1972
350
4144
4083
-1677
-3467
2599
1613
996
1182
817
4866
4707
-2703
-2108
2593
2302
1830
2959
2698
-2865
-502
-2047
-4521
1126
1369
1773
-3612
3285
1096
120
-2172
2222
-3705
-1956
3975
-288
2819
-4628
-357
-1952
-577
805
3840
-303
-4886
-1293
-4537
-3773
207
-4226
3621
1411
-2328
2137
3221
1028
900
-1637
765
-1935
2482
-2855
4718
3847
2260
-678
4581
2352
1037
2179
3197
3730
-4259
1432
-4116
-283
-107
-449
-1491
4212
4705
1106
-3160
-4996
-1680
3566
-3351
3501
1370
-1811
1257
-1623
1757
4647
-2384
-1969
1120
3482
357
173
465
561
4689
104
-723
-718
2422
-3906
-50
4608
-932
-2336
1553
584
2321
-1045
-1762
2684
-2798
3535
4678
3310
1576
-2849
-808
-2649
-886
4703
-2547
4325
-4113
4096
597
3203
-4956
-2432
2722
4677
-1973
2706
2996
-3590
1351
2339
-2657
-191
541
2917
1232
1564
2779
4441
-2704
1826
1292
4810
-2725
-1105
-4325
3423
-2506
-370
-35
2799
-119
4468
897
-3302
-3788
2618
-1143
-1096
-3511
4600
3584
530
-176
-1111
397
-3862
3429
-1428
1540
-947
4722
-1214
3644
3640
2276
-1649
2734
445
4934
931
-567
2511
-3745
3996
1551
1722
-2900
-525
3424
4917
-1503
-3995
-1425
3839
-2349
4814
2875
-1807
-4830
-277
-883
214
4126
3095
-2035
-4988
3671
-3254
-4253
708
240
2082
-20
2798
-3707
2196
1426
-1849
2404
-1664
3259
2404
1086
632
1892
-4378
4918
2890
1443
-3774
2009
2831
-83
-2501
4098
4229
-3702
-4576
-3463
2996
-3807
1019
-2629
1596
-2831
-1434
991
-3028
-4691
-3232
280
629
-2812
-92
1043
2344
12
-175
3713
483
3265
-1629
-3440
1079
-2453
-3219
1281
3924
-3591
936
-1997
-4817
3916
2382
1289
3226
-3619
3472
-615
1947
2420
-4779
-2052
1297
-163
3340
-703
935
-3305
-4423
3901
-1851
300
4911
3697
1490
4481
3755
1480
-3596
-250
3404
-4192
4904
-3083
4199
381
-3788
4547
-4076
-3546
2575
1242
3484
4781
-4256
1928
-1924
3148
-3727
4771
676
872
-4574
-4410
-925
-1429
-3926
1781
1415
-507
-2693
3664
-3845
1111
-294
4844
360
1940
3695
737
-19
1620
-888
-2868
3526
741
-3619
4951
3658
-2941
4692
2610
3824
4884
-1605
-4245
-43
3685
2373
-2249
1294
-4439
3835
-244
2512
2130
-4193
-3668
1437
756
2972
-3058
4697
-1273
4318
1855
2130
-2882
-1800
3973
-2982
2809
-3619
-782
-3118
3108
-4463
676
-2648
3687
4133
1273
2880
1956
418
419
1023
-4364
-2906
-3947
-969
-3267
81
4923
-1528
3041
-3866
3349
-3595
1658
3074
1316
-2857
2133
-3996
3901
1022
2731
3562
-1241
4035
-2214
3082
852
-2990
1455
-1622
-3353
2769
2869
529
3910
-4195
2099
-1311
-2715
3275
4899
3817
2874
-771
2260
4396
3805
-2950
-1394
852
-1629
4463
2274
2037
1360
-4530
4902
4063
533
-2765
4231
-3877
-2606
700
-748
-389
-3675
2684
3832
4181
205
-909
-4764
2184
-3990
-466
-1081
-877
2704
833
-43
-1590
-3049
-1847
-819
-4559
-3754
446
-85
-924
3985
-2323
4717
1765
-4257
728
3712
-4793
-426
45
-1899
859
4300
4404
3274
-3414
2813
1608
-2829
2079
1532
-403
4349
1688
-3398
3089
-4010
23
4652
-4809
-3891
3786
3922
-1697
2075
-403
4431
-1853
2494
-4866
-2194
-318
-3647
-3437
-1102
2865
2268
4623
-4316
-4473
4789
-112
3881
2187
-2521
799
3436
-4842
1957
-4319
-2322
2879
1162
2266
1511
-1586
1591
724
-4369
4992
-3514
-128
-4376
2597
-4585
-3056
407
-2025
3027
-698
-606
547
1186
-2252
-456
-4139
689
-1490
-438
4184
-2031
-4690
2481
3908
1746
845
-2790
-4009
242
-679
-4097
-2281
-2208
-2496
4764
2022
-4053
-744
-1882
3871
3107
4742
3066
1064
-4494
-4011
-4405
-2234
2584
-281
-837
4637
-1268
73
4553
-2204
2677
3024
-2597
1562
-827
-3284
2347
4680
913
2940
4300
2521
608
830
-387
-2029
-1551
804
2934
1180
-3225
4228
-4800
4525
4003
1182
2628
477
1546
-338
-2514
4112
2362
2574
2590
-2532
-3118
-741
-320
-1211
-3762
1448
-4296
-3953
2858
-3124
-3192
3405
-3697
-3272
-929
-4984
2810
-3919
881
-3452
-4186
1173
308
-189
-4706
-4502
-2824
2436
-4011
2259
-2713
1431
2706
329
4011
-574
-1659
-4060
4768
-2483
3262
-592
4386
2454
3943
4894
-2084
431
-2106
722
-2330
439
-2189
-1922
3261
459
1606
2981
3542
4096
-3059
-1646
851
1080
1674
-4239
4195
-3078
4670
-1238
-3768
4745
-3682
-1217
2477
4027
4981
-190
-1383
-1812
2865
2228
-3350
1755
-1735
-1280
738
-3332
4626
525
-2525
-524
-394
-1805
-2962
-3844
-1090
2526
816
-883
-81
970
320
3160
-4202
-907
4511
2899
-1285
485
4785
-1612
1449
4333
3661
-4291
-3968
3884
-1376
-2221
3059
4941
1776
-1709
-2621
245
4366
349
-3574
243
-38
1304
-35
-2350
2368
-3242
2485
2688
-1578
8
-2367
91
-1495
3825
-84
3319
2864
14
4631
4012
4324
2483
-2715
2821
-1661
-3390
-2965
4173
1432
966
1501
3143
-594
-4779
4538
-3544
3008
2659
3369
-4101
-1547
-186
-3465
-671
-1321
4710
2903
-1510
-3585
288
2096
-1355
1267
769
-614
-2446
-2243
381
3238
1431
3162
2115
-4895
-1832
127
3024
1577
1273
1344
-182
2834
2578
-2180
4607
-4249
3362
3357
173
2395
2032
21
-3854
-193
-4376
-1472
1144
-4317
1757
-1670
-635
-1301
235
-1985
-1157
-1562
-3782
-2724
2109
-606
2736
-4446
280
-3660
2815
-4237
-3574
-2979
4979
4507
2415
-3595
-3429
366
2138
4667
-4750
-3871
509
-787
-4143
3264
3420
538
-1404
257
4152
2842
4406
4569
-4435
-4987
-2315
2053
4369
-3001
3110
2123
-4618
4433
1295
550
2331
3730
361
3798
2296
-4622
565
684
-3032
-228
36
1625
4945
-3050
4519
4524
-4459
-675
2109
2831
-2146
-923
-4056
2135
1240
-4936
4902
-1335
-4352
-3550
-2138
-3137
-4542
120
-3402
653
1663
1834
865
2191
-772
3715
-4176
3388
-2161
-611
3015
-1638
2215
2780
-3327
2539
-3096
-303
4898
-3444
-3704
1194
-4185
-3291
-3082
4910
-3054
3311
1419
-4287
-4464
-2242
4225
2173
4875
-1775
3316
1880
1069
4407
3161
2867
-1218
-2931
-2558
815
-2756
1962
-4957
3757
3056
-338
1326
-362
4489
3590
-4663
2609
-97
-1647
4843
-1067
1141
597
1663
1240
499
-2255
-1247
-4765
-4216
963
1339
4520
459
951
-769
-1434
-4077
-4213
-870
-4892
4268
-1625
3182
3865
2302
3325
2699
-4251
-2979
2291
523
-4818
-4029
-2586
2472
2440
-572
957
-1722
2929
-2264
4616
1658
-4693
3844
-4286
-4130
-2435
-1495
4376
1281
1816
-4773
-721
-1151
-1786
-2081
-3084
1565
618
693
-103
4093
2290
-2536
95
4449
4751
4180
2673
-4913
-688
4193
4967
3163
351
4702
-4756
4263
2031
195
-82
-840
-2407
-1020
4764
3368
4356
4421
1371
-377
-3367
3022
263
-1645
-2239
-1366
-2881
-598
2289
-983
1762
2576
-3372
-3140
1193
-336
-4908
-146
1950
-2998
-1854
4060
3578
2702
-1623
269
-3475
-4075
2786
-1211
-3039
-3559
-2095
-4508
-874
3992
231
1484
-3469
418
3558
-86
2259
3608
-4211
-2042
4069
394
-589
3119
4217
-2933
-369
1471
4810
1742
1424
-3070
3622
3675
3108
4337
4431
-2772
-4206
-2517
4116
30
3925
888
-3032
4574
4477
-781
-4747
2448
-746
2389
-1180
-4897
-1446
4573
-1841
3918
-2203
4644
-347
1238
4741
-2543
-2849
-582
327
-433
492
3809
-806
-1632
-2493
-1546
-1313
-4465
4991
-2869
-3402
-1645
4610
-4572
856
-2565
1188
4063
-2716
-1576
2972
2223
-1921
-4911
3891
291
4144
2047
3980
-4527
3181
903
-408
-4471
-4158
2415
3612
3457
2393
-3081
3605
-4030
-2734
-3808
-4967
3272
3784
-3662
-88
2691
-100
-48
-4575
-4985
3241
-412
-2975
4045
119
-1290
-3603
-1777
3362
-2042
2317
2434
4080
-4078
-1201
4951
3879
-4415
-2163
2797
-1901
-2310
1450
4486
1357
2261
4631
-4904
-1480
-4323
-2425
2871
4264
-187
4809
-2955
-3289
-4962
3384
1538
2289
-2426
3597
1990
4134
3887
551
4006
-2975
1104
-3548
2392
4023
482
-2842
-4268
-4645
-3581
1992
2756
4006
2880
2841
4
1186
-2979
2717
497
3887
436
-2798
-1115
2944
133
95
1131
2979
-4143
-4125
553
-2021
-3770
149
2251
-1231
-2469
3019
-512
2602
-3565
4838
1693
412
-3112
-983
1267
3683
-2670
1601
1061
-1909
2413
-1623
-1978
4090
-1906
-2756
-3217
-194
-1028
796
-3031
-3092
1527
1656
1314
1159
-1164
4119
-2329
2495
-708
-969
-1282
-1233
-3406
-2804
-879
669
4027
-3298
-1663
3905
9
-4824
-3228
2641
-665
3467
3344
-2557
262
2930
3990
-1440
2231
1879
4745
-900
-1219
-2830
3442
-2562
-4191
-1283
2593
-4617
3538
-3026
-1650
-4220
407
1744
-3201
-1763
628
3489
-3661
-626
4914
340
-1435
-4867
-1487
4088
3414
-4845
4332
4288
-3474
-4541
-881
-2905
-2170
281
-590
-4717
-4730
4671
2044
1902
-2354
-1978
945
-2709
2723
3154
-242
3860
3750
3534
1095
-35
-700
1620
-897
4282
1665
1297
-1373
484
-1609
2504
-4397
-3040
4930
2088
-1683
74
4231
633
-1222
2240
527
4610
2429
888
623
1812
-1088
2102
-4372
655
862
-4822
-1694
-709
-1559
1784
2737
-576
-1141
-2753
57
1181
775
3812
4306
-2760
-1953
1073
-4057
1585
-3200
3252
-1413
-4421
2116
3013
3070
-840
1446
3973
-964
375
-31
358
-4576
1802
-3056
-2029
-2893
925
-878
-2285
15
-2924
2322
338
184
-1451
-4652
-1677
3438
-4023
-2706
-457
-3506
3989
-739
1968
1394
-4462
1754
-978
829
809
2564
-3814
3368
-2559
-4667
-3351
2937
-4383
589
3154
-4836
3361
1501
-4838
1233
-1829
472
-4941
-1385
-1580
-296
-162
3821
-1251
-4829
368
-2055
-742
-545
1423
-449
2667
-4070
-368
-2888
-1388
392
-2411
-2541
-1226
-4997
1840
4034
-3335
1162
-3993
4355
-3892
-157
-3009
820
1666
-2500
1521
-2937
-3819
-769
2605
2951
-3341
3443
-4495
2395
-1091
-2568
4191
-4564
-397
-2329
4047
3720
1129
-4217
-2314
3720
-1281
-3890
1697
4363
1786
508
4216
2302
-922
-1374
4267
145
1355
-3645
-2782
4682
1438
1802
-3166
-3371
751
987
-4323
2604
4203
-2592
588
1423
-723
1696
318
704
-4356
2651
-737
3025
2023
-2763
-225
-1755
1126
-4893
1747
2620
2258
-3449
-1542
2329
3456
245
-2863
-2172
3860
3264
4638
2612
-170
-3988
-3888
-1659
4404
2788
1208
-3904
2061
1276
-3712
2604
-3858
4546
4411
-1422
1338
-1075
4265
-2074
150
-4440
3185
-1579
-3548
-1653
-3174
4204
709
876
2845
-1767
-3588
-4441
217
-4556
-3088
1884
-3052
-3218
2252
-2675
-3672
-4116
706
-2083
-457
-2474
-2724
569
3204
-569
1918
1751
3803
1948
135
-3959
-1143
-1762
-3557
764
-3609
1055
-200
464
-4306
436
1982
2398
1129
1431
2530
2962
-846
-1225
4493
-66
4371
3041
273
-1989
4840
-2426
2130
2805
-1717
2286
2992
2176
-1733
4800
798
3293
917
-731
206
120
383
2271
4896
-366
-4912
4948
-4798
-3629
663
-1447
-3362
-1959
4921
1335
-2715
4267
-3048
-3461
-2695
3324
1464
-3584
741
-4572
4678
-3424
-213
4444
-336
1058
-1503
-1375
-1000
666
-71
4434
3457
-4030
-1176
-31
-3788
4632
-3294
2252
967
3293
-2836
-4975
54
3732
-1950
406
-3255
4527
4325
1521
3937
846
-152
2089
-3373
-1784
-3545
-3308
-37
2992
695
-2321
-3464
-1160
4393
1749
798
-789
-4252
-1113
421
3867
4334
-2969
-2257
977
3081
-2135
-2014
-3466
4176
-3568
2423
4729
308
-4921
-414
516
2383
4334
375
-453
2170
4681
-647
-2384
-4572
2838
-2545
-2269
-4176
1763
1004
-376
2560
3768
3940
-968
4462
462
2401
4097
-1878
3018
-1227
-1039
-1039
548
-2397
3254
-2742
3343
-4173
-2927
464
-1789
-4733
-2482
3537
1467
2621
-4986
1161
2210
-489
507
2684
3444
-4175
1042
-79
-3100
-156
3605
1328
894
-4067
4799
3394
-3755
3953
-3830
-846
-3785
-1499
-196
778
-2109
260
1977
2327
-2186
-4233
-456
-2330
-2998
-2431
1259
-305
-3516
573
-1161
2268
-18
3342
2950
73
-3632
-2176
3264
1004
-396
-438
1443
1087
-46
4544
-3731
-1619
2671
-1972
3645
-3264
969
2164
-1972
3595
677
2860
-3336
138
633
2783
237
988
-287
-3878
1107
-2566
3644
-2746
3292
-869
3815
772
-2917
4177
357
267
685
-1498
-274
-664
-648
-4560
-2270
2385
1893
-1441
2906
385
-3074
1381
3666
4324
616
-4110
-4656
-4986
-857
4640
3395
4786
-3444
-1937
949
1645
-2950
4317
-3046
2756
-3557
-1222
3365
-2668
-4558
2045
3966
3367
-3649
572
961
-1471
1269
4784
2564
1418
-1566
-4464
-282
2628
1274
1605
-3452
-2879
-4811
2116
-1495
2918
-4348
4961
2530
53
3296
-313
493
739
1604
-4994
-259
3630
3305
3297
2910
-2469
1455
-4933
861
1890
2375
-1463
-3088
2573
-716
-2850
86
3320
2735
3726
-2166
-4060
4791
85
4257
-4977
-1769
-3783
-3495
-1036
-3158
485
-4465
3638
-788
331
4907
-2356
-3412
4731
1535
-2709
2967
4875
-1500
-4207
3705
2811
950
2536
4024
4169
282
1762
4641
-34
3375
1097
2542
4310
408
366
-231
-2552
-3272
2197
1627
2760
2439
3358
-4241
637
-2180
1410
-2877
-2915
1240
-3904
-3307
-3406
4164
1288
555
3767
-3917
-3356
-94
-930
1878
3197
-2893
3277
-4207
1223
-3332
-756
2233
-2684
-4950
-3534
1575
-2085
-437
3317
359
4547
77
2483
1158
4457
-3049
2897
4751
2882
-1234
-1394
3793
4111
-2444
-4898
-3179
-3868
-16
-1893
4862
-4889
2450
-4376
4347
2392
-1577
-3671
-1770
-579
1192
3917
-2519
2299
2911
-148
2542
1375
4105
-55
-1895
1607
-4092
-3061
-2065
-4232
-2082
-3304
4725
-2092
-1241
4158
4110
-1327
1852
253
4087
3164
3048
2248
3259
3673
3627
-238
2189
-3653
2040
867
-4934
-574
3489
2429
4321
2636
165
1701
2158
4271
-517
-813
502
4575
-69
4430
-253
4314
4264
2356
-207
-3050
4261
-2122
658
4963
-850
3050
3325
368
-4304
-4309
-2683
-3664
-1698
2706
-2386
2297
3577
-4625
1665
-1586
1614
16
-500
2246
-1237
-622
4096
-4948
1542
-3478
-3083
-947
-112
4695
-3669
2800
-3340
1279
-245
-1835
-496
-739
-833
-23
-4407
589
3906
-1461
2105
4328
4726
-259
3182
-1647
3327
2999
-1994
1126
-2627
3869
302
-263
1045
-2503
-619
-1648
4159
855
1742
-2280
1593
57
-1328
-648
-1636
3179
-247
-1356
-4637
4085
-4012
2324
2135
-4865
-1486
-3221
-2956
1490
4834
963
-193
1968
1225
4991
3340
2072
-190
-2590
-2002
-3068
-2934
2656
2192
-3627
3381
-2173
3294
-3935
793
727
3674
3166
4870
-71
5000
279
3864
2664
-3679
4880
1633
327
-1475
-3037
3100
-2213
4866
-1260
1663
1684
4953
102
1522
4144
4871
-546
-3355
-1707
-506
-4142
3012
-3517
4777
-1676
3013
898
-46
2704
-1983
-163
1880
-2683
4385
118
-445
1134
-2289
279
-4329
-4268
2942
1469
-2965
347
3705
2100
2815
1681
746
3915
-1675
2928
559
-2264
-2123
2427
3952
-1848
-4778
60
-1091
2169
192
3392
-2980
-3375
1404
-2364
2900
4056
-1711
-4505
-4678
2877
-4559
1750
-3766
2695
-2029
1396
-3326
3911
232
3134
-4678
-3047
1189
842
-679
-1619
3791
-2939
-2264
2969
899
3644
4213
2993
3273
-47
4
-1238
1057
-4271
-4372
4322
-1379
-270
3648
-848
548
-1782
-642
4248
-2078
-2136
-1080
566
3527
1322
4901
-3734
-109
-443
-4919
-4330
4701
2093
-3413
4417
4766
-3189
-537
1294
-4171
-4338
-2905
4082
-4883
-610
3459
405
2237
-132
-4328
-2749
-4928
4712
2344
1065
355
-4083
462
-1578
-3207
62
4189
4782
1495
-4088
-4673
4056
-1471
-4566
3057
-4887
875
-1147
2005
-1724
-2367
-2679
3022
-315
2319
2608
4200
1856
2495
1135
-2335
-4652
4380
-73
-3954
652
1383
3814
-2922
4731
-4613
2459
-3722
3831
158
2754
-1979
-1661
-1063
1892
2807
-4347
-3312
4441
-4317
35
-2247
1112
-3935
1168
-4965
601
-4294
-3977
-1553
3371
4666
-1073
2846
-579
2908
3142
-59
3085
-2672
605
3677
-2130
-427
84
-3454
4795
-772
1899
-2961
2125
-4499
-4675
-2623
-3485
-2602
-1933
-3160
1890
4696
4118
4543
2331
2360
71
-730
881
4859
4898
-3129
-4756
394
-310
-2061
-4501
-3052
2626
-4758
1733
705
-4940
-1545
-4909
3120
-2424
2342
3811
1113
-2757
4157
3935
-3654
-2572
-1855
-4
-85
536
-4006
-2553
3441
-3488
-4831
-3643
-379
1556
-3172
4933
2619
-2979
-1238
3400
-2001
-2375
-22
2790
-4324
-4651
-32
-1166
2956
186
4829
3245
-4248
-132
-4218
2216
-3728
2124
388
-2422
3066
-4591
1093
2580
77
4593
2514
3488
-4519
4686
-3740
-4962
1810
-1632
-2888
-3972
-613
3589
492
1910
-1673
1491
-2040
-1080
-3219
1837
-2393
-12
392
-4933
1548
2136
3308
-795
-3056
982
-175
-3631
-1649
-2235
-1321
4430
4992
-4526
4616
-1021
-1929
-3071
-3598
4446
202
-1253
-249
2924
-6
-2889
-1559
1491
-273
-4553
1121
2824
-2600
439
2275
-576
2340
-2269
-1729
25
-460
-232
-3616
4080
4661
-384
-956
37
1606
3531
-1216
2093
3594
3074
1745
923
1488
-4288
3096
2190
4208
-4604
1438
4767
-4877
3855
-2543
3218
96
4292
920
-3838
2153
-3149
229
-2389
-3580
-1695
1268
3391
-734
-3134
-661
3871
-1193
2774
-525
-1850
-4438
-1855
-2516
4314
-4278
-2338
-2910
-1099
-3537
2184
-4816
2716
3631
-3697
-4548
-4517
-801
1383
2493
-3442
12
-4400
2415
4791
3517
-3981
3991
-1055
-3255
-2101
3039
-2697
-1985
-4700
3499
-3754
4120
-2289
847
3917
-4677
-1388
-2674
-1560
4089
652
-2785
-2895
4381
-3794
-856
2732
4507
-120
-228
4739
-3473
-1860
-1434
287
-2969
-4816
900
2508
-705
-891
-1763
-799
-4338
1505
-1900
-4981
-1268
444
426
438
2106
3403
-2549
4939
2165
627
4524
-646
-3643
-2795
-856
-290
-3944
4042
-3181
-4615
1659
2782
1746
-691
-3
1475
3677
2873
-3714
-418
957
4866
643
-3535
-2291
-680
-4367
2369
3639
1575
2938
4336
-323
3486
2433
-2015
-1894
-2550
1951
4317
-578
-769
1071
3472
-3441
3297
1198
2754
4238
-4425
-1471
1389
4888
-239
187
2365
-2233
-141
4094
4891
-2391
814
-4373
-529
159
257
-4669
-1488
3896
-677
1266
-152
3442
-1467
1871
1203
-4789
2376
-909
1451
1244
1416
3079
325
2901
-1970
1688
-3649
1853
-3451
-2936
-2040
3824
-1048
1738
-1473
627
-1549
-4508
-4214
3695
-4494
-133
-1298
-3877
-1522
1851
3005
-213
-2354
2668
-3483
1391
-2040
-1858
3128
-3798
1890
-932
2778
-2125
627
-1296
4789
3619
3094
3006
2463
4694
4238
1192
630
1045
1308
-581
-3423
-3716
940
3653
-1183
3773
-4925
2384
4235
1755
3594
-4811
1579
-1168
-4783
-3400
3825
-2734
-3716
989
1759
-3716
3069
1554
2304
2100
3187
3160
-520
299
254
-1513
4959
3974
-1882
1723
-4232
-4083
-3472
3363
4791
-3885
1161
958
-4429
-4070
-2871
-463
-390
-3324
3433
3894
3843
2941
3424
2061
-2120
-4809
2318
827
1344
3413
1249
184
3503
3770
1783
2639
199
-974
569
-2188
4598
-909
436
-3950
779
-3353
-952
-2857
1378
-2148
-3905
-1544
-4307
3865
-3463
605
-4031
4780
-2946
702
-1594
-463
2324
4659
4246
-4127
1765
4537
2723
-2319
-3662
-59
-3273
517
-2418
3586
-2130
-2138
57
-3343
4670
4218
-410
225
698
3596
2390
20
-4315
189
4864
3033
2029
-161
-553
-2807
-15
4612
-539
-1150
1632
1424
3661
-4665
-2249
-1403
2232
312
312
2419
2672
-3213
-3370
-1396
1076
1566
4859
-1012
1181
4289
4028
-4722
1094
-1624
-3178
-4069
-680
-1001
675
4188
-2298
1745
-328
-2643
3734
-4888
4183
-3118
-135
1641
1971
-19
4269
3569
-404
-2385
2
-1633
135
-2431
4891
-621
-2078
2626
-100
1042
2846
-3450
-4537
1992
2536
4141
-2679
2314
-3529
-4115
-15
1932
-1911
-3588
-979
-4941
2607
1817
-1167
3133
-1909
1887
1835
1799
1793
2040
65
-1316
-2895
4646
-1102
-1776
-4908
-3223
-631
1601
0
-4230
46
4033
1258
4367
-858
-2167
4662
-2556
-2385
4718
3515
658
897
-4612
-2155
-577
-4978
-4599
-2518
2049
-389
2278
3399
-289
-1107
-758
-4273
-1736
-3153
2945
340
-1395
1288
865
172
-4528
-3324
-363
3733
3141
1691
3698
4709
-1629
3541
2242
-1360
-3362
892
2294
4727
-865
-1783
-2360
3819
4558
-2388
1896
-3036
591
4502
-685
4467
-4188
-4223
4729
757
3818
-768
-3948
-3747
-1291
3929
-2350
3558
4238
3880
2446
-4426
-3808
2121
569
1416
740
1992
-4824
-1975
-112
-2468
-3365
-3441
460
-1431
-1791
-1806
-3323
492
2193
-2371
4894
1087
-4751
-655
1172
-249
3479
-3436
-2758
-2452
2342
-2093
4755
3598
-1495
2760
-2567
-2253
-4301
3479
4477
4116
2248
3597
3983
4591
4290
-4376
1234
553
3990
-2910
3120
1064
-1106
3746
-3378
2595
4051
3367
4753
4400
-1265
-2915
3943
3347
1682
-4538
-3090
-999
-1552
3027
1527
1667
-3060
1247
-826
1439
1934
884
38
607
-315
3078
2917
2829
-4292
-2846
40
875
-4674
740
-3284
4511
-2078
-4246
2225
-1745
3438
48
-347
-3628
-320
-524
802
3426
465
1660
4193
-4382
4417
-440
2651
-1359
1654
-3982
-1406
-4571
3194
80
-3347
1836
-2623
2164
-3563
-857
3991
1814
-1009
-2526
1973
-2189
-3991
-451
-4277
-1662
-1953
2485
513
3771
1453
-326
-4543
-2460
3235
1460
-3453
3113
2355
-4456
1230
-3301
3469
-4480
3346
1473
-2300
-3568
-1067
-1602
3834
2694
-481
-1312
-4122
1423
3538
4942
2857
4072
-4711
354
2613
4425
-2204
1272
931
879
-663
4359
-2405
2726
-3925
-1590
-4622
-2239
1690
-1790
482
2069
1777
114
500
3227
1338
519
-2207
-3601
3188
2477
3253
197
-979
-1660
2922
2658
3463
-2225
-3246
-1964
2011
-195
513
-2195
-2728
744
3268
-105
1860
4494
401
-4439
-841
-758
3317
-2525
4233
1551
-1208
-3314
-3491
3159
4843
4416
4069
-918
-1873
-2208
4089
-1568
821
-1851
-2146
4751
-518
-3115
-2855
2807
344
1394
-4738
-1083
2887
4384
-2319
-3696
-2080
-2068
3631
3087
-3848
-2361
-814
3331
-836
-3231
-4243
-1478
3178
-890
3032
2879
-1105
502
2972
4774
657
1551
26
1951
669
-4800
-3858
-1452
-3340
205
-2574
-565
2136
-4287
4765
-1668
-1810
-3051
4373
-3790
4447
-2757
-322
3986
2664
1849
2091
676
-4682
-1634
-4904
-3867
4009
2534
-1612
875
-1627
-4367
4451
-3238
2460
-3935
-4922
-3043
2037
-4562
-3833
3336
3064
-1565
3423
3113
827
-2248
-1157
-3554
4226
-679
-2291
96
4564
3178
3681
7
-1756
-2905
-444
2522
1489
4507
-4269
3470
-4176
-2867
-4742
1836
4238
4806
3778
-4450
-2933
527
-1784
-54
2124
-4851
-4001
3790
2313
-814
-2479
-47
-2620
-908
-3740
279
704
-1797
1002
-2689
-1613
-3227
-418
-2476
2887
-129
2830
1452
4209
2741
-4554
-3817
1405
-2637
-1547
-1824
1342
1283
-3520
-525
-2325
2041
-4260
-276
-999
-1448
-242
-1300
778
3919
-3485
-2593
2771
267
-426
-1847
-1784
572
-4930
-338
2363
-3884
4443
-335
1273
1279
1122
1654
3821
2986
-2957
-166
2669
-1995
-4072
4878
-3980
1575
-1598
4246
968
4084
2024
-2455
3192
1344
2029
1908
4064
-4324
-3930
3375
-244
-163
137
-4972
3805
-994
-394
1249
-4578
701
-2276
2617
1918
-1120
-1476
2216
1555
1038
3599
-2773
3594
444
3789
-2983
496
-134
-385
-3638
-3893
-4543
3758
-839
-2448
-1621
3324
-4986
-15
1543
601
-3199
3891
-4459
-3669
1627
-540
1804
-4233
-958
8
-448
-3623
-204
-3424
-2234
-3686
4115
-981
-1856
-3642
-4920
-3428
1585
3769
-1281
-1121
-1486
4359
-614
-3347
1010
-4777
2234
4820
-435
-4685
-1499
-4692
-3362
604
182
-345
-1249
-166
-866
-1599
979
3292
-1868
1048
953
1297
-4084
-1508
4504
3176
-1414
4964
-4208
-347
-193
-2035
-4457
-834
1462
-965
-4031
4031
-699
3464
-1481
-4026
-2966
1035
3796
-4648
-4930
3198
-2492
-2817
3144
3031
4390
-1113
4578
1846
4193
-2243
771
1275
411
-366
-4120
1858
-2200
2355
4009
-503
-327
-647
-1437
-566
-4353
2178
-4764
3118
366
-4458
3626
253
-643
100
814
4368
979
1891
-1111
-4408
1526
3017
-4771
-3103
-1922
-1122
-901
1483
-1590
4711
-4315
-2763
2380
-3696
3499
-1473
535
-1654
258
-134
1277
-2081
-4694
-1548
2618
2071
-1101
1998
3429
-4875
1765
-2434
1012
4117
-268
2131
1817
3319
1508
-2796
2576
-2670
-1432
3030
-2281
-4298
-1362
-1801
2769
-847
-12
3045
1252
3204
412
-1311
4812
-2506
-202
1164
-1958
-4515
4239
2315
-2024
-4750
-4759
920
3818
576
-4817
-1463
196
4684
-868
3902
3631
3037
2087
-901
1154
-1736
4809
1129
-3575
-2730
-1409
3591
3057
-3772
-2521
-4562
-3467
1943
1748
3122
-3562
-1829
-2471
1211
-4
3646
-1313
-1890
1628
1107
-836
1873
3980
-2599
-4333
-1851
3211
-3078
2816
-4967
634
1728
57
4291
-1235
4803
-1299
-773
517
-2046
2457
-3025
-2179
-1048
-992
3154
1046
-3685
-874
3230
-1321
3806
-3608
-2839
-919
3225
465
-4894
-315
2795
-1727
-1634
4557
-1094
-4108
-2193
2626
4251
-2530
-2468
-2982
-4676
-762
3734
443
-4148
4216
293
-2503
-724
-2224
-3855
4624
1021
2512
-2447
111
4761
-4959
-4825
-2001
3086
-3813
3129
558
1739
2179
236
-374
-1470
4857
-664
3990
-4263
-4290
2577
1362
1245
3388
3167
-2043
4388
-3417
-908
594
-4518
-1047
-3585
-862
2768
-1045
4772
-3463
-487
3854
1463
1251
-2652
-2004
-4539
1039
618
-3096
2053
2921
-1382
-1813
2906
3577
-658
-3941
-3694
-1278
-1521
4840
-3546
3236
4916
4488
1545
786
-270
361
-2333
-3366
1242
-4253
-3915
1476
2733
-2226
1650
-940
674
3332
-1282
-1470
-1825
-4626
4377
-4797
-1233
-810
-988
-4205
-3577
2102
-1425
-1060
3067
4960
4892
-954
680
594
-3387
1815
4569
3208
3301
-2052
-4791
-1412
1970
4196
4280
-2857
4383
-4880
2072
2138
1376
2017
-3683
-1525
3152
-627
-1569
1511
807
2029
-4110
-2592
4038
-2857
958
-3343
4650
1335
401
769
-240
4516
3683
1091
-4872
3898
-1591
-3276
1159
2276
-2628
-1795
1648
242
2608
-607
4972
-2585
4706
-1698
2491
2227
-839
1802
-4
2024
-2071
64
3123
4977
4289
4126
4631
-4901
-3986
-4166
-4536
2382
3680
3749
220
1934
3965
-4722
4429
4545
-57
-4338
2784
-1685
4877
-4058
532
3765
-58
-2371
1068
-664
2581
-120
-28
3101
4329
-3596
1726
3075
4895
446
2208
-349
-4330
3864
-2097
-531
3531
4323
879
2325
4686
391
-1325
-1565
3206
-3648
-2121
1270
-2949
4655
-760
2562
-154
-4350
-2225
-4144
2433
3145
2892
2732
-4476
3124
3787
501
951
-4619
-1572
-4254
-3874
-380
-4701
2851
1670
-3513
-717
-1495
2888
-183
-2985
-678
462
3231
3639
-1716
1787
-3407
-650
2807
1852
3224
2250
-2859
-3026
-1548
278
-2109
-4699
3771
-2883
-3448
-2313
-618
-4389
4869
2560
-3790
-1102
-1060
195
653
782
-777
4966
4264
-2308
883
4446
3208
-2623
-3458
-2457
-2681
4987
-4658
-3821
-1410
2547
3112
-3190
-3033
4654
1161
1164
-2255
175
3837
-1629
-3819
1873
1304
644
-4438
4888
510
1679
-3191
-4301
-904
3823
38
3646
3438
-4692
3923
-4218
-3640
-4950
-2324
3476
1348
796
3156
-4457
-2818
-837
3835
-2135
-3240
3066
904
-3519
1515
2760
1655
-3916
503
32
2108
-3290
-4189
-3446
2917
-4849
-1254
3698
-4494
-4359
477
3175
-2156
-3628
-1837
-606
2980
-335
4997
-1024
392
1759
3261
-378
-2270
3591
-3160
-2222
-2208
2391
4431
-4881
-3671
4052
-163
2936
2808
-4669
-280
-4877
-3396
2756
4128
559
-4457
-4663
-3334
1330
4664
-82
-1213
4664
-472
2796
-2997
144
-4339
3954
-3891
-4738
4885
3948
-3687
-1912
-1987
-854
4874
649
-525
383
-3590
-1876
4366
474
1857
-1918
-2708
2328
1812
2180
-1948
-687
4644
2727
-136
1677
-3324
252
-274
172
1571
1067
803
522
-3488
-686
1101
3708
-3791
2673
1998
633
3273
-3586
-2503
-3990
-2022
1037
-1979
3500
188
4466
-4306
3153
-4542
-2715
-3160
-3035
4458
-1184
-3519
-3052
-370
4339
-4828
-3457
3493
-3419
-390
-4987
2355
-3387
3624
-3011
740
2574
2845
-2972
-2147
-1957
-877
4381
-553
4668
-1720
4296
-120
4747
-4263
1689
-4699
292
1408
-252
2121
-412
-3456
433
1039
-373
2939
-3613
-3766
-4407
4052
4488
-1036
-2883
240
-4259
-733
-4683
-933
3526
-428
-3123
2458
3274
1839
205
-1530
-4670
-3283
-1368
1829
-865
2175
1607
898
2395
286
4089
1923
3353
647
-1995
-3682
-3448
-2092
-430
-165
3234
4591
-739
2939
-2415
-4720
2289
4909
3528
2054
-4176
-3964
-1446
-4997
535
-2023
-4518
-4742
3043
-4120
-3130
-263
3294
-736
-4383
3356
-1208
-1049
1041
-845
-3145
4951
303
-4245
-122
4072
1678
1578
892
-503
-1843
-4351
-1787
4745
2335
-3816
-3423
2526
2479
-2775
-4601
-2269
-3402
2818
361
-4364
-3900
-4510
1139
2138
4110
-1155
3239
-2972
-315
4549
-1658
3496
192
3994
2274
-2678
-826
2688
-4512
-4438
204
2731
2149
4511
-704
295
-1948
-1530
1008
1748
-146
-987
-708
1973
1564
-188
-1641
-3186
841
-3386
3766
4491
-4981
181
-905
-3409
-4628
3620
3195
-37
-3039
-597
-3158
-1285
-538
-3270
-4000
-4040
-156
1366
281
-1880
3382
1795
4359
-3001
1464
3828
4949
4353
-3428
3614
-447
3921
-2852
3003
-4468
-3133
-1592
1788
1361
-433
4753
554
4945
-191
-3277
-3564
2722
-677
2869
-4299
1288
565
1031
-1904
-2402
2677
-4981
359
-1503
-659
-3474
562
-728
-571
-4686
-807
-3245
2876
2829
-1389
-2384
-3835
-4216
-2063
856
-2517
4508
3074
-1275
2306
-261
1476
3086
-1972
3847
-1253
-42
2076
1697
-867
-2958
2856
-418
-3474
-229
2164
1101
-747
-1226
1951
3489
353
3529
3329
-3439
140
-544
-4577
4471
2689
2451
-2379
4824
-3547
570
763
-391
-2679
738
-2278
-3590
2246
-1648
295
1553
690
-30
1581
2414
3425
1326
1286
-3683
-1449
56
-1589
695
-4140
-3519
4781
-3802
-3241
-4619
2887
1926
-4165
1742
-1460
-2210
372
3798
-4469
2751
3307
393
-2157
496
-62
1663
-3137
-2713
2839
-711
4146
-4914
4206
-2750
-789
-59
-16
331
1957
3035
-1220
-3006
-388
-2110
-3091
1795
4880
-214
3500
-4865
-521
3263
-4083
1982
-3109
1149
1459
818
-1218
106
1692
-4502
2623
2647
-489
1987
-4929
2435
-4991
-4138
-4344
-1729
2898
3363
-1997
-3909
-3193
1813
-978
3122
-2241
-2442
-1421
10
3571
-2184
-2734
986
1709
-4527
-1181
4843
-112
-287
-2898
318
1309
2063
2816
3715
4090
-480
1699
-3103
148
-4552
-1965
4971
-3475
650
717
-3896
4554
-4542
1290
168
2428
-4662
-955
-2048
2747
2648
4223
3592
4985
-418
3171
-1630
2286
1839
3158
-1183
4894
924
-1567
-3312
-2856
4697
4275
-1028
-849
-2437
-1716
3428
2468
-927
-3439
3905
1285
-4114
-3801
-3046
3875
1700
1956
-1881
-2172
-2
2115
4955
3807
4518
-368
-3473
-90
655
-919
1420
2190
-1294
4420
-627
-142
-3268
4284
-1623
-4285
-1526
3298
1731
-2573
438
-2005
-21
-164
-631
3522
2390
-4437
292
-4351
971
-2626
-2001
-2063
-1563
100
-2854
2080
4629
4949
-1400
-776
4155
3790
851
-4125
-4180
-4693
-4982
198
-5
-2483
2374
485
-4857
-501
4035
3238
2520
-398
-229
436
4521
-2754
-650
-3752
-692
886
-4461
4245
4177
3535
3055
124
-2210
4372
439
-3023
4296
-4450
-2653
-2631
-4362
2940
-2239
-516
-1013
4791
-4426
-4195
-3814
2779
4729
2456
-436
1212
246
-3795
2381
1262
4699
-2461
-3576
-2735
458
-2811
1381
4362
-2374
-1537
3298
297
-4753
1849
-3047
-672
-1126
2887
-1304
-1145
4969
-3460
2592
1654
4939
-1030
-3794
-1313
4625
-1844
4361
-393
2489
-2475
-854
3633
-4812
-1020
-2200
-1604
-196
-1367
2055
159
-2942
-2532
4166
-102
3364
-175
717
-3939
-1315
-59
4871
2120
1045
4786
167
-4267
1889
1714
3413
2214
280
4545
1618
263
537
3274
-3109
3761
-35
-4120
4842
1650
-284
-1874
1795
2156
3814
-3433
4588
1626
4398
-3268
-2460
-799
-2288
3028
-44
2247
-3693
-3915
-3059
-1709
2674
-1756
-275
1397
1771
3808
961
1828
-3954
-4151
319
4763
2356
-1738
4529
-2064
2317
4272
717
2439
1160
3979
3720
-3439
363
-1547
3763
3715
-4325
1541
3444
1297
-916
4813
-1122
61
-1664
-4054
-609
1074
-2415
-1375
-1019
-4713
2848
-2081
2764
-1504
4670
-1640
-3915
-2971
1117
-1177
330
-768
3002
-948
2688
3542
3285
1838
-759
461
-3741
4537
4961
3861
563
4597
-1499
-1684
-4426
1870
-1066
-3246
-2470
2632
259
1613
4300
-2260
767
3820
-4416
-2141
-3907
451
1589
3868
931
-770
4525
3503
-389
2254
2637
4007
-2672
723
-315
-1831
1642
-2262
1754
-4366
-651
-3863
-3460
1940
-4220
-4344
4004
-3096
4047
-1378
1460
1582
4512
815
-2773
625
3339
-349
4663
-648
4288
806
2326
1423
4451
3282
-3031
-4612
-3409
-4059
-1210
-3824
-2643
4441
1419
3928
-1346
2547
4049
-897
2772
-3921
2040
4542
2285
-4810
-3492
-3401
-1735
3658
895
1528
-3542
3791
1106
-4070
4169
1661
-1439
-4606
-3122
2505
-2806
3121
-2515
1825
4360
1841
802
-2342
1284
-3043
2754
2383
-3010
4785
-3132
-4525
3636
-2425
235
2511
429
-4603
4634
-331
-4692
-611
1322
-335
-4119
-1044
-4668
728
-107
2730
-674
-4190
-871
-489
346
349
-3838
4359
2845
-370
-219
4108
-3478
-2512
-4809
-939
-1053
694
455
-4811
3938
-1846
2413
3143
3008
-447
-2222
-954
-63
4208
-2626
3374
-1873
825
4634
-1887
-4761
-748
3430
257
-3769
-1104
-2003
809
-967
-1672
3969
-174
-3093
2649
2211
-425
2569
1745
3549
-2096
2388
2154
-4602
-3772
1255
-4379
-2002
-2761
231
-2206
542
1217
-3407
1316
2529
3175
2895
1675
515
-3776
1609
2574
1940
-3114
-2991
4619
561
3175
768
-2614
-4329
-2591
-922
-4080
-1146
-759
-2278
2542
-2394
3879
-3643
-1505
-1962
4447
-4076
94
3008
1317
-2647
3137
4470
4822
-4903
2547
1841
-1342
3053
436
3658
-1783
-323
159
733
-2867
-1391
-1792
44
3639
-3362
4305
-2122
71
1041
2139
3128
-3628
926
1364
792
-4600
-881
3417
-1924
-2249
-3781
2834
-940
-453
3724
-3907
-303
-2403
-473
-3355
-2539
4735
1904
-2813
-4176
1628
1972
-4580
142
-3239
2409
-3582
3136
3808
-147
-2515
-1127
3963
284
4295
-1630
-4889
-599
-1361
-2121
4205
4367
1224
-2738
22
-836
-706
2451
1224
1750
-3218
4079
-1219
4730
2161
1442
-2210
1046
1892
-4761
-2615
-1551
-2608
4457
-2543
2690
3901
-2190
-1286
2418
-633
2459
-4498
-2596
-4937
-1015
3470
-2904
3054
1970
4463
-1776
-814
2625
4639
1474
1870
1352
1335
-726
2003
694
-200
176
1996
2806
-2685
-162
3040
897
2819
1889
-2807
-3092
4192
-981
-2008
-252
-94
-726
956
-3044
1468
-3516
-2713
91
-4343
1125
1305
2513
4689
-2437
-3332
-1830
197
2886
-959
-2417
-3334
-324
3348
2274
-1528
-982
-3034
-3423
2133
-277
-3687
3128
-4064
-867
-788
-2832
3398
1817
-3819
-1461
-1970
2885
-2173
-177
823
2358
-1705
1925
3366
-3607
-1131
3399
2843
3325
-395
-462
1419
-2153
2070
2705
-377
-949
-1809
-2886
2460
-1133
4145
4009
3583
3885
797
-1143
-2416
-2901
625
3253
-4126
1501
-2467
2885
2162
1628
4977
1346
4347
-3014
364
-75
4382
2290
2088
-4093
-4509
-4770
-2655
1947
-626
-4496
3459
1268
4519
2700
1252
-3254
-3878
508
245
3401
-3071
2468
-508
1927
-1141
-363
-568
-3630
3626
-1924
-4350
2218
-2665
1098
-3342
879
-1642
2691
-4826
2971
-3858
-3966
2229
-3490
1885
2063
-2866
4852
599
-1977
3028
3457
-763
-398
-3499
4186
-3031
4577
981
-1817
-4263
-2882
2386
4041
-2070
3755
711
3362
2854
-2398
3901
-3669
-3723
-3865
4247
3574
-2889
-4606
-3194
1475
-1637
-4770
377
-1735
2769
-1377
-492
-4884
-4915
-2150
-4262
-4502
-4858
-2882
-4825
-3749
2509
388
1247
-4997
2425
-2153
1994
4367
-721
-566
-387
-1357
-1957
-4723
2808
903
4355
3275
1323
3697
2364
1268
231
1867
-456
4507
4973
2789
3658
-3824
3374
-4904
459
-4296
-947
35
2294
-4538
-892
943
549
4120
1756
-1029
-4613
-4577
-4502
-2901
3842
3462
2362
-1281
-644
2467
-3838
607
1643
779
3333
-1307
1502
553
185
-2118
-696
-1055
1607
-4278
4912
-1628
4753
74
-2573
-2372
4090
2668
3410
-2997
-2999
-1304
4841
-3685
641
-2560
-4783
-3087
-3082
-3771
4527
4387
511
-680
-4942
3322
339
-1604
-1280
-4940
-31
3180
534
2647
-1214
639
-3850
-1880
-3641
-1461
-2218
-57
-4710
-2682
3383
-3837
-586
3436
1244
3148
1769
392
2830
-1526
-225
4267
1212
-2980
-1387
-3348
97
711
54
-2938
1873
4190
4275
-655
2078
-4464
1306
4470
3416
4557
2237
792
-4029
3606
-2929
-1093
3887
1707
3776
2433
-3665
4617
628
4449
-1815
-3912
3341
2617
-2649
-4490
4518
-4766
732
4517
2343
-4897
-4452
3990
3961
2086
-1002
4732
-1383
4498
-704
3124
-1420
4436
-1695
-1551
-1890
4835
4802
-2016
2024
-182
1273
2047
1206
3671
-2655
-3294
3664
-982
2042
4837
2503
-4990
-45
3145
-3256
-123
712
1635
-2426
-595
251
1919
105
-4184
825
-1166
1936
4375
1566
-4293
4602
3875
-1819
2269
-3153
-3201
768
-329
2267
4267
1184
1283
151
1777
4667
-746
-2410
1650
-3279
2653
1363
-4786
-2290
2485
4901
2963
3437
-436
-2034
-3612
-1870
221
-4527
4836
-3060
1505
3995
-1270
2459
1174
-29
-2711
4094
-4390
1474
-2903
-4572
-3261
4491
3046
-2205
4810
-111
-3229
-2163
-2781
-4270
2358
3608
-2857
-2367
-2918
309
4106
1826
-359
3987
-4961
2580
896
-2304
-368
-3207
2206
-3583
-1882
-2875
-2884
4373
4748
3629
-2746
-95
-3240
4121
1132
-4226
-802
616
4393
-974
-4183
-1648
66
-1927
-818
3878
-996
-330
-4094
2836
4871
1760
-560
23
4389
-379
-28
607
71
4520
4122
836
-817
-1942
4536
3109
2795
-4837
4084
1860
2823
-1036
-4016
3533
-3437
2765
4029
-2519
-783
-3731
2130
-4525
-2677
-4696
-4040
1150
-4963
-65
-3636
3150
3453
3394
-2895
-276
2783
3187
-2273
-2421
253
2986
-1954
2656
-679
-3435
4210
-983
3504
-4670
2550
-983
-3993
-988
-3088
4417
-2028
520
-3875
4141
4572
-2539
866
-4508
-1104
77
-3745
4350
4943
-4212
-3016
-2863
-3573
2013
-229
889
3495
-450
-1736
3787
-3978
-3382
1677
1928
-4212
3705
-1798
4865
1960
2428
-3869
-3307
3517
1251
54
4033
-1444
4106
-1815
3299
1532
4151
-4632
-1825
4498
3507
1088
-1014
4245
4302
1208
-1202
3360
-1478
1050
-3421
592
1162
-733
-2630
-3570
669
2396
26
-1737
-1299
2358
3814
-751
-4151
-3113
-444
2400
1263
2134
2252
-1503
-352
4117
3493
-1479
966
-2646
1805
-3158
-1692
4766
1391
1181
1787
1346
-1425
309
1997
-3539
-1057
-3751
-4339
-289
4070
-4880
335
-2782
808
2806
3925
-1867
-4989
4575
-4024
-2729
-1926
-1398
4040
-4534
3476
-189
3441
-3519
4702
4718
1180
4977
-3925
3766
-829
-4813
3322
-390
-3889
-2409
-4480
3158
-3675
2843
2182
-3884
1632
-271
-226
-4531
-1461
1023
-578
3126
1829
-4933
4410
753
3141
2999
-2813
1022
3910
948
-1656
2712
3666
-930
-3054
145
2707
-369
-276
4503
-4532
-2418
-546
2727
-4287
336
-1815
-1064
4417
1721
-1204
-2767
3452
870
32
3222
3165
-4875
3961
-610
-2359
4449
-1298
-370
830
391
1629
-3970
4512
1035
-325
-3300
1240
4600
-4039
858
-576
864
-2927
-4804
695
-143
-1530
3406
-145
4607
1349
3967
2628
-97
2079
2117
-989
-1725
-4653
380
4617
-729
-361
-1033
4986
-1723
4508
2726
1947
3143
-2031
4083
918
2372
-2391
-1408
-682
-7
2400
4308
1243
1414
-4029
-1086
-2188
2813
3030
1540
-1136
335
-4952
4235
2042
3068
3958
-3050
499
2800
1439
-1384
216
-413
-2813
-686
-1983
754
-1735
2096
1801
1458
-4507
2576
4093
693
-1573
-512
3769
-4371
-3697
2079
1665
-1774
1901
-3108
-1917
-2805
2093
376
974
-3363
-1418
1563
-1757
-2263
-689
1500
80
4302
-3114
1731
834
-939
963
-4944
2275
784
-2674
2395
-1951
4701
-98
1141
-639
4050
-4014
1831
-1972
2612
2717
1075
4888
3166
1156
2353
-4282
-4037
4469
2233
-921
-3045
2211
795
-4944
-4141
155
4779
1357
-1496
2800
-1994
1486
-3752
-2200
-1714
-3713
1388
74
-1746
-2268
915
-616
2295
-955
-3264
-3827
2567
3982
-4736
-810
883
128
-4716
2472
1085
-2964
1027
4570
579
1530
-3668
-4350
-2672
-3761
1976
3377
4088
3438
-4216
-3219
-4451
1101
1196
-4860
3960
2033
-4099
-4504
-225
690
1764
-4933
-1321
-4409
-2514
4731
-2451
4471
-3115
4131
-4229
-977
-755
3143
-2511
3337
-2845
4046
-1724
549
4917
-3701
-2613
-2767
1943
4548
781
4501
3847
-2842
4698
537
3673
4529
4931
3331
-4643
-442
1617
-4685
4124
3600
3865
-270
-2909
-496
3642
-2879
-1279
-4830
3019
4231
-2146
-866
642
-3283
-3320
1009
3844
2368
-656
1195
3723
-2463
-3920
-1211
-1281
-404
-2837
3533
-3396
-3300
-1063
-4725
-1888
-4986
1693
-958
1248
-1472
-4429
-1553
-3676
496
-3372
2929
-233
-4714
-2015
1237
1822
3585
1729
3034
-4950
2339
-622
-3786
4035
4189
-3792
3731
-13
993
-1308
-386
343
-1491
-4844
-3714
4609
2050
1158
-1372
164
4972
3376
3606
616
4240
435
318
-2891
522
800
-4200
-553
-3963
-2355
3666
-1815
656
1210
-4272
3990
2068
3809
3830
-2759
-4522
467
-1454
-3001
-4079
-2321
3585
4737
-2453
-3262
-714
-4200
1674
-3755
-444
2339
779
991
2742
1397
-4415
-4836
1356
3979
-4870
2141
-478
3806
593
-3246
-1716
-666
3964
71
4513
296
-4180
4631
-3596
682
503
2193
4473
944
1742
-3196
3500
2508
1055
770
-2339
-2875
4246
-4772
-691
4106
1807
1657
1262
3307
1809
375
-2104
-2155
-3251
2454
528
-2017
-3911
-1835
254
786
-3002
-4850
3129
2986
3880
4164
2462
2216
4627
288
-121
4350
1213
-3747
2524
-668
4448
2780
3583
-2103
3280
4267
-4912
-2681
1193
-2244
3153
3792
1111
4915
1304
1001
4336
1835
-2753
-3349
-3632
1638
-2842
-82
-4474
4114
4287
4767
4241
-3882
-3382
-3009
33
-2724
3500
-300
4261
2283
-581
1336
-3270
-3260
2607
-2843
4829
4226
265
4261
2785
-2002
2908
-1426
776
-4647
1854
-1619
-366
2005
1237
516
1999
-4722
4025
1854
2637
3505
1185
3172
3606
-214
2843
-332
-3101
4277
-263
-3191
4300
4085
985
-2480
-1397
617
1889
-4336
-2994
-1919
-2732
4842
419
-3293
259
-2193
1418
4098
-889
-1664
3865
-3983
3136
3625
4301
-1661
722
-2053
-4342
463
-2102
576
2144
3001
1532
4827
2170
179
182
2196
1182
-1536
2299
2342
400
-1908
903
1544
-4077
-415
3203
255
1227
5
3432
1291
4162
-978
1662
-3931
4127
1256
-237
-1083
3201
-335
439
-1901
-203
4806
-4743
1291
3917
-3760
-1733
3344
-4578
-3013
-3429
-3886
-4234
1568
-1337
-2419
3551
3734
-2762
2249
-4181
1497
-2988
-982
-3439
3717
-333
-1843
4893
-4854
3764
1910
-738
2865
-1521
2883
1321
-208
455
1691
3507
2708
-2146
3359
4223
1518
2065
3650
-4198
-1479
-4037
4349
-357
441
215
-3715
-1274
1861
4932
4753
-2437
1507
-3577
-4852
-2396
-1795
-189
3321
2047
2036
3588
-4423
2341
-1384
-681
-384
-2436
3494
-3157
1316
-3522
1427
412
-304
3187
-2546
3844
-2993
4098
2193
2715
1566
-1480
3152
-218
3983
4968
1643
-3319
4089
4697
413
81
-2250
-4443
-1190
-765
10
1831
-3844
3302
302
812
3535
2641
-413
-555
4518
-124
3106
2327
-1390
4578
240
3209
4115
-2836
-2266
4758
-414
3938
782
-4214
305
-2246
51
-2990
1531
1785
4903
-234
3372
661
939
-3801
-1637
-1641
-4406
4662
-4743
-2144
-2111
-3875
1965
1679
1763
-343
-4544
-3146
2815
3165
-1359
-2724
-4081
2394
4464
-3694
2810
-2387
1191
1762
2719
589
4488
-3086
2211
-3433
-517
4321
-642
4133
3316
3589
4433
3820
4138
4731
85
-2897
-1857
3695
1735
-3290
-1641
79
3508
3336
4027
1609
-234
-626
-4080
3757
-4429
3453
-3975
4532
-4691
-2456
507
1607
-4171
3358
-4180
-4096
2824
4443
1965
1443
-252
346
4355
-3556
2137
4996
2764
-2095
-506
-1135
-2542
4893
2244
-3201
-1214
4333
-507
4888
-3569
599
1847
1243
-58
2162
1994
1150
4775
1289
-310
-3959
-3336
-3013
-3965
-3974
1714
2575
-4413
4570
4413
-2394
1663
1075
3596
-4630
-1495
-894
698
852
1705
2484
747
-3407
-2427
-3682
-4152
-758
-3036
3192
-3514
1065
-2957
-4445
-2599
1272
-452
-3901
-4610
3124
-826
-1347
4003
699
-317
3674
-1855
-2582
-432
-4757
-2025
808
-625
170
-2456
-2230
3000
-4744
2790
-4179
4822
-4650
-4353
-2847
-3826
628
-156
621
-4610
2991
-1887
-2114
4324
180
1991
-3334
-3544
-3004
1512
3416
-1520
127
2232
-1108
2240
-4126
2237
-3358
-1509
-1969
-4674
-2096
1971
1508
-1292
-484
1693
111
4138
-1764
1481
-1828
4027
-61
2882
1792
2349
1058
-2710
3261
-944
-3937
2934
-3015
-2143
-4418
4958
-4804
-4885
2260
-3134
567
-784
-3607
-970
1049
-4347
-3605
405
-316
-976
-1668
-865
-3223
-902
4786
-4409
-1456
1945
4115
2382
-1188
3980
2577
2526
-1534
-265
1220
4967
-1589
2720
-83
1324
1591
3161
2708
2351
4596
-4328
-192
-3220
-2350
-4930
-363
-4678
-3174
-1244
4751
3393
-4676
381
60
-3085
-729
2962
-3142
4513
-4647
4429
-503
-2403
4134
-447
1664
2083
4196
-4085
4586
-1844
-4588
-3261
-2453
736
912
1231
-3678
1520
-606
2099
4813
3669
4211
3011
642
-4599
-1989
-2046
-4808
-1925
-631
3038
1591
623
-2452
4624
-2863
-4710
-4288
3459
-395
-3387
-4150
-62
-1110
-1731
-1109
-1612
289
-3493
-1847
2932
693
-3974
822
997
1650
2102
1050
-2480
3818
2890
-1604
-328
-4338
4629
-659
-4332
3289
200
-1964
2367
-450
-2542
2463
-3894
-1286
-835
-1465
-1545
3158
1358
1692
2849
1512
2460
-3367
1786
-3900
4805
-4924
4755
-2929
-232
2775
-1726
4196
737
-2669
-3347
-3143
-1286
-2911
-556
-880
4115
-787
-185
-3977
1142
2616
17
2410
3991
-1812
-472
-101
4718
364
240
1542
4266
-2742
1595
-4944
506
1553
-1904
2698
2563
807
-683
3982
1785
4154
-778
4281
2993
1414
4886
-1774
4453
4019
3129
944
-4371
1380
-4318
4895
-1169
-1822
-4269
-3605
-2377
-4132
-4502
1531
3773
-980
2901
3061
3719
-206
-3239
-1808
-3711
-1682
1607
2915
-1874
-4635
-1473
-939
-4877
3724
4499
-4701
41
780
-4068
1927
-4415
2622
-3394
-1732
4582
896
2624
-4323
9
-4389
-4531
2102
-1407
4670
-2744
-1301
-1548
3895
-2970
-2185
-4684
3513
4574
3298
-764
-4296
1707
-1624
-3890
-1212
-1542
-3929
2300
3697
-4180
2830
541
1135
3824
4685
-4924
-4471
-2404
3392
1297
1866
-4424
1229
2526
-525
-3843
2700
3394
4289
3079
2980
-3495
4380
2869
-755
-1537
-3798
2716
-996
3348
1555
1810
-2198
-3078
-1635
4522
2650
-1630
-3754
1976
-4613
-3557
4002
-2504
-401
2527
-3812
3980
-402
-1030
-4920
-3457
-3730
4189
4676
-4418
-2691
1529
-4411
-1822
3885
2535
1322
-1803
-4381
-4844
-2071
-3892
4625
-3071
2253
-3189
-599
-3489
-3863
3047
2254
2399
4361
-1305
2383
2371
1520
-4302
-3913
4552
-4495
-253
1904
1909
-1899
2373
4477
1727
-848
-2105
-4080
3881
4334
-1573
4599
-2520
3369
-440
-570
2941
-3670
-951
3606
1413
-4208
3953
-3467
-3981
1449
1732
-133
-3570
4963
2624
122
-1754
3169
-2947
2274
-2536
4930
351
-2001
-3144
-1409
-2078
-4525
1142
3835
-3474
1064
1866
-2116
-3154
-1791
2843
2076
-2614
1762
4266
-1494
135
4257
-4593
-2912
-4882
3112
-4148
-1332
3500
-1714
-3035
-2015
4976
-3812
-78
376
-2265
850
2909
-3842
-419
4355
3936
-1336
-1313
906
1524
2852
3185
-2578
1600
2156
3266
-1300
-185
2351
-1642
4051
-2115
41
3864
2498
-3367
-889
3338
794
-1108
3427
1365
4576
-4646
-3408
1225
-400
-2671
-3137
4443
4544
-377
3022
4929
1082
736
-2364
-3944
-3482
-2855
-2366
4804
-1662
-4092
4798
-4491
2596
-917
847
-3684
-4118
1157
-3382
539
-3008
1937
3911
1421
4663
-6
-616
1289
3884
4880
-337
-1653
2797
2049
824
-3447
3742
4103
576
3382
2918
1638
1840
1973
-1038
2789
-1639
-4003
-2299
2062
-2685
1764
-4585
820
2122
368
-449
-1872
2373
2163
432
-3930
-3875
1357
-2459
1933
4678
-4810
2521
-4279
-775
566
-2298
1317
-918
-4474
4789
-3822
-342
-888
-3827
-704
1220
-4897
-4681
-3374
1277
633
-1193
660
-428
2279
320
1644
2908
4016
-1048
1897
-2339
3527
-17
4479
4634
-3046
-2676
-3681
2339
1063
4751
-2112
-4223
783
-3600
4506
3160
1619
-504
3815
2445
-911
-4592
-38
1031
4430
2945
-2173
163
3826
178
1021
1861
3115
2222
4379
4731
3639
-4092
1204
515
-1390
1442
4325
-3685
-1604
-2628
-104
-3388
-4111
4383
-4451
-1791
1256
1020
-2909
1636
3132
102
2214
3807
-1628
73
2855
336
-1688
-520
1408
3173
2578
-1508
-93
-3251
1984
3151
-61
-1786
-1884
-986
873
3661
4422
-232
151
-53
3666
2387
3911
1480
-887
4926
4633
4775
-441
1818
-4790
-2608
-428
4720
3424
2006
4788
-2873
-160
1671
-483
-2242
-2156
-3357
1746
-3657
4309
3505
-4860
-4624
-1507
718
-158
1705
1046
4478
1238
-241
3916
3014
-2900
815
-933
3836
4154
1206
1280
4891
-4011
4462
-470
-3297
3105
-471
3496
-3578
-291
-1347
852
3408
-3600
1025
-3178
323
-1236
-1795
-4154
-437
-624
-4274
1306
1300
2963
-1756
1097
-4929
477
-3653
-5000
-4015
2042
-4399
2397
932
-361
-4130
-2803
-4831
2722
-2694
-3000
3757
-2417
2235
4703
-2642
2893
-1564
-2547
4821
-2521
-341
-4648
2211
3969
-4371
4332
-2332
-378
-3623
4727
2595
-4949
-370
4518
-2317
-3874
-4388
-4892
-4998
3697
-4844
-1343
211
-904
-4861
3322
3339
671
2913
1302
4984
810
-1949
2991
-4869
456
-1940
523
4195
844
-3395
-902
1086
357
-3345
-555
-1609
1932
2313
-717
206
-1791
951
-4475
-3558
2402
-4947
2324
3644
2337
4894
72
1984
55
2896
1310
-4809
-4643
4096
3748
3086
-4733
-2101
864
2208
570
-74
1424
-3880
3518
-837
3032
-1253
-920
3286
-4564
-1399
4236
2020
4142
745
-910
-142
-4862
-4379
-968
-4161
-2893
-3310
805
-338
-3470
-1478
-1843
1100
-4912
2479
-4313
1917
-4869
4589
-3406
3294
3124
-4450
1571
-4910
576
2736
-3579
2333
-776
-4180
4760
-2295
-3123
-1276
-2409
-2805
1833
-3683
2709
1189
4046
-4275
-3378
2614
-3913
3765
-4209
3406
-1127
2748
2046
-4014
-325
-166
3196
649
4043
712
-3154
2444
-4371
3133
-3696
-4150
2172
-281
4333
-1158
-1739
-2441
2264
3803
-1162
4937
-168
-4
2321
3645
400
-3367
240
-4245
-1339
569
560
2588
-30
2035
1345
-3404
3023
-4801
-2658
-1086
-1407
2930
-1489
1132
906
249
4727
-3241
-3035
4292
-213
-3381
-3816
4601
-2646
1578
2970
-1935
-3494
-1588
-188
1886
-4107
-2875
3705
4622
1416
840
-1570
-1728
-4304
-2437
-1197
-282
-782
-3150
-3466
1674
3996
-1501
731
-284
-3569
-1879
2319
-1566
-3454
4505
2700
1848
-2848
2157
129
-1457
-4260
4038
-4512
1963
-111
-1412
1128
2933
-734
-3371
-333
-4526
2221
-2443
3792
-2465
2752
668
3556
4114
2480
-3315
-3578
1733
-7
3492
-2759
3803
3135
3394
3910
-658
-691
1103
-1145
3512
-3622
-2048
-2409
2649
3973
3106
428
-3804
4127
3802
-3520
-185
-3706
5000
-1632
-2795
-3854
-807
-3587
-164
3005
-3366
-3984
4861
-4750
563
-3587
2506
-4865
1863
1666
-2553
3788
271
2066
-4374
2203
1602
4994
-4387
-4073
1512
-3174
657
2060
3469
-913
874
3336
2777
-1504
4352
-1579
-4348
-470
401
-3361
-2394
-3233
-4450
-1714
-3141
712
-1390
3844
-1491
1240
-2396
-4461
-30
4778
1470
-2182
318
4121
-3307
4247
4163
-1823
-3792
-1942
4631
1639
-200
3862
137
2650
-1896
-719
-3589
-33
-4225
3718
3159
2526
-4498
2901
-1405
1383
-799
-4636
1834
-1515
-2560
-3522
256
-2874
-3777
221
-1780
917
-244
-4546
-1693
1046
3331
-2280
1622
678
2785
-3146
1124
3399
-381
261
2732
-3906
3290
-373
1589
4008
-2997
-1071
-4776
-367
653
828
1352
1223
-2915
-1921
23
-3979
2418
3928
1286
-4842
-3050
4292
4022
4357
438
1117
4766
-1561
-3174
-4868
-2534
-4430
-1764
-1735
1061
-4737
4493
-2381
-2753
3674
-1170
1052
2531
4226
331
-3451
-3090
-1543
1388
-129
-563
-4251
-682
4869
534
704
-3792
-3455
4796
-4425
-652
-2503
-719
-1510
-3449
-176
-4303
-854
-3695
1087
3374
-1234
3059
-4057
3173
-4512
2539
2173
2065
2382
-2874
4235
1371
4237
-4516
-359
-2394
-2610
-1893
-1848
-1275
3041
-44
-3512
-4039
-3124
4364
4803
-2900
-2479
-2699
-1616
-3081
2672
1537
4803
2735
-3225
-1331
3754
-4137
2761
-3691
2376
-1789
924
-4896
-1436
4316
-2318
4743
-3908
1941
3104
2310
-3715
1678
2337
2282
3157
-165
1897
3156
1644
4362
3639
4440
-3426
-3114
2999
4922
-775
-3307
2085
4834
1971
-293
-1210
-1011
1366
-578
1485
-4547
3023
1939
-616
-3893
455
-4079
-964
1685
-4239
753
4452
-3274
-4124
-4144
4076
-3866
198
1042
4191
2591
3847
3173
-2612
-3881
-3654
3857
1276
-1493
-3734
4645
1544
2683
-3939
896
3931
3225
-4144
-751
-4859
2861
-2275
3094
-1212
3384
-663
4375
-1643
1705
2301
-2559
-2026
-3210
-1759
-4148
3708
-63
-4308
-851
4083
943
1760
965
533
-2786
-2812
-4910
1885
76
4182
-2629
-1636
-4372
-4489
-1405
680
1095
-3770
3990
1633
-1733
-101
3690
-379
2605
-3396
3795
3152
-2416
4347
-3490
-1614
-1733
-559
-631
3931
4715
-4036
-2432
-1850
3987
1832
3301
925
853
-3956
-4320
599
3655
-4429
750
-4201
-4037
1810
-4227
-359
1718
-1226
3788
4511
-4018
-3453
2520
1478
-2703
3240
2959
2822
2696
-2153
2515
-1495
684
-3864
-1119
2215
-2727
-2727
-387
1198
-1642
-4123
4256
-1525
956
3997
-603
-2245
3521
735
-1578
98
2826
-338
2499
168
-1419
3542
-1859
3759
1299
4555
4730
-4670
-872
156
3951
2299
1954
-628
-3282
-2918
-1603
783
2593
-4076
-4074
-4637
4065
2965
3363
-541
536
4702
-2167
4765
-1252
359
4807
2647
3783
4649
-4551
-1733
2999
-1085
1428
-919
-1877
4459
-1153
-2158
4626
-4594
-1320
-1910
644
4341
-3549
641
-4432
-4722
-1851
-218
-2429
1036
2523
-3737
2372
4179
3154
-4669
-3925
4806
276
572
4553
837
-770
183
-3419
360
-4136
-1609
-1923
-1588
3865
-3569
-3095
1950
2239
4715
536
-738
-2370
-821
-934
2122
1874
2317
578
1509
-2384
2753
3144
-3609
2999
-4603
2624
2166
-4467
-2423
-1680
-1226
4161
-2344
3378
4478
-4740
-2417
-4232
1084
-3052
4201
-388
-3823
3367
-2444
-4640
478
-815
-3549
-4265
-3606
-2367
3353
3634
3263
4030
1864
439
593
2478
-3105
3445
-151
-4084
-1227
1868
-603
2212
-714
4564
348
-2436
1344
1794
-2256
4206
3401
155
4787
-2197
-3555
4158
3168
-4780
627
1838
2844
422
-978
-4724
-3626
-3373
-4460
1733
1970
-3740
-1494
953
4683
-3684
-1544
-2166
3352
-3127
-959
3177
3587
1658
4261
1374
1512
-3710
-4440
-1652
205
3422
3939
4300
2195
-3599
1710
4910
-2240
-632
-4496
1566
-2695
-4040
-2878
-97
-4091
-2845
-3901
-1474
-4772
-3765
3760
-3864
4600
-342
1890
-1151
732
4239
-329
-829
1343
1244
-1730
-1569
2913
1575
4552
1655
3499
-1115
-3058
4842
836
-1119
-3795
-235
414
-3525
1967
-1977
-3056
-1676
-4572
452
-4844
-3715
-2918
-3014
815
2458
1633
1942
700
-3381
-991
-1902
-3067
1178
70
-1486
2034
678
-2610
2833
-696
-805
2723
2852
-3754
-44
672
-3669
-3727
-2572
752
4244
4486
-3920
3775
-2268
-1309
2016
1536
3555
2245
3638
4593
3382
2843
-1528
816
279
4997
-2025
-4090
1842
4781
3923
-469
3539
-2539
-4460
-4705
-1016
2133
560
-3738
4852
4730
1347
-3436
-2153
-1350
-2562
549
-4549
-674
513
-3092
-3041
3626
-4389
-2338
1731
-4805
2267
403
-1122
4062
-119
-2504
3589
881
1068
-2985
2396
-279
2846
-2375
2318
4941
-3308
3939
-1415
-3327
-1508
-1771
-4767
-2178
-3997
-1961
2778
-50
4996
-4734
-2456
-424
2182
2544
-3417
-3370
4106
-1223
2973
2690
3853
-1216
543
1800
-4907
4957
3568
-4647
1309
-2576
-1570
-1758
-1740
1215
-4257
1379
-297
-957
-1478
991
-1301
-250
4925
-3462
1450
-3258
-2968
1182
-4275
-546
-2632
-382
1389
-2352
-2798
-4730
3137
-2007
2856
1025
2045
4692
-4846
-2180
2904
-2929
219
-3233
-3730
-1385
2814
-716
-246
-2238
2914
-1307
4046
3875
4915
-739
-1476
-4411
3380
1244
-798
-1704
2838
-2605
-2754
4607
-4608
3418
-289
3253
-3374
2596
-1175
66
2307
-820
4988
-2571
3439
3470
-1679
3684
-3334
2304
3091
-2662
-2402
2224
-176
-2321
-2201
-4904
1222
-3658
-3370
-2371
-3667
-2396
365
3188
-2015
-1667
-4345
-1230
-409
-4934
-1079
-2444
-1012
-4747
1297
-1764
-937
-4779
1837
-309
-4578
363
3285
-4574
163
2465
-1433
-4065
-2414
-4324
-2421
4874
-3903
-804
-3565
2021
3254
3892
-1588
-3980
1098
-3891
-4425
2182
-4827
552
78
-1994
577
-3441
1972
-3232
1574
4479
-1707
-1091
-3122
1676
-2558
3687
474
1437
1603
-3530
4180
-3280
-4497
3476
2606
-4176
-4812
1239
2660
-254
3328
2513
3984
2680
4828
3680
313
3097
-3305
-3501
-161
-2064
2984
3041
4369
3044
-4662
-3812
4324
-3214
2017
-1411
-4170
3460
-4895
1250
1376
2515
-4258
-2001
1237
1070
-388
-1323
-3147
-550
3391
3233
-3523
641
2267
-4177
-3025
-3991
-1939
-3503
-2156
4257
-2670
3424
3549
-3139
3445
-4365
4577
-487
-4349
554
4533
2754
1793
-892
1877
-2979
-112
2332
-4806
-4122
-2845
-4193
-900
-4643
2743
-3706
543
-625
1476
-1317
2328
95
3979
1923
3019
1835
1548
-1521
-688
-2268
-11
-4228
708
-1247
736
-1947
-1670
-367
3291
2656
-856
-4517
-1911
-3259
3138
3336
1980
3723
-4876
316
-2696
-3370
3062
-1952
3251
2517
997
-3971
3508
3294
3907
-4713
-2734
-3061
3000
-323
-3966
-3009
-4875
2069
-3475
4498
-3228
172
1204
1526
2504
880
3867
-1321
3121
1500
-2563
1174
4271
454
-1139
977
-4234
1577
-4265
-4035
-669
-4573
-659
3627
-964
4216
2076
-2332
2192
99
-623
1319
4885
3739
471
3327
4148
-3875
-3480
2421
-2768
268
105
-1138
3881
3501
2199
-14
1043
4254
4865
-3987
-1440
-3991
3087
4395
-2826
-3251
3675
433
3517
3920
-912
-4469
1449
1255
-1916
-2177
258
-2086
4166
416
-2639
920
-806
-4008
4447
3074
3052
4656
-689
-4827
-4539
-3011
-4702
-1736
4223
1737
-561
-3258
2021
-4763
-3289
2936
-136
1678
-2399
2257
-4247
4047
-2837
529
-434
3049
699
-2582
-639
196
-2228
-4651
-4778
3682
-361
-3276
4474
742
-2498
3767
2590
466
4629
1379
1481
458
-956
-2386
-745
222
-2184
-4400
380
4899
963
1583
-534
-171
4173
-1345
4012
-421
4635
4636
2366
-2136
180
1626
-3502
-4205
4879
-2479
2022
-3634
1638
4317
1942
-4345
1287
-2187
4619
-815
-1012
3059
-4422
4310
837
2057
-4018
2400
2248
-2519
171
-4190
-3343
-2077
510
-4890
477
-2257
1505
-3159
657
213
-4749
2820
-769
2051
-458
4206
-3236
-4278
-1729
4972
-3174
-2050
-351
3889
856
-3618
-4407
1478
1748
-2317
177
1352
-177
2847
25
-4942
4171
2182
-1575
1482
-3403
3280
-596
2812
-525
329
2793
-963
4344
2310
-1652
890
3569
2659
-3673
-2815
-3801
-4529
-1788
-4545
1767
132
1690
-4743
3186
-67
4812
-3762
386
-570
4869
-2393
3243
229
2365
-3407
211
-4625
1865
1700
3624
4368
826
-3533
1769
1031
3733
4821
382
4348
2297
3126
4475
-1658
4914
4001
-1950
-1738
3953
-4911
-4471
-3827
-876
-3731
1319
-265
-801
-3623
3255
-1564
2856
-2875
-2245
2855
2397
-769
-4081
-4219
-4608
-1340
-2116
-4064
1242
769
-4827
2107
-1211
-1708
-4681
-164
-1903
3999
3817
1159
-3419
-2827
-4144
2567
2863
-4285
-3887
-1979
-2528
-490
-4812
3370
-1787
-605
866
-4179
4683
3589
4130
-3331
-3053
-1308
2923
4378
4688
3636
-1707
-3053
1254
1951
4546
-1363
4799
-2509
-2970
4835
1255
-3157
4909
-626
-3532
200
-2077
-3245
4393
-4100
-2118
-553
-2427
4795
-367
2138
-558
-4914
3047
3911
1756
-4288
-2526
318
1286
4231
2699
204
-4369
-3960
4126
1511
3381
-4896
3421
-1425
606
-590
-1583
-2467
-3877
-780
-1022
-2259
4938
-4691
-421
4773
-291
4509
3917
-695
3301
-3070
-3914
-2317
-2770
591
281
3284
2961
-1550
-3224
2697
-3271
3328
-241
2001
1039
3143
-1667
2287
4137
-3585
133
-821
-3170
-3140
4288
280
-2104
4387
4082
567
3948
-700
-2241
3354
2956
4070
4925
75
-4878
703
-3090
1024
-2107
-4831
798
-1988
-3502
-1448
-4749
1422
4846
1123
4714
-2768
3726
-4027
3483
4314
37
476
-1472
1911
2487
-2099
2029
-1102
-3943
4221
1662
-4272
2336
618
4002
-1232
2474
-1487
-3057
-4576
3957
4721
-2183
-1437
2160
-115
227
-4592
-4387
-4131
1524
-4893
-2766
1972
368
1635
3387
-555
2002
4776
-2924
-1876
1552
106
2506
2858
-1090
4497
-2070
-291
-1854
3756
-2707
-3784
3292
-3928
-4795
-1759
1388
-1078
3386
522
2850
4458
4312
-2910
269
2299
-3725
-868
1994
1737
3591
2553
3407
3207
553
-2387
636
-4216
-881
-2840
919
-4134
3171
2179
4643
-4267
2805
2598
679
2214
1392
4422
3942
-4666
-1945
-712
-293
2888
3015
1479
-178
2056
-2279
3043
2920
4212
2634
-3079
4092
-1720
-1217
1884
3919
899
2578
-542
-1388
3299
-3114
-3256
-3979
-1394
-1033
-1372
2502
4574
3373
-2892
-1098
974
-4142
-1477
3358
-4638
1018
-1236
-83
1014
4615
3277
865
2516
1274
3920
3320
1442
-2530
-4268
-1224
406
-832
3800
2091
-2527
500
-3361
-2934
4709
-2632
2090
-3818
3032
1404
-2487
4496
1580
4392
-1819
-4717
-1894
-2022
3320
-4742
-991
4768
1121
-2327
1802
100
3060
-2377
-4224
-4290
-4665
1697
-481
-1476
332
2753
-1933
4594
186
-1757
673
3666
-1558
-190
-2032
-4115
-4804
-1107
1588
1841
-10
3294
-715
4926
4786
2926
698
775
-2313
4999
-1824
-2891
2267
-3285
-3643
-4562
491
213
-2431
3171
-1747
2238
-771
4316
51
1497
4760
3192
4056
-3521
-911
2091
3236
4550
-1689
2869
2699
2908
2667
3097
-4035
-2431
-655
-2132
4607
-539
-3026
-3174
-3797
-4126
-2506
-602
1819
-4139
-3284
3221
-279
4179
4135
-1122
2701
-2021
-762
1282
610
4170
2905
-3994
-2747
4307
4342
4310
3591
-3967
3480
4381
-249
2172
-2804
479
-1448
4258
-340
-2839
4015
-1325
1955
1243
-3347
3340
-1458
-4913
-1414
-2400
4815
-1929
3001
-4726
3517
-4453
-4834
3791
4604
-3315
-1671
-1296
-4503
4526
-3773
-3925
-3039
-3612
-2312
-4046
2124
-4455
1731
4929
3129
4761
947
3299
4955
4413
-4484
2227
-320
-3710
3090
-1870
-2525
1514
-3772
-2797
2392
3770
-3158
543
-275
-756
1507
4031
928
3042
-2115
-2193
-2470
-2422
-4063
-3982
4978
-2247
-2256
2570
2170
2929
3803
-1687
4191
4300
2456
-3310
2130
1272
3951
-1063
-670
1991
4008
-4773
4238
-4525
898
4202
-4383
-3944
-1076
2148
-198
-1930
-2870
3582
2202
-3802
-1593
-827
3694
-790
2028
4397
-1026
-4884
1077
-131
-2134
3255
-573
-4887
884
2008
-946
-4358
1756
-2141
-1250
-4341
2543
4475
122
4251
2443
-2486
1441
1686
-4279
2469
-4499
-2879
3660
-3665
-1782
1178
-4755
-2987
-1550
1224
2699
-4977
3172
-3286
-2649
578
-2650
4797
507
2918
-3878
403
4150
-817
-2182
-4208
-1779
1107
1509
4233
1738
-4256
-1171
1055
-2369
3709
-815
-2246
2299
1456
-3199
-3991
1211
-1989
747
-530
2975
886
1447
20
11
476
319
4974
-4528
2554
-1516
-3850
4395
1280
791
3118
532
4062
2371
1892
1226
2389
2347
-1038
4297
-2570
972
4914
457
2820
-1919
326
2583
-341
3254
4621
1504
-950
-2330
-4107
3057
-429
4686
3865
-4581
-4886
-2537
1855
2189
-2879
1800
3825
-3741
-4045
104
-170
-1844
4493
2048
-4942
4174
2391
4517
-3291
-31
-3380
-783
-302
1704
-3605
-3455
-2016
-3906
-551
-3743
1420
1539
-1093
3973
1086
-1507
4317
-4199
-1163
-3550
1755
2839
-4270
-2786
2476
-3206
-3213
-890
-3247
-2623
2580
-3291
-2760
-2175
-1834
3282
714
-184
535
4057
-1792
-2664
1783
-2825
-2
-1269
-1093
3601
3761
374
-3469
932
-860
-989
-3720
2936
-4046
-498
4997
1034
2138
-2213
-4363
-4960
-4926
4817
-140
-2807
-621
2152
531
439
-844
-1391
4745
1798
-4603
875
-3799
4666
-2728
-626
3447
2299
2569
-3061
-2596
-2193
-1472
-1409
-1767
1463
1513
4181
3292
3314
-3088
-3257
4940
2003
-3174
4447
-2223
2556
299
-4758
1584
748
1609
-3997
4146
2280
-4691
1059
392
2707
2425
185
3780
4036
317
4636
-4649
1204
-4591
4724
2740
-3188
2156
1858
2128
-3816
704
-2902
-2206
186
2138
3173
3535
-4238
2805
32
-2463
-4637
-1804
1509
-3218
746
3368
-2365
1340
-2767
1759
-714
-2093
2708
24
-255
2810
-3644
-2933
1731
-3552
-2003
-2340
-299
435
1502
-1012
-2195
-3763
-1011
661
1426
-2221
235
-1237
3824
-3192
2089
-3214
-4507
-4739
4814
4174
-173
4115
4077
110
3244
3594
2718
-3765
2051
133
-1367
-2486
-39
117
-4768
-1939
-3165
2042
2151
-4661
2419
-3529
2056
4876
3188
1600
-4239
-484
-2288
-3011
3881
1805
-1972
-2111
3251
3804
3248
-1238
2972
3082
2487
-2038
3311
-1894
1768
-4774
3079
-4480
998
-4200
1519
1105
4691
-498
4144
2959
-3332
1000
-3751
-419
4741
3582
4196
-2670
1231
1598
2867
-1406
-4008
-4749
-1546
-4296
-3692
2784
-2413
-3308
-171
2143
-1746
-4843
-4839
1114
-1995
496
1160
-2070
-2007
-1312
2304
2007
2872
3779
-791
4373
4437
-1359
1150
2608
-121
-1877
790
-4227
-2807
3165
2799
-3221
3016
-4342
-2847
3329
-4028
704
4731
3010
2850
-3352
-3686
275
3015
2186
-3385
-646
-1979
-4808
4936
-2016
-1969
1259
4856
-368
3350
-4873
2481
-112
-1213
761
1430
404
-2182
1373
4033
1207
-3893
-1483
3315
2408
4055
-4231
-3233
4824
3634
2351
-3894
4590
-3997
3651
3697
-1281
-2678
3731
-2987
2107
1985
3784
1131
-4023
-3110
564
4300
-1914
-2888
-2265
-4035
-3856
2051
-1761
-393
3575
3695
1490
-2618
-2123
-730
-2519
2127
2934
-1336
3237
2864
2515
3879
594
2312
4846
827
894
-4133
-3561
-3385
-3573
583
-795
-3247
-2911
-1007
703
-3767
-2724
-1796
-1509
-3334
1776
2071
286
-2237
-1632
2824
-1678
4650
2604
3808
553
3527
4876
-2871
-1901
3218
4369
-4987
4895
-1989
-2516
-2888
-3599
-3917
3168
515
-4055
466
1354
2664
2991
1201
-2564
3309
-3930
-533
3235
-4954
-1898
-2831
3733
-1717
-185
4800
-3938
-476
1871
2400
1286
1768
-741
-4686
3121
-163
-3807
216
304
4070
4129
116
-3032
-45
3570
-867
1874
-2762
-4530
48
2075
-3931
850
-2289
-332
-4090
-1048
3393
1268
3272
-1627
-1577
1810
-523
-4072
1777
2754
-2811
1529
1658
-3609
325
-4936
3328
-4697
-16
-3981
-3432
-3165
2189
3024
-2305
-1075
-1252
-1210
-66
-1400
4551
-2951
1881
-1073
-4018
-3260
-3709
2193
1094
4751
-418
-1726
223
-142
2027
4010
3169
-1243
-2496
3642
2702
3888
3051
-2993
-320
-1788
-1491
257
200
4665
-1344
-4749
4806
-4685
1777
2975
-2960
-3865
-903
19
2024
-2481
875
-3040
881
738
-4815
530
-3509
3842
3606
-2785
-2344
3394
4742
-4171
-3016
4129
-443
1781
-3828
-3038
-589
555
-474
-3851
4465
2957
1192
4388
1042
2125
-4413
1790
-1913
30
-3401
-431
-3641
3153
-2585
4911
4624
-4333
-840
3475
-865
-2186
-1010
1754
4495
-1717
3116
2952
-1120
-1757
2902
-4749
-3934
3878
1541
-2736
4485
-2038
-331
4444
-4379
1419
-922
-3634
-499
-387
4093
-1812
4437
1542
-737
-4192
1227
-3128
62
2216
-1656
2929
2087
1214
-1879
-2208
-3506
-2839
-4996
3206
-1466
-218
513
-2994
2711
-1222
-3129
13
-1592
-2290
3033
-4970
3567
3383
4276
1600
-4895
-1396
1796
-3262
-3592
-825
-1892
1579
4044
4117
-1343
1770
-4620
-1334
-1491
3259
2805
-1267
-214
-4785
1932
-3543
-3127
-2215
2998
2894
-2062
-1531
-1177
4054
3698
826
3107
-4235
3546
3447
-366
4189
2655
-4625
-2989
4456
-3004
-4802
-2169
-2815
-3894
1997
-1860
-4697
1479
763
-530
-2075
-2117
-4139
3798
3615
-683
-3379
-1146
677
-2034
-4770
71
-2703
1353
-4052
3130
-1382
-1810
-3331
-4339
1509
3459
3475
-4730
171
4513
3671
2338
3374
3999
-263
-294
3479
1486
890
-2217
4436
-4263
2045
-2069
1052
-2161
3500
-934
1899
3493
-4695
-1266
3037
1852
4370
-2582
-4215
4704
2528
-1580
2592
1696
-2843
-4552
-4271
3129
-3553
-3080
2782
-820
4507
2347
4994
1588
1151
-1774
-1969
-2836
-2303
35
-3555
96
3296
-1012
-2120
-610
-4302
-3640
-2392
4018
-657
2420
-944
-3243
2441
4238
-3121
1369
-1570
-4544
2519
56
-3454
3996
-3415
1988
916
527
3317
3331
41
3776
-10
-271
2907
-1791
-1404
-3390
-205
-1525
1333
132
-2389
-1864
-2079
1053
1500
3057
-677
2665
-3727
1453
-983
2487
82
-1542
-1084
11
3729
-4595
2938
-1952
-1696
3941
2792
2952
-1654
3550
-2037
1063
3176
-397
1319
-2754
-2896
1835
1062
-3925
-2189
-4359
-1188
-126
3251
-1056
-3565
3919
1186
4716
-640
-4700
31
666
-648
1246
4041
2733
-3015
3320
2892
3820
-2037
2009
1454
2631
3602
-2720
3746
3878
770
-2808
-4590
2288
-716
-3390
3755
3831
3457
2374
3603
1232
2625
4014
-2588
529
1569
-787
-1184
2199
-2058
-4327
-3485
4452
2341
4635
-1832
4653
4409
-3900
-120
-4059
3492
-4029
-2844
1064
-4764
-2095
-3827
1709
-784
-4670
769
1536
-4581
-1711
1083
3765
981
598
249
591
-2257
2413
-927
3132
-4090
-3335
-3041
2858
-4236
1598
-1568
-4771
4159
4362
-363
3848
1558
2471
-3373
-3534
-3885
-4371
468
-3864
-1604
-2299
4603
569
2736
1323
2569
-291
3433
4124
1695
3641
2649
2499
2146
-2300
-1944
-4917
4277
-2285
-2010
3016
-1240
-3861
-84
-1714
77
-3953
-1964
-790
-4232
-4865
-2732
-2361
-3583
561
1674
-4403
4388
-631
2267
3567
-4130
-488
-4899
-3349
-3622
-417
3995
962
2467
-273
-3437
2028
2497
2678
2616
-894
-3701
-3836
-3563
-4410
-1213
2609
-772
2918
1196
-1498
3922
-1198
-551
-3005
-2940
3133
1010
-3409
-4309
-3396
-961
3961
3074
-1773
3389
1154
-3113
3080
-2624
3999
-3795
-1552
-4698
-2601
-2851
4835
2882
-3334
-3612
-3277
-1621
912
2474
2584
-3735
4145
-1495
1180
-2906
2286
3074
2390
-2619
2503
3861
2156
2561
-3620
2754
-3191
-4651
319
-3727
-3891
1629
3029
-1714
4625
1999
1520
325
1306
-4870
-4487
-4156
96
2783
-3799
-1453
-3782
2997
-3755
-3086
1542
-1095
721
3017
-1788
-4914
-1817
-4676
1257
2561
492
-2126
3373
2449
-2942
-228
2039
-2827
1655
2339
-885
-2287
-4100
-974
-2751
-2900
-1068
-3890
1725
1634
1028
2708
-3945
2994
-1693
-2701
-347
-477
1492
2723
-3305
3613
3652
1860
1280
3476
-4719
-4348
152
3778
-1448
674
3939
-3495
2356
1134
3858
-2307
-2779
2250
3757
2923
-1588
2911
4997
1557
77
682
-2530
1867
-3327
-3480
1593
-3063
-4170
3419
136
-2369
534
615
360
3743
3577
-34
-2830
-1551
-2375
1676
790
-3959
-2724
2153
4268
-4200
-2848
-4068
4558
744
-760
-4713
4137
1256
-2957
2192
-23
1506
365
2139
-1941
1908
-1497
2820
1426
2821
2108
-612
-2092
1413
-2364
582
875
3904
1356
-91
-2265
-818
-3613
4229
3338
-4263
4705
-4940
351
-993
3338
4163
-2295
1123
-3844
750
167
788
4841
3245
-2614
2281
-3851
2128
-2997
-889
-4641
1874
1598
-4835
37
-2477
-972
-1723
-2199
383
-3636
-2530
-4313
20
587
1231
-14
4281
-2690
-2356
-1335
-670
3833
-1820
1853
3155
1949
-304
-3689
-2266
2106
-4338
-978
2106
-2533
4582
1292
4269
2430
-2691
1497
-2953
2015
1054
-877
-4280
-789
2426
-850
515
1774
-2637
4861
-4541
-341
-292
4216
4635
4319
-4930
3256
-1215
4659
-3912
1250
2978
3732
-3205
-3860
1983
-3938
4034
-2197
4404
309
-4006
-631
1598
-3210
82
2805
-2683
-2835
1342
-2560
4615
1828
-1260
1527
915
3737
4023
3324
-1866
-3760
-1175
-562
-1945
27
257
1259
-548
-4352
-4785
1615
4338
-352
3056
-3909
171
-2413
-4280
-3764
-2625
-4832
1043
-1287
24
-2878
-1786
3221
-1669
-2088
606
-4674
319
421
548
2631
-96
1391
3066
-4915
-2049
1353
786
-4648
-4003
2459
-2023
4914
2063
-4222
1031
-4347
-4501
2453
1569
-1473
-2220
2673
-4704
-1650
3457
-3935
-4725
3109
-337
4416
1526
2708
-169
-3986
4746
-212
-3463
872
269
-3549
-3982
3941
-3790
4399
-2196
-2027
-4880
3055
-2779
-4658
-1926
349
-243
