12920
4653
-3943
4915
-2111
1078
1809
-2195
492
-3332
-959
-1769
1935
-837
398
-1759
2753
797
2423
-1843
4405
-400
-2750
4843
4055
-1299
4863
4177
-1278
209
1109
-4150
664
-2299
-773
-3938
-4615
4856
4832
553
975
-4070
4529
-2191
3995
-4953
-1555
3384
-186
-1155
3650
-44
-1638
394
3442
3628
-4785
496
-1326
1251
-1641
-372
1164
1471
-581
-4176
-2971
921
2567
-4207
-1683
3023
-1295
-2337
4424
-2943
-2001
3798
3241
1293
-4682
2661
2303
1408
2013
-3162
3031
1260
-1806
-1836
1467
4727
-1948
575
434
-1280
4396
-1428
-656
111
2466
3562
-4329
811
3964
3339
-3425
-3056
-2229
-2731
-762
-2959
2339
-1369
-3607
-3072
-3551
-61
4598
-1004
-4680
-512
42
185
4986
-4854
3810
-3284
-1779
-1517
59
3329
62
-3007
1505
-651
-1515
-4413
-43
-4128
-4382
-1575
2761
317
4776
2364
-4471
1196
-642
-4717
-1242
-4806
3519
-3736
-4955
-3914
54
-2373
2528
1871
4087
3599
4287
-564
3789
-1180
4051
-370
-1614
1220
2034
-4799
2896
4530
3323
1325
-70
3928
-311
2450
993
122
-985
1871
1692
1585
-2267
2697
3898
-218
-2265
-947
3418
2990
3577
-42
-1942
2220
-4875
3885
-2188
-3266
1707
2735
-741
4921
-4488
1318
-183
4593
3999
-1903
1713
577
2894
1420
4513
589
4740
921
-2178
-1373
-155
310
1849
-1688
277
-3631
-4088
3330
754
-1233
4999
-4580
-4443
-1723
809
3073
4850
-3796
-30
4672
-4871
-4618
2202
4779
-4287
-4344
3391
-921
1958
2786
-4559
2066
3720
-3179
-1825
1319
3185
-1087
-2164
-2201
4781
2178
1917
1677
-1856
-871
1368
-2965
-3112
4157
-2373
-1317
-1991
-650
-4004
-3659
2702
-4904
936
-4120
-1241
-706
-3723
3506
2020
-1661
1683
4216
3393
-3989
76
-4030
4933
-3511
3351
2877
-4488
-2535
4104
110
-3695
305
3342
4035
4039
-4854
2096
4185
1136
4200
-2379
4017
-2099
-1517
6
-1771
-611
4630
4544
797
-1738
4712
2891
-1728
-1153
1086
3709
1878
-4079
-4332
-1023
3150
-2477
1646
194
-2174
4156
1998
-1649
3384
-1907
-2285
3055
-602
-1989
3133
1537
-1627
4024
-308
-773
1652
-3517
2885
557
-1376
-1463
-325
230
3180
2790
-4929
2915
-482
2960
-884
429
-2525
-231
-4243
1171
-1265
1544
2138
563
4441
4573
1223
-4185
-2968
1391
-1768
-3851
2195
-138
-4557
-877
-3602
1543
373
-1739
4787
3749
4428
1487
3621
-822
1793
1981
-444
-196
4826
-897
3121
-4956
-3895
2682
-697
-2002
-2501
213
1506
-3116
4063
-3120
-2943
-623
-3354
3507
2029
-1427
-4378
-2294
-4467
2496
-1341
-1629
-4577
279
909
3624
4880
-1548
1569
3348
483
-3117
3881
-4464
1556
4297
1435
-1914
-57
-40
-1631
-2023
4024
323
-3343
-3368
-709
1246
-737
-3796
-4685
4603
-2925
941
958
-3357
4785
1201
624
3395
-4330
-2260
3515
1430
-4691
-4404
180
4123
-339
-2169
3539
3547
-1508
-1919
-3349
-4018
-1738
59
3394
693
-1906
-4292
-3282
-2054
-1670
1945
2756
391
4131
388
221
2619
-2070
4199
-4753
4695
2799
-4695
4237
1033
-662
-3240
891
1146
-1387
3645
2266
2438
1761
56
4992
-1116
2092
855
-719
-3509
-781
-4123
-656
-2990
-1158
2068
2046
-900
550
-2860
-1731
-1831
-2022
3830
4054
-217
-1032
-2488
-3240
-272
4691
138
-3760
-3587
-2013
1099
2981
4719
-4292
3395
4951
4361
4297
-2551
873
2927
4372
219
1395
-3783
-1004
1314
-3597
3273
4059
3010
-3918
-102
-2113
-1538
-3778
1978
2333
936
-2967
-1546
3791
529
-68
-171
-1543
-2600
-1719
4913
3610
2347
-1530
-4553
3140
-4051
3937
-4406
-1535
-1222
1398
-4784
-2182
-4902
-1833
-2292
631
699
2654
-3881
3471
937
1610
-4661
3306
4298
-1339
-492
1138
-4098
2658
3659
-4055
-3772
4202
-3433
3093
739
-4432
-383
-2039
414
-44
2302
2108
-4813
186
-1823
-2965
-1746
-846
1139
-3314
-3478
-1068
-580
-2475
3922
3126
-3573
4404
-967
-2201
820
3815
4288
-4998
902
3460
-4397
3333
-4330
474
2399
543
-522
676
-2512
-2757
3611
3528
3962
-1866
-2772
-2463
1751
-1632
-4649
607
-3149
827
-664
3775
4695
-744
1318
989
2753
3400
1522
-2599
2507
-3623
4237
-2399
-1747
-4036
1427
-3408
-2219
1885
2479
-4248
-1305
3030
-2446
1945
-3340
3464
-4800
1109
749
-2957
2447
-3945
783
1923
1876
1912
190
-3053
-1679
-2748
1737
-1490
-289
1727
1827
1742
951
-3460
2691
4526
4188
4530
-1277
3227
2471
2898
4005
2708
3750
1413
-4980
4181
2375
-3500
4763
1240
-2400
-3128
-4898
-2117
-2247
2297
-4520
-3580
-4328
-253
1025
-3032
-509
4518
2983
1086
-589
1353
1551
-2084
-4019
-3250
-3767
-4637
4998
-3717
-1079
-1376
1232
-2140
2765
3
4364
539
-3114
-3437
-4729
-4612
4362
571
3536
1174
4534
1773
-2043
-4678
-3766
-247
-1743
2387
3220
-2682
-650
2829
3903
-1393
3498
3187
4075
-4544
-4563
-2610
-3303
-1285
-2343
576
-3703
-667
1588
3165
-4782
3528
4794
4843
-2167
4881
-4514
246
702
-4452
789
1258
2232
3214
1107
1712
-3662
3352
-922
2105
1252
-4139
1703
-1695
2726
527
475
-1074
1791
-2858
-1379
2229
-2634
2309
-4462
-4753
-745
2073
1308
-1903
-317
2778
-3505
-4156
1802
3392
3412
4897
4203
-1301
-4161
-603
-4039
1989
1397
-1135
3593
-1595
-3920
4443
-2837
2746
40
3859
1444
-3599
-1051
-835
1153
4562
-733
-2553
2032
-909
-1677
4289
-4476
3193
-1300
4850
4897
-58
1333
2660
-2775
3937
-1206
4570
655
2660
-15
-2631
-1431
3921
-4220
2437
4228
3366
-2408
-2013
-2052
4507
215
-2114
2477
-4171
4417
4224
2012
953
-2439
2085
-1312
-2120
-1475
-3530
-1611
762
4922
2598
-2156
2802
3589
138
3643
1058
-2354
1393
503
-3129
-1799
536
2073
4434
-2558
2652
1338
-4954
-2269
-2083
1943
-3817
3736
-3718
-2861
-4756
2729
4286
-2707
-2532
3856
807
-3386
-302
-3709
-172
109
-3173
1240
-3897
-1157
4628
-817
-4803
406
4463
1044
4685
75
2257
-1055
-1297
-1271
-3703
-2968
-4073
75
3097
-3518
2121
-1856
-2081
-953
-451
-2414
727
1416
-4934
608
3392
-3663
-3582
1267
2627
-2617
-4355
2426
155
3436
-1168
-420
2694
-4470
-3709
-202
3703
606
-3640
-456
-3509
-2994
3314
-1909
-1003
-1584
-3106
-2310
-2867
-16
-1370
1792
3581
-1924
-2172
3478
4486
3242
1444
-2317
1813
862
-1769
-4912
4363
3158
-65
3054
-514
951
1323
1871
-1739
4919
-3594
4950
-3439
-601
59
-3745
-4652
-244
-2023
1311
2584
3282
1146
655
2494
2376
-1777
1024
1476
1048
329
3876
2914
-1672
3774
-2887
4047
-3692
823
-2664
-991
-3308
4107
-2700
1795
806
-3884
2624
-4622
273
-1542
-3753
854
2986
-821
-3541
-4101
-908
2821
-3624
-1073
199
1224
3842
-283
-2641
-4763
-2790
-4989
3707
2918
2061
-3737
-4805
2735
4698
3823
4056
-1541
3893
1696
1474
4555
-1265
703
4163
951
-198
-4506
2314
-1351
-3126
-1362
1012
1415
-1610
-1755
4580
-3208
2722
-463
-3409
-4235
1493
3886
-4982
-2082
-1379
3391
-4752
-643
-2421
-1176
2742
-2748
481
3952
721
-223
4069
2854
-4263
706
-4124
1996
-4884
633
-434
-4111
-3239
828
2308
-4909
1665
4723
4398
2694
-4618
-3113
-587
-2400
-2978
-4062
587
3873
522
3889
-4128
-4476
-2164
934
-3023
2271
3027
3097
2251
4975
-1260
-1939
-2456
2390
3545
3767
3974
4038
-3380
-4327
-2162
-2749
-1395
4760
3798
-1616
2560
2980
-3257
-881
-441
-4785
-1365
-220
-1159
2729
1830
-2847
-720
4486
948
-847
-4396
-3723
476
-4160
-1010
-3330
1483
1674
-3880
-601
-3972
1798
-576
4292
2891
-1839
3985
2121
-4530
-2140
-2729
-3881
-2274
4435
1044
-3638
-2188
403
1732
-2432
2403
1828
4317
-2338
-4740
2899
680
-1097
4585
3896
3392
1759
-2396
4419
-4429
-3447
-1991
-4454
-3298
-2192
-4681
-4620
1852
1263
4504
1595
710
495
4755
-865
990
2232
2156
-384
4233
4117
-217
1268
4282
-1031
-4793
2389
2663
251
-416
3477
-1573
-1812
-4625
1484
4848
-1577
-4003
-195
4908
-3684
-1885
815
789
-1062
1002
1555
1475
3104
-4639
3589
1390
3812
-1265
3816
-1782
4000
475
655
1766
1483
1624
-2035
2015
-3556
-1974
-1407
-4137
-2994
-1331
-1587
-3418
2683
-83
1223
-944
-1994
4925
-3061
4760
-2626
-1434
-4468
1305
3836
2968
3434
1976
152
-3576
2887
1400
-1341
428
-1967
3276
1062
-1868
2543
1432
4551
-4286
-1608
62
-4263
-2733
-3674
3199
3631
3817
2117
-1925
-113
702
-2522
-1335
1026
1497
-7
1152
133
946
-3407
458
-2729
-4601
694
-1301
-3045
-3270
3888
-4088
-1152
2658
738
-3606
-3866
3056
3483
3868
2385
3924
-3745
1170
3255
1330
-4755
4081
1314
-1392
-511
-3786
-3395
3831
-35
2111
1459
-3101
2420
-3858
-3934
1614
882
-3792
-809
-2055
-1051
-306
2324
-3682
-2629
79
-4541
1580
3731
0
-2703
-2766
-2048
-4843
-305
2591
-1111
-4698
-3352
-3499
1639
-1916
3491
-1576
4671
-2191
-3813
-3217
-562
4851
-4764
4004
-1097
-926
-3809
-2699
4660
771
1321
1885
-3386
-4226
4377
-4612
892
-1878
2956
-3281
4118
3622
-3058
-65
-2939
3257
-3714
679
1019
-4043
4739
-3148
-1149
3152
-1992
1076
-222
2929
2370
3114
-3493
-656
-4474
4893
-2053
715
-2536
-2628
3695
3653
-4457
1531
4978
4470
-728
1736
-2213
1572
-717
-4047
2625
1347
319
2666
-94
49
2145
918
-3150
-873
3224
2191
3649
4729
2723
4416
820
-4996
-91
4024
-2918
-1799
2210
4110
783
-4902
2528
-3344
3137
357
-18
4769
2340
880
-1711
-3733
-1647
-112
525
-4017
-918
2508
711
-495
4534
-1936
4173
4282
-2604
-1244
3977
-4140
-4475
4653
-1835
1421
-4717
-4556
-3654
1322
-4211
-3664
4992
2764
-1682
81
-453
1305
-3191
4611
-4748
-3105
-4488
-2441
-1546
2921
-1286
-2708
3882
1426
-2961
3175
4583
4838
-4349
4579
-305
-4746
-4146
-657
-1432
2149
-4504
-3094
463
-3101
-1865
-3396
4645
-4932
-455
2591
3761
1756
-260
1133
-1715
933
2801
-3844
1791
-2973
-3337
-117
-3547
4645
3405
3804
-3987
248
3765
1365
-2872
3890
-225
-1730
-3071
-886
-4841
4140
-715
4489
3148
2933
-2729
872
-1902
1490
4052
4880
2858
-4826
4600
-2865
2397
2835
3413
-4089
-901
547
-2643
3526
1650
-2495
-647
-581
-1265
4844
4174
-4997
2892
-4948
-1116
2329
-101
1594
345
4010
-4384
4099
600
-112
377
2808
4848
2065
-3329
-4182
-1575
1377
119
-187
-3744
4429
1438
2217
-1072
-3483
-29
-3684
-2330
-2201
-1620
3186
-4028
2625
3330
-562
-2889
777
4181
-1655
2149
4625
735
1949
-2468
-1075
2106
3935
4499
-3341
-2998
-1070
2280
-3148
486
-710
-4648
2266
696
2586
4189
2062
-2122
-42
-3128
1935
4532
4961
-1058
2925
-2628
-3255
4419
-4641
-679
329
4694
2475
2341
3454
2185
-2961
38
3597
-596
-2138
-3575
-3498
-4026
-1601
4333
-1523
-3580
355
2977
-1836
-780
2568
4827
4860
-247
-2120
-4015
-2741
1622
2934
-1699
1421
-2304
-3681
-2657
-2449
-4995
2570
1647
-2354
-3817
643
3195
669
-789
2778
-2488
-2921
-3465
1234
-2427
-4634
-2005
4447
-2019
-2383
2502
3010
-4917
-3263
-4478
-996
585
2597
906
-3490
2419
1016
1613
393
-3268
3379
2910
2086
3632
-2369
-3565
-233
3617
522
767
612
4224
2475
2550
3033
-2244
2561
-3537
-841
-3993
2961
-2482
-2756
-846
449
-172
-1084
3459
-287
2409
-3879
1783
982
-4749
705
653
-2037
-3939
1078
-2851
-463
3908
-4935
2492
-84
-4693
-2909
632
2098
-3351
4847
-670
3223
1600
-3790
1134
-4447
52
-2025
911
-3115
2816
-4041
3456
-1752
2401
344
-3898
3079
-2390
-2854
-4161
739
1703
-487
276
554
2190
1080
3004
-1205
-1644
3729
786
4595
2816
4124
2304
-3595
-693
3270
-4711
-154
-2734
3819
3697
-2106
-2359
-3922
-50
3876
-4204
-4249
-320
-2724
1521
3305
-2075
3068
2319
-4151
3689
-545
-2370
-1610
656
-3439
4892
-3255
-679
-1923
1793
-2453
4177
-3869
3394
795
-2916
2479
3682
4012
1301
1807
796
2170
-1715
-364
2650
469
-756
3775
-4022
-182
-4514
4930
1216
-3475
356
3775
-4383
-4473
3759
-3880
-3143
-1313
-1620
-4336
-509
-930
-4194
-1872
-3283
-3588
1444
6
-1816
2604
-1660
-3509
906
-1013
-3680
2625
-1881
-3881
-4984
4840
-3736
287
-2963
618
751
2062
4151
2586
4910
-1008
257
-1969
1279
-4881
-1868
237
2796
4776
-4139
-1594
3659
973
1638
2365
-1836
4013
2650
-2814
-3509
1255
-3673
-891
-4447
-3835
3685
4891
-244
-1714
-1047
4725
-4720
-4681
-2568
-3622
4771
2662
-978
-3144
2566
4565
4880
1712
-507
-1326
-1759
-2131
-2515
-3569
4050
-1866
-2321
-1857
1661
-2612
2234
2816
1269
2773
1237
1755
947
2048
577
4414
2818
-694
4460
-1672
-4851
1753
4309
1992
-2470
4084
-1445
-2250
-3157
-3027
1538
-540
-2618
-1107
-3283
3016
2100
-3116
-1054
3016
-3403
632
-2332
4349
-1531
-2068
69
-4108
3939
3277
-4646
-589
600
-1007
2375
4443
2834
-2767
616
-3592
-1312
-1196
3452
-652
4945
-1124
-1568
3871
1507
-1419
3574
-3891
-4089
-1141
-4201
3793
2445
1879
-38
2074
-78
-4436
-553
-2331
-4660
-1436
1382
2980
-4702
4072
-611
2551
-1875
318
-4895
3348
-4715
2760
-3988
2798
-2213
4385
-1514
-4727
846
2433
607
197
-3376
1725
1118
1195
2024
-1708
3701
4238
-162
-4541
-1417
-1156
-677
4430
-3037
504
3812
-1189
-1712
3887
2221
-4988
-1031
-1504
18
4373
-537
3911
-3603
1581
-4705
-4474
2638
-978
-3950
-1960
1884
3026
-4350
1328
-2256
-3057
1638
635
3563
-4261
164
-3565
3154
-2343
4548
-4683
-1912
-946
1217
-1766
-3885
-4213
-2783
4601
2790
3645
-2472
1866
3874
-2960
-4132
355
2033
-2612
-322
4367
162
1058
2944
3834
-865
-3476
-3934
1567
4894
1208
-3231
4092
983
629
3252
3210
-3484
939
1435
-395
-2003
1824
-957
-2582
-4358
3619
-3757
180
-1755
3323
-4173
-798
2070
1764
2702
-2967
-2156
-4640
-4947
1901
-1972
-846
2498
2979
-3402
687
-57
2145
-463
-818
-2494
-2297
3213
511
519
2260
1670
2402
-4993
-2615
3353
450
4201
1875
3510
2850
553
4784
487
-2731
-4288
-3858
4369
108
-1119
-3523
-4609
-1923
-3546
1752
4841
2627
-711
3524
2852
3480
-3604
-3973
3461
-1672
2689
4626
847
3522
3863
2631
2148
-1717
-4404
-4119
-2066
-158
280
-1320
-3779
-4619
3130
2128
-915
-3365
3944
-562
-4718
-3037
1849
-3362
3001
3336
-2433
4966
3615
-221
-2886
1511
1990
1209
-2036
2350
1349
1317
-3099
-2530
4544
-33
4847
-3411
2847
1436
-4562
-2273
-4517
-1570
-2709
3970
2547
3945
2250
-1192
-4239
-2255
2359
961
-67
-3190
376
-2644
528
907
3836
2015
1397
-4017
-4826
-4008
3975
145
-4180
-632
-1870
-113
1547
3359
-3571
3321
2989
4536
2557
-3309
246
-1608
4770
-2477
3293
-75
3964
636
-3218
1357
3937
-3527
-2228
4254
23
1900
-2196
3195
-2007
-873
-2425
-907
4224
-4168
2991
-3264
-2112
-1437
4384
3272
1267
-1707
-1615
1254
3296
2314
-1444
-2238
-910
4172
-4865
1725
-4065
1323
-1088
-4905
2903
-3706
3378
-4879
-3455
-1051
-2751
127
-2614
4362
-103
-2588
783
4728
3345
-3909
3492
75
-4469
1084
-3927
-2178
2951
3460
-3935
-1826
-3483
-4213
-2564
-3517
784
-2757
-1541
-2865
-1838
2816
2038
-4286
-529
972
-4853
2438
-3989
-3501
-1545
-2601
1344
-3641
-2431
-191
4718
-2895
3423
3622
-1347
-3162
-2545
2505
2431
-2978
-3195
-4439
-4780
1913
4380
-3407
3795
4126
-4484
-1763
4739
-3554
-3354
-3297
2017
-3370
1676
-1534
-3370
659
1994
-696
4869
177
-4208
-1458
-4945
3543
-2472
-3318
-3390
1295
-2744
311
-856
2376
2644
2369
-7
-342
2149
2826
189
4938
-3970
-3856
3224
3680
4727
2645
2632
2419
-1618
1628
-3583
-4241
-1223
126
1349
4918
1825
977
3160
-2577
-4514
2055
-3984
4473
-1171
-3206
4455
-1179
4809
2483
3094
-2407
-2322
3381
2567
3093
2768
-1661
4338
236
-2885
-3737
-2587
3407
-1724
-336
-761
1436
-1947
291
4043
51
-4308
-65
811
176
1648
2987
-4178
4028
3094
2795
-3258
599
-2613
-3059
4458
-2205
458
2664
-1696
4132
-94
-594
3144
1196
-2192
-1837
3940
-1239
-3967
2195
2101
1317
4922
-3036
-1350
-3291
-2152
-2842
-1628
-233
1641
-1214
-140
1694
-4226
-1798
1356
1523
4625
2012
-4488
-233
-4299
-2684
-1433
-3957
-2063
4150
4219
662
-1764
2324
-154
-3118
3475
3911
558
-967
1015
-833
-285
-3079
2747
3840
261
-3077
1902
4865
3563
4376
-81
3501
3201
-698
-4034
-2590
4354
-1097
4390
3641
-3787
4648
-4507
2180
-2165
-380
2854
302
1606
-1640
-4308
115
-4807
-2343
-4893
-3717
-2822
4996
1263
3412
-1124
-1337
-1350
-41
-53
-2080
1220
4919
4880
-3533
2670
1112
-2371
2989
-699
617
4033
-4103
-619
-3772
-1655
2930
-4195
3296
2246
4102
4188
78
-1362
-4026
483
-4666
-735
3760
4181
284
-3905
-1575
-1932
-181
-656
3122
2280
-2100
551
-1346
-1553
-177
-3643
-3915
-339
2080
1841
3459
-1019
1756
-912
4836
552
2699
4186
483
-593
-1111
-1910
-4446
73
-1026
2451
-1691
-2673
-4612
-941
3493
-4238
1021
2156
-1102
6
-1065
3797
-3470
-3159
-4068
2167
1403
3100
486
4505
4077
2427
4200
181
-879
-3542
4561
3101
2043
-2087
-51
779
-3735
4899
2658
3027
888
-4432
-3170
3364
-2443
-3103
-4835
3305
4443
853
4159
3676
731
2625
-2885
-947
3641
-3339
-2387
347
4078
-4115
-2958
-4121
-4992
3032
-3928
-3800
3744
-12
-3996
-1288
4041
-3924
-1318
-1457
-4841
1446
-784
1242
3094
4128
410
-2486
-743
3059
4252
140
-2719
2860
531
-4098
-4895
-1112
-3123
1960
-4575
707
-1963
2376
3613
3475
-4780
-913
-4130
-4776
-1964
-2959
-1492
-565
-725
2479
1639
-1035
-1073
1445
-1993
3319
-936
-1260
-3681
3652
-1939
1878
-1357
2319
1019
-3923
1850
-2578
-2776
4676
4346
259
-1713
593
-4364
-4031
-524
63
-650
1244
2252
1909
-3930
161
-4651
831
-739
-3831
1091
397
4500
-1752
311
1531
-1805
880
-2517
3585
3265
-3853
-952
-1184
-3475
-2704
-3882
-1671
-3189
4435
1181
-4636
2144
2431
2593
4843
1594
3278
-4084
2766
-4940
-129
-1653
2126
-73
-3618
621
1927
620
-4875
995
1283
-364
-4336
-2289
-2178
1937
-2154
-3370
1355
-2376
4325
4452
1443
-3828
-4969
-989
4605
-985
-1271
175
466
-2036
22
-3574
-3767
2837
-1260
-4547
764
-1381
2008
-2541
2842
-1110
1018
3494
3211
1883
3770
-1342
-4392
2507
1885
-1785
424
4161
-923
-2738
1012
3659
-3309
1109
4881
4580
-2615
-1527
4613
-4027
-599
-1955
-3225
-4901
-2249
1716
1908
-2582
4310
-124
-3429
1007
-2080
-3221
223
-1594
661
434
2926
-4470
-3913
3006
-4202
-775
-4235
2074
3301
2683
2774
-8
2522
2634
-2060
825
-1356
-3214
3843
3422
1557
3101
-4490
1042
2969
-642
3710
828
3612
-4493
-4931
-2483
-3070
1718
2443
-3655
-467
3674
3011
-3918
-1557
-3198
1291
-4995
-3811
307
4298
75
-3090
-2532
2678
-4263
-534
-812
2864
-4209
1592
2689
2303
2675
-1030
490
-1532
-3317
-3847
-2510
-1245
-3965
-2543
-1204
-3065
2802
1271
1329
-4372
-2718
-2759
4077
-4195
-3548
2815
3622
4496
-3480
-520
-3371
2402
-141
-2440
501
584
3703
4672
1663
4344
3767
-531
-1278
-92
1911
-3607
-4961
-2016
4170
2855
-2515
-2890
-3187
186
283
-540
-1093
1948
-2289
4539
2374
1234
-538
-2997
-898
478
271
-3045
461
1743
220
2329
-4222
4909
2380
-4151
117
-4735
2699
-2951
-3808
-1699
-3962
3149
4807
-31
4486
2163
-1194
-508
1367
-1343
-322
-3068
-115
3348
2147
1516
-5000
4375
3542
3630
-4426
-1211
281
361
477
1993
1390
2066
-3581
3937
2691
537
4881
4327
-3994
-3293
3590
-3010
428
-2170
1239
1870
-17
4462
4584
-4437
500
4529
432
1736
3244
-4947
-2705
439
-1223
-2670
3847
2042
-4028
577
-2539
-4707
-1929
981
4458
124
3634
-3214
-3612
3041
-3029
-4562
-12
-2702
-2980
1803
-2375
-4701
1303
1156
-1869
-1827
2857
-49
4857
-4196
-2858
-2863
-233
-3698
-1780
-1108
-3609
4315
-367
-4727
-2622
4770
3968
1076
2629
1683
-4934
1394
2746
-4070
4832
4104
1387
1474
2404
-395
-2738
-3821
-927
1762
-3332
-1735
-3836
-107
-2058
4687
-2928
1767
-3864
-3810
-582
-1489
-1362
-2340
4532
3307
-3324
-597
-738
2392
4712
-4741
1518
-1954
-436
-2941
-4452
-4872
2615
-3180
3923
3534
-1807
-976
111
3694
-2349
4075
-4270
-4778
-3421
-4320
2206
-2903
-159
4250
-4083
2375
1450
-4761
-99
-2749
1979
4390
4857
3095
-4018
-2473
-3564
-847
1831
-1335
4957
2581
-3090
3642
-1073
1680
259
3505
4697
-4002
1544
-1821
1234
4039
1538
-1414
-1403
-4227
120
-3977
-3405
-3275
4725
-2919
3684
-635
2423
4157
-2381
-3124
-2200
-4278
-3669
3668
4606
667
-3341
-949
3815
3278
3630
-2269
3945
-3927
3463
-3332
3744
252
2698
3050
-1422
-1537
399
-290
-2075
-4686
1950
-1923
651
189
2639
-4151
-2279
30
1189
4704
1362
-4075
3334
-3125
-2906
3282
2461
4948
-2460
-3095
-1177
-3330
4883
-939
3981
1919
-2610
-2773
-39
3723
-135
-1189
-4776
3138
2686
3200
459
-2643
845
1489
-4789
-2110
-377
-4689
-1967
-4909
1041
-3609
1345
4676
1299
654
3553
-1320
3808
-4438
4766
-2683
-3783
895
-2458
3246
-448
-1994
-1959
4841
4496
-1545
4558
-3268
-2995
-1365
-4160
4388
4867
-4486
-369
282
3398
-291
353
2617
-970
-4964
-3841
-771
1005
-2634
-4413
1687
2551
-30
3239
2323
638
-4610
1273
1987
-865
4901
-239
-1873
-475
-2128
1092
1420
3138
4651
-874
3060
150
-2865
4201
-2040
2682
-1678
2410
3577
-338
-3784
3033
-2848
-1919
997
-219
-2253
4138
-120
4565
-3802
4270
2372
-2297
-4399
4074
-3687
313
-4051
3311
2771
-1858
-2906
-3293
1227
64
1549
2842
840
-2461
2282
1947
4943
-2782
-1186
1046
4866
-3046
359
-359
-2152
667
998
-3261
1930
4982
-2655
-2051
-3686
953
669
-4696
982
2035
-4904
1333
917
1422
-1554
-2886
1584
-4819
3717
-4019
1446
1863
-4932
-4768
-4302
-2889
1069
4182
-1023
489
2602
3393
65
-2336
-1486
-1418
-4102
-2843
-3439
-27
945
1204
1100
-2086
-3494
-1662
906
-1523
4462
-2349
1327
-2819
2303
-2009
1771
-3458
-2879
-1788
2130
1769
-3939
2451
-4474
-4453
-3107
3854
-1122
-396
-2249
3261
444
3167
-4268
2655
323
231
442
-1848
-1128
263
-3911
3022
4493
-4395
3440
4844
-2253
-3864
-3204
-4321
415
4222
1078
-4570
-3952
-2542
2121
-3893
1709
-1466
822
4682
-2228
3709
4669
994
-4212
-4521
-316
-1938
198
4028
-3513
-4798
-983
3977
2047
3004
3281
3993
-827
214
-3049
-722
1876
-2514
1420
2937
1272
-3472
68
2601
2128
-4153
3460
-4710
1914
-3454
-1555
-2297
3713
-4024
1884
-2010
-4521
54
-1729
-4712
1033
3713
-3104
3061
-1346
-533
-3153
2902
1255
-2879
3119
-834
2330
2595
3352
-4393
-2332
-3589
1006
1321
3952
1262
-3712
1733
-3484
-4501
-2768
-81
-1300
2342
1541
-1806
1929
2693
1201
-2864
-1914
-4390
3598
3027
2800
4630
-1598
1776
-2955
4889
3991
4032
-2473
-3204
2418
1060
-732
3877
-3106
2143
-1868
-4329
-1488
3443
3455
3530
-3045
751
-2395
619
-2412
-3538
1785
1297
-1873
4515
-178
471
-605
4985
1152
2131
476
3515
-1005
-1523
-2356
-3353
556
1114
-1229
4440
-603
4603
-4499
1927
3616
-1764
3568
-4939
1475
2060
-461
4569
-4376
888
-4104
709
3744
-2736
15
217
-216
4711
1456
2934
2306
-43
1300
4076
-853
2280
2818
-2526
-493
2102
-1640
1927
-2280
-4609
4262
-3442
-4060
3541
-312
-1567
-1895
2823
-165
700
250
-1885
387
2884
-3337
-4397
-1732
-256
4784
1386
-29
800
-149
4083
581
1379
456
1580
-1774
1178
-231
-365
-3259
2043
-394
3030
-3396
1611
3060
-2853
337
1110
-3156
-4162
2390
3110
-3230
333
-2547
-1610
-2248
-1276
2187
-1162
-275
-3953
-4509
2336
-1083
3484
-2817
4598
4128
1552
-4660
-4742
4054
440
960
-1018
4835
1453
1801
2473
-3897
790
-2926
1922
3486
2481
-2831
2319
1604
-4050
3861
-3423
4567
2707
2144
2056
4753
3233
-920
-1617
4937
-543
4612
-1888
-2684
3956
-384
679
2455
-1295
4864
1554
-1265
4212
-103
4701
1771
4447
1244
-3955
-238
4688
-1903
1386
-3050
4969
1208
-3351
4526
-2759
-4022
4982
-306
717
4812
-702
-1885
1952
3916
-4765
2071
-1697
-1113
-1457
-2431
3843
833
4340
2403
-4136
3667
845
502
2125
1072
-1806
4193
2900
-3204
550
-2503
2223
2854
-1187
-3152
1699
-4936
4967
-2179
3323
-586
4073
-2870
-3793
-733
4365
-1380
371
-4377
-4598
-1969
25
3893
1602
-4721
-4425
-4421
-2450
-115
-1083
3435
-108
-3808
1405
-976
384
-2015
1971
1520
-1897
1507
4489
-4948
-4259
-1999
-3723
-2373
-4791
-564
309
-1328
-2886
-2180
1855
1163
4800
4301
2929
-4381
4852
-1269
3016
3379
4003
2198
3425
-2323
-3306
4339
1923
4901
-3728
3167
2860
-184
-903
-4
-1967
73
-1462
-759
3825
-4268
3726
-4930
2722
4120
1507
-4972
-2319
2056
3563
-3924
393
1445
-3082
4235
4373
2976
3916
-1783
2606
-4093
1402
1597
3987
4582
-1538
-4451
-4913
3976
108
3001
4661
4792
4563
3018
-4620
-2825
-2013
4945
-4369
-1158
4538
-4476
2341
4159
-4312
-1873
768
-1150
1028
-586
1106
-1235
584
1192
-2875
831
-3982
3733
3796
3104
738
4757
4375
1406
430
-3281
-4239
2972
-393
-3203
675
-3798
-1604
-3542
-4196
2326
-4689
2979
4145
-1786
-2615
4627
3332
4861
-630
-1264
3247
3389
-583
3726
-2969
4519
35
-1614
-271
3495
3324
-4063
2066
3785
-3597
1707
-3372
4549
1751
-1007
-4401
694
3543
-1496
-1509
-1329
-4253
2393
4586
1298
-4527
3093
4891
-4195
-3143
977
-1687
4443
-1054
-2672
-2642
4564
63
2537
-4686
-4222
2112
4156
-2893
943
-1607
4533
255
-582
-4725
176
2514
3917
-1048
964
2479
820
-1941
-4288
-330
-4461
2631
692
-53
1482
3479
-848
4204
3825
1421
-1819
625
2549
4501
-2699
-3235
4264
-654
-4761
-1278
4400
4190
-1214
-640
-4077
4945
-1742
4881
-579
-1351
4318
-1937
774
3437
1197
1037
-3148
3693
2865
-3479
-1950
-2333
4459
-1518
-4801
3361
4124
1002
-3980
-4448
-3041
3357
-1025
3447
126
-3725
4628
2515
565
-1580
4532
1046
-4315
4197
-4693
-1197
794
-1846
841
-2171
1094
-2868
2654
-2920
-1432
4948
1436
2361
3587
-4272
-4615
-3305
2256
-2796
2538
-381
3439
3204
-4220
-4597
1878
1895
4734
-1565
134
1740
-4628
2938
-2812
1706
-285
1384
4309
-2757
-4586
1280
1975
1868
693
-1249
4098
-2457
-2929
3677
3158
733
-4759
2047
-4609
-1753
3254
4582
-3862
-4087
-3313
1182
-2851
489
2152
-2494
-1902
4713
-3536
4042
-1925
2849
-3118
-2731
2922
2833
-1925
3722
3078
1702
3025
1393
4206
1932
1960
-510
538
154
-88
-1454
1329
-2804
-139
-2358
3054
3456
-1341
-688
-784
4882
-4803
-4659
-1414
-2733
2304
358
-418
-1069
-3354
-1003
-131
3798
466
-2307
-871
-4181
1294
-748
-562
-4993
1070
4184
4403
1748
31
-2920
3705
4397
742
1717
-1775
2592
1132
2457
429
3738
-4090
-515
-4862
-3038
2324
-1749
1101
871
-2362
1895
4379
1899
-3633
-4566
-4054
-4650
-417
-715
2547
3421
-4720
2948
-1232
2433
-850
3554
-4494
-3641
-3905
-2313
940
-3995
364
-2321
-699
-1803
-1710
1399
1508
-1799
-3121
4061
-593
3175
2766
11
1348
-1538
-1667
2847
1333
-2752
-1
4434
-132
-4531
3819
1618
1248
-4558
2572
-2890
-3076
-4939
-2537
528
-332
616
4103
-3669
2252
1386
1703
2700
-59
1558
600
2689
2071
-1270
1166
-2517
-1940
848
-111
-539
2353
2805
929
-26
2340
900
996
4834
778
-890
-1415
4768
-3237
2652
2882
4666
3580
4809
-1976
1864
1224
4007
-1879
4760
3578
471
1856
-4560
-4533
476
3319
-3192
-1395
2415
-3871
-2166
-1216
-3438
-3310
-1199
380
-277
-3416
2504
-679
-657
-3048
-4919
-4588
-3113
-1235
105
3663
3911
-1627
1974
582
4985
2149
-4570
-996
-4774
793
-4999
1991
694
1038
-4262
1237
-2104
2195
4194
936
-1177
-722
-1025
1742
3749
-1504
2718
-449
3407
-4376
-4962
400
1474
1303
2199
-2397
-223
3163
-2463
1052
-4233
1744
1576
4995
-371
4640
573
1348
3202
-3877
-4905
-1670
-20
-3685
4807
-795
-54
-1275
1084
3657
1878
4900
-99
436
-2514
-3519
-923
383
-4439
1106
-1375
-2337
-183
3896
-539
1605
2362
3716
37
-2064
-2618
4255
-3784
487
4491
1669
-1506
-2684
-1066
3252
2191
1795
-699
2126
4730
-2011
-3170
919
4987
1334
-298
-3490
-1
4932
-4133
4621
2536
3840
4896
-2946
-706
-3130
2050
-3813
4513
747
-2853
2321
624
-4866
910
3573
-4867
2639
3810
4798
-1318
-4530
-2949
-3410
-1399
1077
1732
-1609
-4974
-2695
-141
-4521
1906
-2144
-1029
1736
2853
137
793
-3245
-4350
-446
-1319
2186
-3539
-2858
2923
2039
-3945
-1801
-4460
-4419
50
519
3132
2660
-2991
2991
1904
-3713
992
2007
4706
4
4766
-202
3177
2468
2477
2972
-948
3305
2049
-186
-4551
-2794
-1126
1821
-1082
2342
1328
-4113
-427
-4361
2358
-2694
1647
2638
-421
1370
-214
-107
-4298
468
-1153
-940
104
-3141
-197
2186
-2029
4533
-3959
4423
-890
-4089
601
1911
-3732
-3210
-3059
3710
3576
-1402
-1233
4526
-1638
3443
-2658
2096
-1266
-1175
-1860
4846
-4935
-4632
2379
1263
1061
-1811
3177
-1241
-649
4767
-1137
-3770
-3353
-3575
-3128
4446
-2545
3228
4515
4242
-4634
922
-2427
2080
-2148
2021
764
3860
2377
-1063
4097
-4789
-3871
-572
4330
508
-3156
-189
4865
-4135
4579
1147
-4850
-2206
2398
-1601
-639
3164
2537
4742
-4827
798
-1565
206
323
3202
-730
1681
-4596
1563
2444
2147
-3520
-2819
-470
-2607
-3764
-1408
-4791
2215
570
-1565
3476
-1243
347
-3159
1202
-4185
3629
4362
1596
-501
2402
-4370
1693
1999
3093
716
-1469
3665
-3999
-1516
4313
-1941
3831
-967
-3385
-2002
-432
1400
-648
2362
-4784
4766
-741
-528
867
-4045
792
-1470
-2122
-2947
-147
-2666
-1918
3175
-51
-3003
-616
518
-2460
-4181
397
3614
2878
-2176
-4969
3017
-1113
-2711
2112
-487
-307
307
2952
-3152
-2785
-2222
2711
-1539
1192
3224
-4854
-354
-2313
4283
-3014
-1179
-4474
1789
-4403
2442
-1203
1410
2428
-1196
-3464
2611
2530
894
353
3446
-3725
4459
-313
3682
2603
3608
-218
3487
-2553
-3579
-4461
-4889
657
-2153
-3320
813
-2536
-3820
1305
-4140
1645
2484
3132
2283
3770
666
3617
3299
-3051
3019
-4458
-2628
2471
620
-4976
4680
1741
-4076
-1205
-694
-2502
-3990
1228
-96
3894
3497
-228
2465
3766
-1249
-1973
1375
-4410
775
605
3120
-2880
1563
4633
2078
1744
4998
673
-4779
1663
-1365
-3572
4024
919
-3792
1578
1613
-2679
-65
-1119
3155
3190
3549
290
4462
1403
246
-1173
-1399
3367
935
-2949
-1717
4178
2546
3654
3766
-1885
3302
-4229
4970
1531
-2446
-3911
-204
-107
539
455
1278
-4988
4477
-3659
-1454
3472
-4199
389
-1692
-3208
-4002
2866
-2519
-1654
3964
-4206
-1667
-2404
4754
1724
4153
1509
3169
-3584
-878
1063
-3707
4569
-4179
-912
-4047
2
-428
-3059
696
-3363
-4482
-1352
-1786
452
-4193
1563
-890
21
-1998
1872
501
-4803
-3466
-3192
-4060
-3593
-2924
-2640
-4112
-399
-2386
2362
-1247
853
2187
-149
3949
-4533
-462
1802
-2803
-3371
2956
-4923
-4536
-3751
527
4452
-2309
4283
-2166
-4749
-2344
-4065
-1208
-2835
2403
934
3739
-1175
1307
-2796
-1733
4425
3173
-4769
1395
-3884
-3192
-2955
195
3616
-3748
-1230
-474
-2014
3320
3890
2379
3164
4868
3059
949
3643
-3204
1535
-2916
-1766
3525
991
-1940
395
1209
1846
-2760
-2938
-1099
-608
592
1570
-4947
3511
2144
1236
-4625
3590
4259
1378
-2248
-3415
314
-4747
-1746
1002
99
-369
-4287
4739
-3641
1718
-1890
-4168
3798
-3455
2300
3210
-3099
1029
-1757
334
2541
3615
-2990
-668
199
-4825
-2837
1488
1716
-2186
2911
4712
-3877
-3485
4708
68
4113
346
-3160
-3365
2886
-4487
-3797
-677
3328
-4426
3449
4674
-4995
-3693
583
1191
3324
-2538
1476
-1433
-2648
-1955
3974
2249
3951
2173
-4470
780
2578
-3464
3529
-1107
-1599
-2060
-202
-3566
-1182
-350
-3567
-540
1234
3981
2955
-1589
1009
1556
2318
-806
1205
-729
1695
-60
3245
2572
2515
-506
4089
-2359
-651
3686
-1618
2560
4394
-3770
-3789
-3475
853
2973
18
1816
-2980
-3602
-3225
4774
4791
2510
-2159
-1732
-2918
1406
4575
3773
2732
-1114
3500
4871
543
459
-1325
-1716
4635
-2658
3962
4963
3406
-1244
-1460
-2489
-2632
-4045
-47
2086
4075
-273
2736
-975
-2814
2675
3654
4986
-3309
3519
-4032
-39
4438
-4348
1041
-4319
-2597
1313
-807
3070
-65
1046
-4320
-2783
3138
3207
-1857
-658
-1359
3920
-1368
-4746
-1130
4403
1717
-2840
4247
-1668
2015
894
-979
-4432
4805
523
3953
-1292
4896
-4380
-781
-1796
3729
-4063
-1189
-2115
3776
4934
-2696
-1849
2927
2033
4848
-4118
-2881
-3255
3816
-2832
3724
-2621
-1614
2335
2874
1950
-644
4947
-3327
2610
1086
8
3336
2077
-3199
2450
-2893
4586
-443
-3502
-3966
-2116
2484
1971
603
4453
4826
-1419
-480
-326
4576
-209
-4030
-1351
3622
-4491
-438
-3413
-3935
-1677
-2307
3249
-2323
2505
1971
2217
-1228
-3019
1109
2278
1939
4139
4841
391
-98
-748
-4234
2727
4364
-2831
-3756
-2794
-2506
-3870
1692
2810
-3271
2202
2579
-903
-332
-2212
3550
4810
-1613
239
367
2754
3272
-1825
744
-1504
4527
-1558
-2045
3641
-1069
2402
-1684
308
2572
111
2869
-1957
2190
2158
-743
-319
-3805
-90
4223
-585
-3302
150
-1128
4727
2349
1140
492
531
3465
3931
-2249
-3466
492
964
-1781
-294
-4476
1328
1475
-3168
4885
4347
3410
2300
4170
1907
-3980
258
-3995
2855
-1765
-418
-772
-3014
-4945
-149
-2438
4484
4065
-1882
4807
-1121
1998
-18
2800
3455
4988
4079
1007
3499
3200
2083
246
-4356
-2398
4051
-4163
-1513
3353
4816
4052
4434
-4808
1064
2693
-3119
4201
-990
-1273
594
-3606
-3933
2477
4
566
-4044
-26
-1311
-4759
4809
3003
4410
3457
2299
666
3805
-2639
-3392
284
3536
-4713
-3935
-2054
1642
-4630
-1011
-1009
1086
4814
-1066
543
-2130
4844
2916
-1028
135
-498
-589
1697
3436
-3859
1422
3742
2119
-260
4073
-3031
-518
-3984
-4735
915
1258
-3144
-4466
3242
3398
3263
1622
1974
738
1366
1781
-571
-3843
2706
-3510
-1953
-3647
641
-2040
-194
3678
-1082
3498
971
3040
-1529
3782
4753
-1781
-4110
481
4246
2351
-2226
3912
4894
4376
3093
-3473
1114
-2209
818
2076
-2574
-924
-4575
-2866
1351
-1707
3708
-796
1908
4966
640
1913
-1568
440
1058
-3764
1747
615
534
157
3324
578
-2729
4223
-14
3603
-404
-26
1649
2051
-2644
169
-814
258
-1480
4157
-1785
-1038
1060
4244
4033
1002
-901
-1213
4972
2042
-3812
-3064
3870
1891
2374
297
-4139
-1290
-13
-4478
389
-4170
-3988
-3337
-2740
2863
-3502
3694
-2754
4999
-3641
-3683
4847
-2530
-2113
2861
-2847
2805
1958
-4765
-1546
3440
-4207
3504
4428
-2923
4007
-4747
4261
-4828
-2021
-4038
2869
-2667
153
1437
3807
3054
4845
-2607
-4113
-2835
-61
2665
2714
-349
792
-3076
-4435
176
-1813
1674
-2601
-3784
3944
-4878
-3832
3144
4512
-3583
2685
1181
-1468
-3243
-4833
-2525
-1376
-3574
1966
3540
4223
804
-2690
-1149
-4730
4915
2495
711
2545
-2083
1343
4510
-2231
1146
1681
3373
-3736
2249
-660
-117
4194
872
-3315
1739
2838
2219
-4559
4280
-3286
2166
-3837
4607
2969
613
4000
-3000
-2585
4189
511
4917
-2931
3195
2767
-4502
3215
-468
-2251
-3912
3429
-131
-2381
801
2047
875
4289
4905
-346
-321
2644
2238
-470
3982
-763
4338
-2698
-4575
-3174
-1791
21
4483
-1644
-2073
867
2955
-2613
419
-3183
-1339
511
-4532
1284
-2120
4227
-621
2081
2302
-3433
2981
-363
726
1815
722
3711
3522
2040
339
3788
-1155
4771
-382
-2011
838
-3791
-2184
972
-1755
976
2152
1686
835
190
669
2372
-662
-3794
110
2572
-3287
1807
234
-2788
-4127
2785
-1605
-593
4116
-143
4648
-2117
-3346
-4445
3076
-2235
2914
90
1411
234
1449
-188
-2830
-3578
-4824
3093
-1596
-15
-4530
821
155
-3876
-374
-2285
-1198
3454
1576
-983
-3962
-2799
4830
-3598
-3561
576
-1735
-3334
4333
1759
-173
2668
-2544
-3246
959
2539
-2698
-78
1435
3365
16
1550
1742
2375
4476
-3694
-1089
2464
-1060
3215
-4903
-1920
1183
3607
4843
-3722
-4562
3728
906
-3638
1954
-1393
1542
2701
3321
-3723
-3839
1948
-2722
1573
-2364
-2680
-4755
4976
4101
-305
-4015
2971
-2918
2980
4708
591
-1525
1189
-2567
3653
-1547
-1019
2415
-2565
299
-4075
-599
2995
-4742
-1630
-215
2856
-1179
765
1981
2892
-3944
-1812
-731
3994
3756
2271
786
-869
4394
1272
-4752
1394
3486
1240
-3741
1102
-4670
-2306
-737
4381
1333
-1988
-398
-4889
1191
-3292
3766
-688
4441
-2979
412
-3019
1320
3537
1824
4702
4659
12
918
1765
-4897
-1088
-1296
3344
-2264
-1169
4896
4343
3879
3245
1664
-1616
1417
1995
4633
2563
-4506
1687
1286
1788
-3579
475
-876
-3632
-976
-4098
4067
492
-2083
-128
-3435
-1294
311
-4190
4655
-1403
2110
3069
4412
1130
171
1671
-3373
1245
-3391
1175
3315
2151
-409
2063
562
237
-4726
-4164
2337
-1531
1532
4031
-2194
3869
-1569
3770
619
-3391
4764
-1665
1518
-4819
3226
-2632
-3753
2212
-2726
3081
206
-840
388
4984
1535
-2803
-3035
-2358
-935
-2609
-1663
1173
-4528
-4679
-655
2418
-3333
1366
1580
4627
121
3749
3254
1225
3233
-750
-247
-2897
4540
2595
-4834
-617
91
4939
2924
697
3516
1646
1372
-3563
-2143
-2708
3167
3328
1534
-2055
-1159
-4940
4336
-2325
4686
1602
2263
-872
-3890
-2639
-79
4581
2550
-1344
-906
3181
-4772
1112
3780
-326
-3757
1006
2891
-4337
4511
3016
1494
1895
-4221
-1401
3614
3616
-1266
-3962
1959
-2091
-4249
-2999
4200
1871
2827
-1464
-4333
4545
1213
-744
-2031
1182
3017
-528
4685
-2050
466
4750
-4782
3257
-4774
4936
3347
893
4858
-526
3316
4042
-751
1067
-2930
-970
4655
-1592
1796
1619
1763
-1978
-434
1984
675
4239
-3526
4537
4215
165
1170
-2699
4713
4168
-3700
-3011
4206
-2288
2335
315
1954
4227
-139
3039
4022
-1017
-3862
-4856
586
4778
-4743
-4343
-1051
1399
982
4908
290
359
-1754
-403
-1307
1001
-3083
4979
-84
-4961
1017
-857
4312
-4393
-4934
-2317
-3890
4871
1588
3281
-627
-549
-1321
4251
-107
1797
1734
278
-4886
-2288
-3002
-4227
218
-1981
2477
1211
4866
4955
-122
-1378
-3671
-2467
2996
-3634
3672
1017
716
-3344
-1424
2893
210
-4051
-1424
-424
-3233
82
-1748
4191
4948
-3666
-2253
-3018
1970
-1439
441
-3201
-3557
-3604
3438
-4129
912
-3008
-1700
-3455
27
1012
763
-2267
-3865
4278
1837
4651
-1869
3939
4830
927
1731
2975
2081
828
3869
1657
-424
3257
-3208
-4047
836
-1268
-2935
-3804
-608
4734
3636
1762
574
2785
4940
4171
-1566
181
633
1281
2559
-2755
2070
1525
-211
3051
-1676
4480
-4344
-4033
1995
-1116
-3188
-3937
1593
-4119
-515
-2446
-320
-3697
3889
1083
-4702
-4432
2000
-2
-3806
-785
3484
-557
722
4052
2626
2311
-1198
4143
-1615
-1446
2834
-1043
841
396
4296
3591
4369
-3386
-4661
-3888
3355
1388
-4761
-3375
-3546
2369
650
-2367
-4729
-2965
4378
2586
-4349
-2896
-4058
-4641
412
3483
1851
-4306
4548
2276
-2595
4967
-4388
3921
-3699
-3576
3771
3427
-936
-4330
-4962
-1826
3468
-239
-4166
648
-1619
-1213
1693
1262
3309
-19
3593
1331
-165
3013
1017
4119
-3366
173
-1556
-4463
3318
-1589
135
2776
2133
4024
-724
3678
-1240
-256
-1388
-2637
1621
3703
-4251
4154
-3077
-2720
-265
3781
-1445
-4788
4489
-3979
-1489
1459
4507
730
910
-374
-1847
106
3982
-4932
-2225
4738
1182
-3219
3669
4212
-3355
180
-2038
4126
-2257
4321
-1909
-700
1645
-1052
130
-3951
-2264
3481
2415
3507
4771
-222
-3698
-2617
-6
2633
1919
-789
-3039
2520
1397
2760
2085
-4159
-1841
-4067
-4569
3610
268
-1814
4114
-2511
-2488
-3573
390
-2097
-4760
-227
732
-4842
-447
2636
4093
-3308
2020
1862
1876
4041
4725
1769
-4767
-2158
2753
-1134
-4519
1542
-1075
-4250
1468
1410
4131
1998
3730
-2082
-766
745
4037
-3016
-1181
-2540
-372
-2520
86
771
-3196
-1732
-1388
-4280
2967
-3561
-124
4501
1213
-3044
-429
-878
3571
3321
-3772
994
-2972
2970
1619
1362
-1851
2824
4858
2298
1960
4683
2918
-2918
-3426
2074
-2305
1783
3129
-3685
-1099
4844
2014
-1425
1663
-210
2036
-3256
-3957
-2397
-4775
2666
-4997
-4013
-2212
-3933
-1691
-1590
1878
-4080
-1250
4998
-4515
1833
-662
2171
4906
4632
1210
-1111
-2331
4814
2972
-4402
3971
-3445
1777
-4421
-825
3040
234
1384
-858
4197
-749
-1310
-455
149
-3170
-3379
-2650
2905
-2511
-3669
-3907
-1832
2995
1559
1543
642
-1100
-687
2626
-1115
1609
3461
4624
-1164
1456
334
3287
-4709
4055
2361
959
-976
572
3941
-634
4230
-4255
-1308
-545
2590
4818
449
395
-2783
4349
-1776
937
3635
938
-2843
2811
4731
-3900
4218
-1753
-2077
3606
-3479
-317
4963
4418
2676
2145
264
1581
3719
1945
-2537
4165
188
-3270
1075
3774
-4262
-4967
931
998
3309
3853
-2126
-242
-4549
-1952
1908
-1802
2765
-810
-4239
-467
1346
-100
3591
-3775
-3661
-36
1633
99
4319
-3012
2212
1113
-2931
-1022
4101
2634
1505
-1697
376
171
1600
1389
2884
-1293
-4117
4850
2842
-2802
272
-2015
152
1222
-4680
1816
-99
1579
2829
928
-4170
4077
-2772
995
133
-823
1659
-782
1639
-104
-4176
-3833
-633
-1326
-3688
4386
828
-459
-3432
486
-843
-2387
1247
4746
-2586
815
822
3046
-599
568
-908
-1379
-4459
2583
3981
2326
4704
-857
-555
1982
1308
-4420
4555
-4978
-2964
-3606
-1753
401
-4450
-2254
2902
-3423
-2972
4001
3791
885
-2292
4343
4487
-1589
-3548
4834
2726
-2498
-346
684
-1287
1645
3767
-2195
3024
3550
1356
-261
2126
1961
-3558
3338
281
1876
4606
-4796
3741
139
-1498
-1009
-3660
2569
104
-4507
2570
-3661
-1115
4660
-2809
385
-4275
1149
-1001
-1421
-2636
2163
3377
3794
2882
2046
1317
-831
-2971
2130
2504
-3177
-2815
1501
1468
-2203
-612
2310
-3642
1087
-765
2493
3482
1939
-2024
2459
-694
4579
171
-2775
-3541
-4756
892
4257
-1176
2917
-4873
2470
1939
2083
4907
-4739
3538
2104
-144
-2979
-459
-1545
-1730
2924
-1800
-4706
-1592
-2923
-1186
4962
-4161
-4736
1867
-3836
-3494
3927
-914
-1493
4659
3138
-2168
4279
739
-1435
2657
-3645
-3277
2083
881
-4652
2276
1462
2725
3542
-2784
-1529
-2693
2578
3242
521
532
4218
-1274
-1482
-3823
509
-4106
3094
-3402
4800
-2794
-1178
-4321
-4643
-3469
3577
518
1346
3086
-1115
-2175
-782
783
1906
-2191
4808
3412
1268
-1313
1015
-1009
1968
-1264
-4175
3489
-3961
-163
-4931
1644
-4443
-2304
-680
44
-2419
1873
1842
1296
-3068
2222
-4429
1776
-873
2567
4238
-3065
1486
896
-4482
1449
147
-821
-2123
4608
3184
-465
93
2136
-4834
-3901
4597
-1426
-223
1664
-2060
4055
-3542
61
4189
-1001
4303
-823
1318
-2794
2499
-625
-4803
3594
-3849
-3410
-730
-3368
-4798
-2225
236
4728
1271
-2663
-2181
-2746
-4405
-2347
3502
4023
3130
-1617
-4568
-2288
2022
4972
1486
3088
-2358
4842
2095
4391
-3366
2738
2872
-1878
2075
3584
-3571
-4465
2119
4212
-4334
-4953
-2435
1525
-4395
3582
4918
4564
3187
-4873
317
600
-1735
4714
-3359
979
1055
2425
-1721
-3484
-1735
-2353
-1043
-1050
1452
3306
-948
-791
-908
-911
88
-2892
-2222
-961
543
-3278
-1015
-1556
479
-3527
3585
-899
2071
2502
4773
289
-4612
-4871
-1702
-4626
4896
-750
-2242
1247
-1146
2120
-2275
-506
388
607
587
-3558
2283
127
-3587
4921
-828
-3592
3720
4038
-3682
-2961
-662
-4215
-3365
1334
-4660
2694
-3249
-3797
-4745
-1685
-4533
-1942
-2954
2851
-4962
-149
4959
2265
-5
1570
-1689
2815
-1572
-262
2020
-2090
-238
-2707
2419
-2566
1772
4847
-2675
1434
942
-1186
-4550
3005
3837
3560
3069
-4500
1756
-2544
2958
1547
-3058
3948
-4970
4359
4361
871
-1865
-1244
1632
-2117
1282
2560
-3626
836
2326
-2645
-3264
-590
-3506
-2359
-2714
-4343
-4621
1151
-1197
3125
3121
-377
-3184
4220
-4866
-313
1597
3494
-4120
2747
4338
1641
4867
-1834
8
1756
-2823
-441
4127
4300
-361
-3569
-4823
4365
-3646
3016
1888
2165
-715
1617
1592
2816
-976
4
2412
4198
-3785
684
-2129
96
-2928
-70
1709
3393
3496
-2312
3971
3680
3772
2859
-4700
-4284
1648
-2787
-1472
-4836
806
2233
2825
3097
89
1475
2367
-95
1360
-2441
-4252
-905
-2964
-2106
-4825
-3020
4466
3206
-555
1984
1000
4106
-1995
1801
-2460
-3947
-3393
1440
442
429
1991
-339
-4633
-2003
397
-1908
3256
-2591
-1444
-4202
3876
2515
-4307
1266
3114
-4993
1420
997
-1631
-4335
2203
1676
-3259
607
1749
2102
-1450
4670
1200
2833
-1364
1817
2165
-1095
-4085
-4878
1781
-1203
4958
1561
2812
-4013
754
3465
4025
-105
-4888
3885
4754
3151
-2471
-1096
1121
-2731
-4646
2180
2542
3641
-2577
-1393
3937
247
-221
2581
-1814
2385
-2301
-2475
4847
929
-4441
2538
-4331
351
2943
3119
-4639
-1480
420
-4289
4710
-1869
653
4192
2259
-1366
-2541
1520
-408
-3392
-4591
1921
2504
1056
-2651
-397
2847
614
3411
-3333
1834
-4388
-1902
738
-1463
-1769
-681
4706
3412
-1024
-3930
2179
-4582
-4631
740
260
2732
3480
4667
3253
1153
4344
-3018
3416
-2526
3518
-4943
-3635
2873
4917
-1076
2705
138
3988
-4207
3932
595
-3216
1146
-93
-856
1647
4389
3112
-1563
2462
222
4825
615
-3914
-2908
2168
-330
-3702
-30
3554
-2503
1372
-887
4317
-2628
856
-3605
-4121
-4147
-4493
-1756
-973
-1738
-4749
4185
-1222
1706
154
3883
1382
-4856
-1857
-2339
2735
-4929
1175
-3100
4036
1692
-960
-420
-1361
4114
-3035
4772
-1957
-780
-3058
254
-2870
-3247
-1955
-1863
2907
-2392
2046
240
4419
-3640
3408
1312
3572
-533
3097
-541
-237
-3816
3112
-4226
-4448
471
4982
-2502
-4768
-4015
-4745
4297
-2598
4433
-2963
3677
-3167
1814
2096
2856
2777
-2981
1883
3994
-4346
253
-3042
-1794
4256
4666
1890
-2184
-3231
-3732
3184
-45
2091
3687
4691
2300
4719
2144
-2366
-4856
3491
3628
869
-928
3976
1947
722
-2377
-4137
-4858
3838
-3786
1794
-3239
3434
-2375
-2004
-4512
488
-3053
3928
1864
-1938
3893
4962
-2796
-3493
-2230
-1301
467
-4971
-2302
431
619
1706
-1829
3155
-2384
1192
4730
4882
-2135
4677
4697
2260
-1010
1607
-1535
-3533
2748
3847
375
-1376
3200
-1824
-3108
-3090
-156
-708
-2116
-2991
1867
-3761
-836
-2521
-3787
-4355
2352
2394
-2121
3324
-3477
2923
-4139
-113
-4014
2303
-1401
2149
-3353
4688
3521
3101
-1148
3941
4963
-2276
2151
4919
-4853
-1244
1680
2775
50
157
-3230
-1410
3799
1974
-1593
-3167
4667
2530
1549
-168
-240
1937
-2122
-2882
-444
4207
1683
4117
1425
942
-1440
-306
-1321
-3890
2377
-683
3910
815
4499
-1006
295
-3786
-2843
-3908
-1703
2470
1385
1211
-1158
4088
4128
-1964
3455
3338
-2258
-3637
-2078
97
-820
519
-2690
2855
-2893
-130
629
4303
-296
1166
-1223
-2856
3027
-4887
-3535
3577
-3241
-2969
-3258
-2176
-2673
-2826
2187
1139
545
4519
2543
2618
-4894
-338
4815
4901
4608
659
-3089
4473
-2552
4090
1850
-1312
4397
2505
4641
4508
4142
1067
-486
-4111
367
4226
4056
-736
3795
-3093
4967
1115
3047
-1872
-209
2565
-930
-1226
3805
-4813
-4801
-1275
494
-4239
2087
907
4280
4552
-2108
464
-816
-4742
92
-1124
4214
-740
221
1439
-2595
1698
1301
-3232
3755
258
4377
3510
1606
4045
4608
576
593
-3206
3354
-762
1723
-4889
602
3806
-1516
28
-1684
2074
-4316
-3859
-2458
-111
-2538
-1090
3511
2891
1764
2141
-3623
4512
3584
2707
481
-2942
4623
4498
-3353
-3511
328
-594
3674
-2369
1748
-2168
3008
3574
-1764
-1848
-3167
1471
3217
3236
-2240
815
-4289
-1725
2681
1611
1857
-2304
-3535
-2834
3240
4102
-2128
-585
-3848
4383
-2803
-201
3308
-279
-3127
1586
-4804
-4869
4279
91
-3970
4724
2505
3913
230
-587
1326
1947
3313
297
-2782
3636
-3509
-2607
-4642
2016
-3479
-2859
139
-1357
-2141
-2207
-2029
-2613
-3174
-2443
2751
-2669
908
-1993
-1105
1241
-2606
-1696
434
-1199
2237
1544
1146
1739
1755
-2542
-2278
4696
604
-3048
-640
-1454
3574
-3937
4102
3786
-4841
-3104
-2831
270
-1733
4017
-2787
4081
-2558
2550
4837
-4931
3803
-1430
1092
-3557
4266
-1985
-2401
-1494
-4278
-3688
-2233
-2247
1256
3272
-136
-4837
-1312
-1983
-2990
-3159
-4260
3330
-2130
3692
-3129
4837
3813
849
53
-2936
-3244
-1884
-1896
4792
-4711
1948
-3349
-1875
4706
-1485
1086
-3141
-4613
1023
-2729
2633
-1620
-3530
-3814
-1516
2805
1834
-2836
2103
-3774
3485
-1928
-1550
3323
3301
565
-3730
1545
1090
2452
-4286
-970
3161
4976
3894
-2861
1690
-3252
-2042
4649
2991
-4458
-4184
2423
-3959
-2729
-1375
-1424
-1714
4914
-2739
1961
3615
-603
-435
-489
3266
-2750
4140
244
-122
2874
4698
-1029
4837
-265
369
3027
3101
3663
4776
1293
-1418
-3125
-3860
2238
2160
4017
-2112
44
-3599
1302
-617
1437
-347
-2353
-97
-2991
-3315
4507
-1859
481
436
2816
-1602
1992
2033
4313
1795
-663
4583
3839
-3546
-3243
4189
4208
-357
-2081
-3918
-106
-2164
-756
-541
2100
1981
1453
-2030
-2656
1612
2210
-3792
-3405
4803
3139
-4675
-1612
298
4530
-1883
-4118
-1413
4620
-2181
4531
2415
-1549
-1346
4055
-604
-12
293
3422
-4707
-2883
3803
2543
1798
-4741
-1800
465
3704
-3243
1806
-267
410
-385
3927
193
741
3237
3542
-1632
-594
-2052
4092
-3553
-136
3366
585
-3090
3447
-3638
2487
3382
4417
-545
3923
1758
-439
4379
865
774
3341
3108
-1707
3845
155
2906
4946
1851
1835
-3335
2304
4881
4940
-1747
2475
16
-90
2718
-3627
2761
-396
2305
-2692
-1335
1165
815
-3883
1683
4240
1850
719
-417
870
-281
4462
1445
2017
-956
-1185
-3831
2567
-4502
-1106
2923
-2653
-395
4610
-2266
-4673
-507
4004
3347
2628
298
-3940
-250
-2373
3194
3980
2264
-1748
2276
1644
-1841
157
-2805
-4190
-2459
2428
3442
-3643
-4356
4884
-3028
3486
1665
-2261
-379
956
-1377
959
-1616
2254
-3329
983
-2749
452
-4741
-2066
-3374
-1652
289
2053
2008
3322
-2797
-4530
-1488
-1870
-3373
4141
1270
-2512
879
-3986
-398
2961
3717
2202
1753
286
4578
4014
1895
-3038
-1596
-448
-2570
-2169
560
-4445
178
1775
1416
220
-3933
-326
52
-1648
3553
-609
554
-2414
-3754
156
-679
227
-2936
1101
253
1830
-2540
-977
4073
-1939
1553
1686
3811
4937
2468
278
-4428
-4608
-1106
-457
774
1318
2967
-2778
-4997
-1632
-3813
3732
-3840
-2221
1762
1803
-4683
2164
-3125
-589
-1356
3032
1604
-3276
-3413
-2237
-1671
-3625
-3896
-45
-2240
1429
4838
2831
1095
-1643
-1951
-4957
-4805
-4223
928
-2317
-3252
-1196
-2245
-2014
1124
4545
4474
318
-3159
985
-450
-255
-168
-2029
-453
324
2774
3089
2554
4161
-4150
3086
-3871
3209
-1024
3557
1100
-4368
1790
3877
2501
3486
-1288
1688
-3939
1172
-2500
3889
-2227
3335
-892
2931
535
-2870
-1448
475
-1189
-2398
3368
1710
-2318
-420
2803
1461
-484
-19
2346
-2904
-2029
-4866
-4728
-1712
4496
-2357
-446
2958
-1406
-4616
-652
346
4717
2742
4836
-524
-4152
1794
-1420
4352
-1262
4281
971
-669
-3149
-2124
-571
-1241
3314
-3144
414
-1072
-2014
4003
2754
-2366
-3711
695
-568
3139
3715
4841
4366
-2914
-2781
1638
3826
849
476
196
3989
-657
3455
896
2592
-347
-4466
-4089
-4143
4654
-3688
2559
4574
-3351
-428
218
2612
-3022
-1904
-1818
3855
4171
-2235
-1820
518
-4703
-74
-1267
-4931
4071
1377
-4015
708
4668
100
-1397
4053
1011
1016
-886
3857
-1497
-1880
-4572
-2507
1361
4742
-4662
2269
-1995
3730
1098
-3173
1298
2468
-2316
4830
-3057
4631
3754
1339
-2714
-91
3909
-225
263
-1982
-202
-1171
-106
1556
-2044
2026
1142
1868
-4517
4288
-198
-3932
-2885
-3561
-2864
-4902
-365
4007
-1522
4516
226
-1043
-3092
2295
-4523
-67
-942
747
3689
-3670
-4407
3363
1591
-3809
2361
-594
-1437
2237
-2042
-4955
-1041
3488
3716
2920
137
-93
1001
-3341
3521
1006
-3056
-43
1106
-986
-1110
-1019
-3015
-954
-3056
2494
-2897
1660
3406
-1684
-3925
1105
-2526
-3650
1451
1374
884
-2941
-463
-2849
4025
-1492
-1785
3797
-3599
3914
1941
4894
-1039
-4534
3058
-4183
4251
-4779
-2381
-814
-219
1889
-1100
1424
-3797
-1609
3923
-624
142
-3684
1503
2339
2194
-236
1306
-1097
-2144
-72
-1660
-105
586
-3843
-4678
4089
-4285
1085
-4701
-1666
-3229
-4491
3295
-1553
-3048
2647
4651
-463
3791
340
-643
-4374
1132
-1418
493
-836
861
4514
-277
-2695
-721
-3144
830
2845
1869
3427
-2837
-3991
652
-4417
-4829
-350
-3641
4113
-3466
-966
1857
-4353
-3589
1954
4717
1600
-1390
-4593
8
-2925
4607
-2915
4056
-1448
851
3763
1889
-2837
892
-220
2355
3571
-2781
2933
-4916
-1869
-1957
-2584
752
-3177
-1168
1379
-1366
1019
-1196
4695
-1581
4233
4274
1272
-1089
2963
4460
1265
3705
3742
-2939
-664
-1803
-2334
573
-318
631
-4560
-2920
3025
217
4899
1962
784
-1599
-4609
-2765
4443
2588
-4107
1517
-1683
3581
-4600
-2783
2029
3514
91
452
-3130
2579
-3215
-3390
-4877
1536
-2675
2038
922
-4149
1739
-2237
3376
-2665
-502
-3596
-1597
-2006
4706
395
3922
1670
-1346
1257
-2493
2641
4023
-61
-2057
-1693
2931
-4371
4277
-2818
2790
3255
-2779
-2566
-3999
-1879
4659
4271
388
170
-619
-1649
-2946
1589
3290
-4128
2483
949
2616
-1050
1148
4705
2662
-3286
2084
-3601
-3917
3080
2036
-3313
4623
3910
-200
-2068
4048
1029
1774
4387
-4742
3799
-2957
-4519
1374
1368
-139
2049
2471
-5
-3321
-3154
838
-639
-3193
-3774
1373
-1047
940
-272
-3436
132
3874
-2577
-4633
1883
2345
-1564
-3405
-2397
-1368
-2488
-2282
1259
-49
-4771
4327
-1239
-1891
4617
172
-905
1539
365
-4363
-629
-3262
431
-1384
3326
1161
1144
2206
-3440
-4704
258
-2879
4120
-321
939
-4441
807
3950
2804
2661
3754
-1535
1911
-3076
4117
4296
-1842
3886
-4752
368
-2712
-373
-3259
1003
-2111
-3662
-4130
2424
-142
-4192
1130
-3029
1245
-55
-2026
1651
3779
-4218
-797
-4653
-3975
-1609
1117
-3662
-3074
4276
446
2382
-1245
-1042
-4822
-1166
3105
2278
-3286
4732
-2335
-2961
-3460
-1962
-3445
-3435
-1182
-1847
3983
104
4175
-3574
-3216
3363
1917
-2930
2643
-2058
-3973
2563
-1854
119
1249
-4498
1468
38
3095
-4764
-4582
-1324
3156
1824
3154
1974
655
806
-2877
4245
-2916
3029
3015
284
4835
3040
464
-1388
-1017
-1821
233
4831
4956
4184
-3698
4548
1181
-3154
2086
691
-1268
-4803
3552
-3567
1288
2550
677
1274
-1021
-1143
275
3119
-1105
-1661
-1582
-4498
1561
2973
4675
-3602
999
2722
2520
-2851
2008
1445
-3564
-227
-1820
-1796
-407
-3373
-3516
1763
2803
1050
3677
2238
-739
-4655
-3002
-4918
-2801
4532
-724
-3572
-959
-5
4207
-1908
-2245
-2358
-4331
-2398
2573
-2382
4840
2440
2102
-3871
-1985
-1908
-2737
4493
-332
2963
3248
1953
168
-3064
-3558
2515
4340
1619
-3827
4024
2159
1052
1870
2835
-4013
113
385
3010
707
4048
3170
-4966
42
-3104
-2739
-2203
3059
-1516
-1089
3607
3964
3465
3109
-4160
-605
2524
-646
3161
4613
1420
-2961
-4148
-3618
1301
-2138
3696
1543
-1924
4017
-4882
3211
4066
3160
307
163
2585
3622
4219
-1734
2426
4008
-2832
-1355
4569
525
2425
-2520
-2195
346
3955
-2364
3733
-3957
-3206
-1458
-1463
3428
-2209
1778
-2964
594
4216
-1091
2916
-187
1938
456
-4753
-555
2264
-4518
341
961
-2395
-615
-1234
-1560
2109
3203
2679
-876
3371
-998
2477
-3658
-3854
2677
-1178
-2665
-4498
4878
-4623
4028
-3715
2492
441
1097
1291
-4537
-1413
842
-336
-1028
-3672
4231
2994
613
-4059
-793
1101
-1204
1747
1084
3562
-1396
955
-1111
2670
3170
1367
3192
-3616
659
3415
-1304
1329
2937
548
2276
1152
-3222
2571
-2820
2524
-1480
992
4560
-2689
-3011
-1894
-2021
-2574
-2936
-3851
-2387
3786
-3445
2263
4970
-4630
1392
4667
-2376
-3527
3222
2464
3358
4539
-4750
-584
-2622
3743
-3318
2870
-3307
143
4141
1476
-3994
-1871
3107
-1994
3959
3874
-2190
-2760
3005
4820
1566
3748
2243
-3756
3885
3543
-2652
2963
-3953
2917
3678
1810
-4078
-4149
1970
1792
-1956
-336
-2961
-1520
-802
-2780
4089
-962
-2639
-3350
2749
-2605
1419
4435
-606
1100
-4437
1288
3431
3049
581
-1901
-1870
-494
3618
794
-3429
-4715
-2734
-3937
476
3939
-3119
-1742
-1515
4192
118
1549
-4588
1458
-2955
1296
-4932
-1522
4256
2873
630
-3563
4741
3511
-4106
4369
1332
-1419
4366
-101
-4002
-4344
-1697
-1669
-3845
2460
-2776
4504
-4898
-3149
-3604
-2311
459
2117
3333
-2919
1446
1483
-3674
-3692
2874
192
4730
-3360
4738
1825
4141
-1407
-3656
-2514
2425
-1789
2321
-1181
3653
1871
-2499
2948
4425
-2606
-3316
-4363
-4986
3752
-3838
1583
-4126
1234
4334
-467
4286
-2684
1063
-921
-402
-1966
4373
2473
4074
4739
-4171
4335
4916
-3892
4054
-4959
2962
-2302
-3665
1723
-3759
3472
4097
-1848
211
-2415
-3439
-3666
-696
3607
1436
616
663
-444
2389
-165
1003
3111
1823
435
-3726
3817
-4673
4316
2768
2560
793
-2143
4510
-4537
-2492
-637
-3158
2926
2238
-899
-3690
2047
1632
-4850
-930
2502
715
-3685
157
-966
-4993
-731
-2912
-1266
-1758
2720
642
2284
-4523
2073
4425
3671
4408
-1882
-1888
3943
1808
-3637
4597
-1171
2527
810
-3978
-2457
1882
-3982
-1388
1622
-4490
906
1805
-960
-1292
-6
690
-1081
3040
584
-122
-2288
-3933
1794
-963
-4331
-4941
-1234
2439
-1352
1678
1763
969
4454
2669
831
1547
-2196
269
-4340
-196
-454
-3539
-981
-1081
-4111
-4090
596
1384
3712
-2871
824
-4436
-1820
-1305
-3648
1915
-592
-912
-2743
481
-3442
-1441
3511
-281
-4336
745
-4126
460
-1192
-1915
-4348
4188
1141
3887
1637
4706
-669
2478
-2601
3714
1546
470
391
-850
3364
1
2271
4517
657
-855
3061
-4982
-3099
2144
932
1130
-3050
116
-498
1175
-4169
-115
2143
-2647
3274
1166
2395
4615
-1344
-3274
-4106
-4784
-1077
-2848
-222
-2185
1297
-4208
3079
-2531
-4128
-2529
481
4890
-2035
-3333
3694
2512
-2191
2427
2616
1035
-4005
4905
4841
-2215
-1404
4776
-1673
-1374
3202
-1456
3667
-802
-4696
1143
-3293
3295
-496
3694
-1034
-508
3503
940
393
2354
92
-1991
-3720
-1584
3079
-2836
-4689
-4657
499
-889
-3178
4984
3695
-2459
2646
921
-4112
2272
2439
2316
4301
-4815
1113
-3275
4835
-2087
2166
1755
668
3083
4011
2582
3187
-1243
3354
4183
-4394
-1598
2409
-3461
-172
1022
-1723
1495
4391
4329
-1434
-4715
-4026
3086
1682
4159
-3408
1356
-586
1531
-3460
-2758
-1899
3405
-177
1409
1656
-3305
-3907
-3930
590
4903
-3816
-250
582
-4721
-2521
545
-96
-3245
-3468
-3060
-2797
127
-3539
1015
-4521
-927
-1167
-911
-692
3710
164
4186
-3404
-4132
-3342
-1613
2762
-760
-4858
-107
1553
-2068
-4307
2355
1219
-629
2173
-4848
3158
-47
-1280
-696
-4562
-1842
-1374
3335
1444
2561
4191
3549
-2195
2686
-4786
-2975
4828
1505
4593
-4216
567
546
-2227
4581
-2400
-4194
2372
-4647
-3724
75
1843
2363
3667
-3437
4642
-4591
-2757
2252
-4259
1205
-613
-3802
-4405
-2689
1331
-2940
-530
4325
3815
1373
4723
1578
502
-1302
-1611
-3946
-2129
-2874
2601
-2471
-3269
-4896
2942
4066
-3709
-523
4489
-268
4193
-4552
4391
1040
-1851
4053
-982
4462
2216
1317
-2801
-3676
-3395
2391
-2321
4820
-1070
4614
204
-1681
-1358
2557
541
-4891
5000
-584
-3109
-265
1149
2897
-4055
1509
617
3462
-1012
-882
3394
-563
-2496
-3015
-2877
-4241
-4804
1792
4078
-3406
3837
2574
-4747
-1435
2407
-598
-1756
-804
3793
-4036
704
-4164
276
-4231
-4260
1489
3948
-579
3082
-2698
666
1245
666
3341
574
-3794
1206
329
1036
3039
236
-1363
29
3892
3240
2037
2144
-4185
-4614
3052
-2772
-32
2877
-2276
2185
1395
3738
3266
1347
-856
-2875
-3369
-3760
1065
1391
-2829
-407
4076
-1803
1705
3557
4911
2852
-4205
-2617
-3177
1138
-2501
-2485
-133
-717
998
4380
1937
-896
1226
3946
-233
2945
-3832
-154
-2813
4747
3707
-639
4768
4568
3216
-481
-4610
-963
-1927
4782
-1079
-1154
-2794
-3091
-4409
-4450
3864
806
2599
4804
4774
1777
-4898
2633
-2097
2746
-2296
-3080
3752
660
4053
3250
1423
-543
4663
-3077
4509
-3
-4036
-120
2108
-1627
625
-1945
1185
2591
2412
1712
758
2086
2158
-1681
2284
-4736
2420
3390
417
-3843
4732
-3467
-4957
-863
1401
-4087
-309
-2808
886
-690
-3337
4580
1906
1218
3798
-1855
829
-1081
758
3936
-2149
-1193
-2467
-2631
2551
-3816
-2428
-2696
-2024
3166
-4300
-3472
-1180
-4817
2182
-2289
-503
2661
-507
-757
3847
-4313
780
-2503
704
2450
-2272
659
-24
2417
4185
3013
2212
2426
4355
-863
-1984
-429
-2750
-3466
-1163
-2239
1950
-3499
3674
4427
3381
3511
1437
1345
-619
11
-1802
-2799
2155
-940
-2424
2988
4654
-1403
2535
1339
-3131
4917
-1552
3879
3302
-3281
4084
-1986
2519
1140
-3126
-1904
4463
-4233
-2026
2134
1541
3711
-4895
-4089
-4086
-2249
-2350
1042
-1897
4610
2914
4302
4843
1262
-4795
1639
1823
-1539
861
483
4326
-3595
2792
3574
-99
4805
4347
3339
-4750
1725
-1630
3468
-1123
626
1254
1765
-2750
-4744
-442
4854
-2600
4056
599
4737
-1566
1471
3457
-3699
156
-3172
1128
-333
-2494
772
803
976
3001
1659
2108
3038
-1349
1837
-2797
-4744
474
-1729
4374
-681
-4208
-435
1201
2999
2329
3176
3749
-524
273
-3051
1392
3194
-1453
185
1560
4255
716
-417
1776
1750
-2353
-1374
-2173
-3743
-2730
-3588
4783
1048
1663
68
-2192
-1114
-3349
3981
-1689
1183
-2163
4598
2484
-700
-70
-1906
4103
4806
-4417
-4022
-4872
-2560
-3232
2935
2540
4672
2653
1497
-1450
-1846
1136
1998
-2360
573
2502
2567
1367
4255
989
1349
-4971
-4767
-3238
163
2198
3952
1933
340
-189
-3499
3081
-1162
-3762
-2495
-3397
-4209
-800
-3838
4413
-3994
-3772
1832
-1344
320
-35
-4037
4732
-4192
4481
4696
-2673
-1794
3023
4739
-3539
4511
2327
-2545
332
-2494
-737
-3089
-4639
442
866
-761
2587
-1145
983
2877
-853
1268
-1798
872
1435
-3255
-1754
2618
-3561
2622
3361
-4574
-2076
3863
-4419
546
4543
4348
4549
-1452
-1506
-4546
-335
1919
-266
-3016
3286
4334
-1639
2728
-3875
-2918
-228
1187
3349
-836
-4036
2791
4786
-2082
4944
4050
3368
-162
-1314
-4475
590
3738
2443
-426
-4159
4793
-3789
-1527
2225
-2238
61
-3652
3719
-3273
1804
2166
-2710
2030
-2603
4670
1432
-1513
-1588
-2657
-1225
3663
-3586
3353
-3249
-2083
4506
-768
-3866
-44
2018
-4972
151
3404
1198
79
1940
-2706
79
3358
2481
1651
-669
-3546
-4797
-1749
3993
-1054
2329
-3494
4091
-1630
989
-3776
228
-617
-1324
-483
3174
-4932
-4433
3672
-3856
3962
3733
3617
973
-3417
1868
-2983
-4919
1858
4019
3680
417
-2494
-3520
4658
818
1517
-995
2119
605
-2727
1221
-986
2971
4751
2085
1182
-908
4248
-982
4196
3659
3219
-306
1386
-4135
720
-1258
-4533
548
-1352
-1999
-1517
-4926
-3124
4324
-1810
-2850
3292
-744
-866
4057
-3207
-3050
-2671
-2011
-1170
4924
-2145
3505
3743
-4317
308
-2116
-762
2693
-4505
3961
-4702
1378
-884
1926
-1924
-2537
-3690
4103
356
2856
-3039
2545
1535
-2124
158
-2009
-2152
1084
1553
795
-3900
2217
-2809
-807
-878
-4605
4886
4229
91
4573
-1861
4964
-186
-3594
2023
-202
-2233
2251
-2336
-2190
3510
-3313
-930
-2620
1463
-1245
3117
-4078
3673
3179
-1140
348
-1597
593
-2904
-447
-441
4132
-1513
4449
-1589
-4952
3491
2620
4143
-3987
-3960
1033
1929
89
1723
3061
-1650
1987
2885
-387
-2085
-1615
-4347
-1948
1317
4016
-235
253
-70
4493
-3334
3999
4764
1848
-4344
-1197
4656
296
-965
-2897
-3863
449
152
2988
4329
-2215
2988
-2660
717
3239
4434
1369
383
-2515
-2786
4782
-593
4788
-2525
-2730
2916
-1680
1683
-4826
4316
-729
-872
-991
1119
-1933
-2685
-3718
-1461
-441
321
820
4003
-1047
-1929
-3994
2192
-4261
3437
-368
-1637
4970
365
-696
-3174
-1775
-689
-856
3137
-2139
-3594
2783
160
-3823
726
-2514
4534
-3747
-4392
2646
-3825
-3314
-1819
1906
509
-2790
360
-2805
4500
-1873
7
-3196
2591
-534
1247
-1891
2099
1743
337
-1818
-2332
1257
-4905
-553
4328
-4093
-1321
-3520
-790
-2028
-3355
-289
4702
3655
-4154
661
-2790
-2245
1120
4932
-4698
3368
397
1076
-3589
-2340
2218
485
-4557
3047
3917
-4549
125
-953
4004
-1383
-1207
4441
4101
-1586
-3197
-777
-3499
337
3546
-1497
-4553
3141
4329
-922
1848
-2449
4567
-3406
3594
-4698
4515
-1051
1522
3229
-2313
-2626
2290
-759
-4845
-3288
1155
-4290
4244
50
2923
3677
-9
2278
1403
-4817
-3081
-285
4777
558
-4110
682
-3652
1455
2540
571
3780
1092
-913
-4516
-2140
-2394
4606
-917
617
-4576
3728
3425
2882
4129
4434
3608
-3934
-1157
52
-4800
3642
2807
-2335
4556
1063
4236
526
3451
-4187
-1185
1231
-1588
1415
-528
-1245
-4407
-667
1020
466
344
1062
-767
503
1356
-4466
-2191
1171
886
-4161
1189
4095
4522
-3079
867
-3985
4970
-3710
3884
4346
2488
-1855
2501
-1596
-1527
-646
-3814
-347
2488
-2285
4728
2759
2008
985
1067
-789
2151
-2509
-4572
-4191
2108
2138
4412
-1441
818
212
2424
4534
863
-3878
286
4304
-4422
2698
-3524
3283
3302
478
3231
-3879
4796
-3247
-4308
-1277
-2747
-3678
-1774
4506
3039
76
1556
1473
-66
-3612
-4220
-1856
-4153
-1226
4793
4029
-4054
-4979
-1581
4013
1544
3393
2139
-1175
3618
-28
-3480
1039
2701
2353
-3762
3496
786
-2770
-4005
2526
-3128
3446
-507
2710
-3785
2184
4953
1712
-2701
-293
131
2801
2889
3584
3870
2098
-888
4437
-3752
-2942
-1213
2403
2229
2842
-4241
781
-4871
4225
-4853
1470
4293
2297
-1329
-3926
-1566
1476
-382
-4210
885
2538
1667
-1119
1923
-57
4867
-3721
-2656
-1235
-2826
-1430
1963
2742
-2597
-60
-647
177
-3408
-1868
4994
-2836
-1895
829
1272
1947
-3120
-462
-2013
1424
812
3428
-3597
3826
-4342
3317
3138
-3393
-236
-3411
2507
-4864
1600
427
-1436
3043
-907
-2872
-564
106
1232
-3040
2538
-4394
-2709
-1191
-782
2011
-2899
381
-1702
1806
-4722
-2149
4005
-856
-3030
-4587
-2856
4014
-40
1960
2836
-2577
325
2450
-567
2240
4007
-3784
-144
-1341
186
4213
-3882
3828
-3513
3096
4783
355
-3324
3466
387
-3723
2711
-4392
-1135
-2863
519
-510
-3373
-2409
2186
-2203
-327
-2995
-3808
-2086
2644
2778
1828
-4955
-546
-715
1528
875
2718
-198
-753
138
2626
-3102
-1963
1536
-2678
642
-2631
4995
-4222
3542
4256
-2971
-2333
-4117
4831
3468
3945
3494
1122
2406
-1433
1645
-246
3694
-3631
3091
-1559
-1954
-1129
4933
-289
-1665
1876
794
4753
379
-4703
605
3540
1175
-1473
-4494
3307
-3229
-1426
-500
4325
-112
4161
2299
-2040
628
375
1892
-2933
-1143
1816
1867
884
-2821
2049
53
1812
-2313
-4970
-4295
-1946
-4287
2109
3892
3216
-4031
-1785
844
-1426
4904
4718
2404
-1736
-4563
-4167
2849
3385
-2020
3276
3411
4904
355
1315
2977
4021
153
2392
4304
-1584
2656
-3599
2771
-4201
1247
2737
-342
2035
1144
-2545
1171
-1002
4159
-4562
2735
-4525
-3462
-4810
-45
76
3662
2271
3277
-4984
370
-1969
-79
4395
-236
4016
-84
699
2741
1894
-1401
4736
977
4744
3311
-4822
-1918
4517
37
914
2244
922
4422
-2615
-3085
-3570
145
-4408
-2945
-646
4696
-2482
-304
-4924
-2264
-1791
3960
-463
980
-697
-3427
955
4475
-2598
4869
-2719
-1382
-4789
-3593
3437
-3512
-2357
-1762
-3610
-4250
-1243
4758
2862
-4025
332
990
2657
-4668
1101
-2835
4913
-2487
-70
-64
-2966
4042
2348
2856
4188
-3927
-1364
903
2302
-23
1029
-1004
1194
3610
-4618
-519
4092
3763
967
514
-3840
-1664
-3929
4588
1896
1405
1395
-3068
-4641
-2378
-4656
-814
-2986
2548
2671
-1399
-2798
2071
-3804
1127
3813
3839
-2836
-3066
-2242
2288
4851
3619
3122
3408
1805
-1232
-3863
4516
3940
-806
1591
226
-4938
-1897
-4277
-693
-213
2010
424
-2708
1120
-4073
2728
-4514
-4875
4419
-2841
368
-956
3587
3883
-208
1295
2677
2814
-4144
4197
624
-3624
3276
458
-1829
-1114
-2684
4955
-3336
-113
3588
-3570
348
3813
-2062
-258
2009
4899
1364
2404
4663
-1329
-148
-576
-469
-3902
-1277
-3998
-2074
1181
3520
1647
3119
2075
2827
187
-1454
-504
1526
-4853
791
-3506
-1697
1054
-1362
4482
-2218
831
-2467
290
214
-1820
1435
2923
4673
4769
1397
-2670
-561
-827
-294
-1557
-1465
-3850
-4925
-2802
-3024
3547
4311
3682
-3872
-3435
-1332
-1290
-4906
4498
2890
1686
-4092
-1256
-1941
-3411
2808
-616
-758
3828
-2163
-2523
2572
1799
-662
-1645
733
-4119
-2824
415
3729
-147
3200
1714
3041
-4025
-3481
1840
-941
-1671
742
-2086
1352
-370
-2243
-1635
3405
-356
-4336
3330
-3833
-3342
4191
2780
-2990
4781
883
4247
-1431
-4778
-1251
-967
2667
-3427
2616
4285
-280
-2826
-1077
-2991
3342
82
-3598
-4554
-657
2875
1814
2580
3276
1898
-2580
3538
2251
2660
-4964
2398
-2102
-1525
1555
817
169
2844
2609
840
4869
-1494
-1837
-1248
2149
-714
2705
3171
1498
1045
-1838
-2145
1904
2929
675
3247
3575
2183
-2078
583
3250
-2615
4714
-1208
-4809
-1321
3853
3897
-1586
-2732
697
3374
760
3000
1467
2123
4066
3325
449
-2254
283
-3862
-292
215
-643
4622
1112
-2145
-2311
-2199
2151
-96
3047
-4810
-4172
-3946
531
-3296
-1747
-3055
-2082
2709
-4325
57
-3734
-553
2255
1566
-4962
150
-4164
530
-4065
1260
-1292
808
-4074
2990
732
4557
-3097
3759
-2393
3060
-3328
4409
1745
-764
-4296
-4675
3142
2906
3644
-3913
-2952
-2598
-3913
-1933
-2195
1014
-3123
3955
-4526
-2852
-2597
-760
-1742
-1135
-4466
-3477
-538
4363
1628
-2137
3093
1928
4917
3871
-492
730
4896
910
-2064
1068
1678
-3539
-1830
3269
3108
2317
-4894
3678
493
-1822
1220
2807
-830
-963
-4477
4563
-3402
2
-1090
-3575
-2276
3258
-3510
-699
3638
4696
122
-1454
2341
-41
3486
-3344
4874
4318
2970
3717
-341
3588
-4968
7
-4205
-4025
-3569
2444
2518
-4267
-3295
-2134
-4380
-2943
-3847
-144
2239
4125
-1116
-3158
-4659
-2897
1349
2801
2564
-2391
4224
4336
-3751
789
824
-1108
-3188
4094
290
-4070
-4311
-4688
4359
2043
-2495
3219
2836
3360
-1196
4557
2675
1908
4752
2888
2147
-4329
-1137
-1828
-2453
2069
-2334
-2223
3287
3996
2688
-72
-1275
3993
2706
-3146
-4682
376
1298
4858
3796
2720
1361
-2973
-371
-1153
3466
-4263
3700
-2853
3513
3171
3963
2959
-724
1130
4531
-3928
2419
-316
4037
-2256
-1628
-594
1327
613
3432
3545
-1903
2163
1118
2516
3073
-2096
-936
3699
4316
-2090
2425
-2099
-4558
-346
-309
-2849
1075
2520
4321
-2318
4889
-4028
1949
487
535
3726
-2780
-3604
4247
-3749
-3650
626
-4755
2859
-1625
-4668
655
-4375
482
2064
1238
-1979
3540
-200
2914
2224
1391
2654
3924
743
1934
-1548
-160
-562
-2506
-2555
3703
844
3200
-521
4390
-3873
-2584
479
72
4229
432
-2559
3160
-626
-2226
680
1590
-1985
-3874
-2346
-4752
3599
4085
-813
4115
1884
-1299
-3900
1885
-2408
4503
-3146
4284
-581
2854
-4091
-2976
-4216
-3142
-2799
3897
840
-4918
210
452
-4586
3105
1728
1643
-4895
-1175
-4787
-1400
3926
-1636
2862
953
1986
-1338
-1911
-2210
-4019
3963
-203
-2395
-3203
2463
-4775
-675
-3399
4221
660
-1664
3250
-2128
4569
-3558
3730
4843
-1296
-2158
4032
4568
4977
1561
-289
-3288
700
-975
2807
-2232
-849
-2062
-3076
1275
3470
2034
591
-922
3975
-896
-1270
-375
1221
3535
-4942
-1979
-118
2078
581
777
3602
-2437
-743
990
-3367
1618
-2440
-2759
-3506
-3283
-4579
4997
4026
-21
4343
3684
-2416
-3412
-1107
417
1594
2527
-4347
4899
-1019
-4670
1924
1234
369
366
-3294
-2266
3338
3425
2203
4972
3918
-581
-3806
4305
-4545
4921
3951
-2684
-4120
-1670
-3233
4513
2654
4647
4664
2555
-1144
4603
3077
-2210
1311
-4859
2743
3235
2856
2869
-1735
-4326
2775
-1077
2957
1295
2134
3530
2127
171
3646
-4317
-2597
1339
-2506
-4673
-1326
-2640
1881
1723
-3743
-3800
-2775
1494
-4670
552
3580
512
-1347
-2276
-1180
1468
1418
2807
4940
1625
4590
1355
-4933
-1626
2059
-1606
-4751
3310
2255
1940
-3831
3610
2212
98
-1665
-821
527
2470
2193
1230
88
-283
583
-4381
4203
3566
-1073
-1768
-2875
-4930
-1777
3989
2483
2321
-3084
622
120
-1668
-679
3021
-2719
345
1677
-4164
1112
1335
-3832
3341
-3268
-685
2841
4442
1041
67
-1818
947
3206
124
-1745
3382
2231
-714
4107
1468
3649
-772
4256
-4419
-952
-1936
-2600
-2403
-1965
574
-4092
-3473
-3863
4330
-2796
2276
-4304
4291
-4021
-1302
-108
-581
2702
-2456
4591
-290
1150
3225
3090
-4278
-2534
2554
1614
-2269
-2536
-1391
710
2137
-2699
0
537
-1763
-3940
-4723
-2318
-2989
-149
3159
-1472
1923
3937
-2802
-910
-1374
-4409
-473
-1492
3126
3125
-3413
-3355
-845
1876
392
1685
4590
-616
663
3928
-4294
-1541
1514
3081
2604
3152
-4314
2431
-497
2510
-1269
2309
-4362
1312
4027
-276
4844
-2035
-4662
-887
870
339
1379
-4489
3662
2866
1637
-3940
-584
3080
-3739
-1575
3337
4282
3752
1223
2965
875
-2346
-4182
4103
-4464
-4759
4840
4111
976
-3211
-1027
2476
-2015
-1676
815
1089
-1635
-2813
2887
2214
-90
2314
2136
-1857
3878
4450
-3772
4321
3364
2135
822
-4575
4004
3399
2207
-3313
775
4192
-1050
-2387
1446
-283
-552
-4214
1983
2812
4874
277
1010
-1070
2053
-910
-490
-4646
2666
-1396
-1098
-1771
-2599
2557
3138
1727
-155
-861
3819
-1410
-2110
-2953
-2738
-1953
-3163
-1650
-4159
-1965
1971
-891
-3423
4617
1400
-1470
3156
2237
-1399
3634
4161
4385
-257
4560
-1754
231
3325
3447
-3389
-3480
-2149
960
4642
3133
-4119
2161
4148
-2172
4590
-1327
-4850
3152
3427
4553
1991
-2612
-4083
-4415
-4502
-2831
-4868
-735
2974
4787
567
4334
-2884
606
-2077
-1438
-547
-881
4456
-3812
2219
-459
-4957
-3764
-4979
-2465
-1123
3407
-4409
-3423
-227
-2061
2885
4346
4850
-2529
-3305
-4271
-2250
3631
-2613
-2090
-4740
-244
1326
2815
3578
2272
1818
1035
198
240
2834
1959
-1280
-3577
1522
-3641
-3218
2987
-1551
-2153
-3949
2491
3828
-3485
1500
1016
829
1029
1589
-3271
-1476
490
-1063
-4353
1347
-3124
-2017
3972
2530
3685
3046
2300
-1760
-1296
1834
-4847
437
-1937
2316
-4704
-4621
-2888
1009
335
-2821
315
-4878
1428
-2026
-197
4520
3119
4255
-3021
-3124
-3222
-2301
-2891
2666
4562
-1668
-359
1092
998
-3358
2017
2709
4350
-4186
1226
-4388
-2311
-4237
-444
2164
-700
3417
-2187
1169
1959
-2241
4011
1378
-4287
-1139
-4276
3040
3109
2352
3740
-4011
4720
-3070
-1610
1936
-285
-4173
-2920
-2629
-1605
-2272
3527
-4884
-608
-2339
4849
-2970
-3766
-3973
1483
-1732
3242
4977
-2366
-826
2411
141
4129
1735
-4954
4476
-328
-1318
-759
1415
-4642
-728
2672
-3339
3322
4795
-2492
-4469
728
4291
-4572
-2794
-4977
-1372
-3602
-2568
-3058
3656
-4141
2566
-1126
3879
-3153
1164
2123
-901
-344
3141
3450
2450
3271
-587
-3308
1499
3634
3016
-894
4997
265
2434
-2060
3729
-35
-2504
2524
-609
1010
-3323
2467
1966
-2365
-3704
-789
-844
-324
4322
1128
3164
-3223
2226
1093
2754
-4038
1300
2400
2429
4658
-4075
2000
4730
238
21
-818
292
-3834
-1319
-1401
-4957
3846
105
3683
-4963
44
3869
-1620
988
-3026
-4317
3242
2456
-872
-882
-1693
3184
-2067
-1434
1381
3806
-4296
3644
-1681
2414
4069
409
274
-4644
-2289
239
-3360
1272
-2351
2286
-3383
-4302
159
-318
3504
4153
2518
-2079
3249
-2635
-4219
4583
213
-4381
1805
-2088
-4579
-577
-3525
-4185
4470
4047
1210
46
1261
2931
4027
4981
204
-2268
-1410
-1071
3265
4687
-1694
599
-1002
-197
-4000
-1308
1308
2733
1146
-2272
-4059
4858
-1176
3409
-4056
3434
4359
-1008
2923
499
1598
4760
2833
-4260
4455
154
4116
1564
424
-4879
-3407
-227
-4485
1545
-1735
-2714
1917
-2449
4472
2396
145
2151
-2333
-4375
-4009
-3849
3993
-4255
573
2341
285
259
-1120
681
-2546
1360
4509
-3961
3664
2599
-2310
739
1933
-4614
4942
-3427
-2912
-1599
1595
55
4020
785
-4367
-1069
3666
2784
249
-2541
-771
-2128
-274
-3476
-4398
2267
739
3029
3812
3197
-4742
1018
-1297
-3756
-2640
-3098
4828
3995
4467
-2240
-1765
-4101
3022
4614
3626
-2774
-4773
-284
-4234
-1075
4388
1720
-1559
-714
2235
4573
2731
-508
-2689
1616
3253
1435
-1676
1670
-1447
-3599
3624
2868
-81
1793
4919
-1905
-713
2627
1759
-3208
-4459
3398
3702
105
-1631
-4642
-4297
-4022
-801
11
4749
4802
2222
722
3475
-4543
-2
-3276
-492
2056
4828
-3234
2475
-3187
-2797
-3275
-2087
2747
-3699
626
-3098
806
-715
-2579
2311
-2527
-2007
4877
2550
-1927
71
1025
-1199
-1194
-3038
1822
-1648
2459
-4618
-226
787
4712
4133
-4219
767
-370
949
2534
-109
2163
-667
4249
1412
2930
-1842
-3553
-2652
2932
3654
1379
-4200
3626
-359
-2670
1227
3047
-959
-4921
459
894
2711
4011
4838
4158
-4858
452
-1663
3502
-2633
4021
-40
1082
1928
-3927
-2159
4235
-550
3666
-1755
276
2709
-2311
-4676
623
-4924
