12024
-1483
3005
893
634
4708
2854
1849
-3145
1348
3645
-1304
4962
-136
-4195
-4553
-2400
1882
1687
1441
-1743
1594
1334
-3295
366
508
2104
-3184
-28
-1361
4442
-2712
302
-4909
3725
3948
3031
543
4758
96
508
-3516
-4966
3707
1092
2490
-225
-1568
3243
-779
4395
409
-1675
3551
-846
-217
-926
-2463
2934
2226
-1418
-3547
-4859
795
-2833
-1437
-569
-4256
-3913
-4409
-188
-3619
-3018
-1977
3557
3190
1368
-2083
1506
1492
2398
-4746
-3368
-2150
2180
1134
1588
-3919
-2288
3514
1336
-913
-1037
389
1987
-2880
4444
-762
2819
4208
-421
337
-2862
4479
-2890
-4095
-2722
-2945
2853
-4557
1024
-1610
54
2770
-3312
264
3870
-4892
493
-4077
479
1711
2830
319
-603
-4100
-1462
3239
-4243
-2516
-3049
792
653
4660
132
-4412
2086
-4066
-4625
4400
-1232
-1275
4561
-2212
-1489
-1355
1590
-4801
1684
-3971
361
-3371
2162
-2121
-591
4605
-3083
-255
1972
2315
-1826
51
-2554
-418
-1644
3216
4733
-1524
3262
-827
163
3292
996
-1610
-591
-1757
39
-2262
-1826
3736
-2516
3013
355
-2648
4777
2761
-4716
1990
-2320
1740
2827
-2608
-1428
3055
-4413
1537
-1827
-511
2880
-4778
1956
-4442
1984
-1694
3758
-1954
4647
-4925
4154
581
4888
-2217
-2837
-2796
-840
2163
3909
-2743
2174
-2648
-3124
4871
-628
-3814
-28
-1437
-4198
1979
-16
-3173
287
-1051
-2181
-929
3195
-1081
-3020
3771
4418
3428
-4626
3518
-3648
453
235
-4
-2079
2949
-4409
-4102
-1040
-4917
-1914
3303
938
-2289
-381
-2387
3530
3463
4594
4139
4182
3728
-1958
-2729
-1724
3405
3508
3021
796
-4635
357
2914
661
-3528
-3273
467
653
2970
-4114
-2200
4910
-1348
616
-3701
1244
-2975
3480
2533
2362
-1158
543
-743
2543
-3069
-4900
-4950
-3651
2505
-831
1072
-1710
-3537
-478
658
1030
-390
-2696
4032
-2116
1254
211
-3183
-2963
-2999
4250
-3679
2071
3800
14
1091
3342
-4394
-1123
-2290
-1324
-1498
-4330
-1552
2775
-4327
3588
-1205
-2965
-2233
2792
-4601
-1169
-2986
496
-4288
4947
-2292
4058
-843
1260
2528
2228
1989
-2272
920
-1936
328
4275
968
2376
4142
4585
3803
1036
-1498
-2022
-148
-2144
440
3965
-4378
889
-2169
-2706
-1516
-4227
179
462
-4151
3542
1482
1259
-2421
4314
-4109
-4495
4164
4393
3048
-534
4440
3207
967
2013
2794
3414
2989
1656
4335
-4132
-2930
2204
-2
-672
1815
707
4766
4058
-2640
-4820
-2854
-57
4373
-2838
805
-2533
-200
-1752
2195
-4734
-2543
-3658
1554
1759
-4591
3090
-4950
-4543
-3959
2729
-3361
2318
267
-1879
4348
-4084
2880
-3076
-3770
-412
946
2747
1136
655
-4385
-2870
1659
2294
-2743
-2686
1881
1813
3298
1412
1137
-617
-4313
4372
-1756
10
-1720
-2181
590
3024
-202
3596
-1777
327
4411
-350
4820
-735
4366
1927
3123
1829
-3761
-2767
-970
-2047
-4627
-3400
2453
-985
4806
3032
1594
361
-2195
-1222
-1155
615
-3613
1011
-1138
-4511
757
2630
-4874
-1186
-1465
-1904
3203
240
3959
-884
4268
3325
1003
-2727
-3616
-3989
-2972
1776
-1900
3999
3749
-4230
-1298
3643
-3105
-695
348
3269
-1522
-860
2952
699
-4271
2253
-250
-4523
619
-116
186
3370
1558
2222
3991
3668
1694
-898
-1370
637
2916
1273
398
-1746
3379
-1257
2962
-1033
3079
-4296
-110
-3542
202
2248
606
3708
3592
2723
-2929
-3900
-4761
2046
2031
3035
-3773
4807
3496
4294
3568
2786
-618
2498
3723
-4652
344
-4959
-1475
3671
4525
3690
-4625
535
-4001
1130
-3204
1806
2515
3067
-4350
4661
-4317
-4221
-3282
3605
3876
4532
-4573
3981
-2416
-3734
4541
4418
1514
2415
1259
2036
2719
4327
4460
-3168
-3943
852
4172
-1331
-1960
-3800
199
-65
-2717
-169
-737
823
-879
1231
-4311
1309
-547
-399
784
2306
-247
1841
-2733
1573
-174
2199
3271
-3128
1754
-4987
2675
-3786
3630
1825
72
4935
2243
2983
-2150
4605
-776
4976
1748
-76
2071
3756
3305
-639
-2156
-2723
-4343
-4598
3594
-4783
277
4654
4572
-1418
-1473
640
3596
1247
2489
-3698
-1911
4075
1494
4578
-3037
4351
1599
2741
3836
1097
2471
2324
2944
1473
3499
-1089
3304
2402
-2766
2697
-540
3604
4569
-4121
-4243
-2310
0
-620
2168
-4
-4524
3060
-2501
-1686
-2806
-4811
-3738
4024
3877
-2794
-4195
-1444
2271
-1627
-759
-4245
-2171
-1116
1252
-87
-3726
3502
22
4495
-3655
131
2063
3409
4217
-2118
1235
1474
-3454
4632
-4664
3657
-4403
-1461
-4392
-644
2619
-961
4771
-2820
2367
854
-2108
-1097
-1380
33
-3116
1398
-3992
3273
3313
-4242
-3746
-203
-4659
4515
2010
1438
-355
-1480
4057
-3064
1475
-4149
-1209
257
1047
3230
4069
1765
1403
-3563
-2
374
-3550
3700
-3893
2549
-3984
-4800
1078
2647
-956
2133
-2118
-2503
-3574
-3316
1485
-2554
4798
1378
-2933
-1310
-1392
3713
-3806
-4984
-1859
4247
-2719
-2236
-3053
4328
3340
4694
1086
-395
754
-2685
-3253
-1102
422
599
1349
-4570
2530
3496
2017
1839
-281
2106
-669
-4753
3071
1054
-4155
1122
-3067
-1927
4535
-2840
-1303
-3373
2080
614
-2111
-4885
-3953
2656
-3619
-1810
3344
3074
-956
567
179
-1937
-4316
-3781
-11
-3789
-2333
3273
693
-2597
1322
491
-2725
2582
3090
2115
-4525
-1522
1353
-2201
-2773
1874
1392
136
-2568
3176
-3424
-3013
78
785
285
-2226
2464
-2327
4118
-4555
-3570
-2114
-1519
1446
3521
-4711
4027
3067
-4156
-3579
-2765
-3071
2833
4852
1238
-1983
-4261
-1308
3314
1669
2191
-2472
2528
-1425
-1573
-4180
-4209
4929
4038
1149
-1366
2943
2041
1705
-3242
-3152
-2665
-4861
3193
1284
1488
4374
2616
-1487
4896
2997
-950
2932
1942
-908
-1023
-1027
3432
-4311
-2463
-4301
2371
-1605
2497
3123
66
-2243
1821
3980
-1068
-4446
-1486
3528
4253
-2682
2204
4439
-1997
-3000
-2188
3442
-69
839
888
3040
1625
1633
-3065
1086
-1177
-4035
-674
2992
3876
-3297
2070
-4453
3525
-2849
749
-864
-1588
-3031
-2702
2703
-4775
-3389
1111
2534
1839
736
411
1028
-3711
4251
4268
-4864
3430
-1384
4321
-547
-779
278
-4582
-664
411
-929
-237
383
-4443
532
-4696
-2659
4421
2119
4022
-961
1913
-3483
-2235
-2238
1981
-4293
-218
865
-2631
2250
-491
3139
1530
4116
1022
5000
-1954
-1072
2157
-3198
-4369
-2009
-2791
-4177
4537
3368
-3202
-3780
3846
1933
-2725
4848
-739
1209
-2921
3429
2093
881
2412
-338
-3548
-161
2624
-4667
4230
501
-774
2901
3855
-140
-381
3587
3650
3007
-1696
4099
4402
-1965
3696
4304
-2579
3731
-2181
4316
-4110
4786
3366
3400
-2810
-188
4760
3777
-635
176
3104
3217
-425
-1995
4586
3035
3769
-2251
-2438
78
-1998
1949
2944
655
-4928
-2119
-526
4266
3491
-1980
4410
1501
-66
-3049
3529
-4788
217
2740
935
3103
3038
4786
-984
-2087
-2262
540
-3465
3422
222
4277
-2679
1906
-3479
4268
-1114
1618
3995
2142
-1043
2976
4198
2296
-2546
-865
2945
2631
-587
1376
2201
1124
4252
-3433
3447
2466
-3144
676
-1289
-4631
-2987
-852
-4864
1006
4544
-2088
-4789
-4980
425
2296
-1430
-1085
-778
1564
-666
2533
4255
-295
159
3139
-2662
2486
-1726
-2861
1041
-2702
2973
-2787
2613
3954
1357
2741
4701
666
-4615
4675
-3629
-4386
-1146
-2217
-2710
3169
4201
-1620
3323
-4117
-1151
-1487
-2193
3254
-2093
1729
-3507
1789
3750
543
-4168
47
1775
556
1509
-2618
661
3163
2348
3826
2234
3983
-1028
4870
3983
508
1901
1175
658
-628
4315
-3160
286
1529
-1175
-4316
-3147
-4403
3327
2036
2077
-2599
-489
-3716
4157
-4107
1706
-1648
-4302
-3715
1452
-2628
1369
-1569
-1310
-356
-4751
-830
183
2489
3647
2630
-3834
-1619
-2866
368
-4217
3750
-1663
3456
-2018
-397
-3981
-527
2603
-3800
-1440
4342
-2337
-3782
-1098
747
-2148
-3792
-4520
-4252
-2633
3034
3503
-2656
1163
-2362
-1554
-2137
-2129
3113
-2943
1216
-1908
4788
-399
-511
-148
2154
1808
1530
4994
-700
3050
2744
3814
1312
2707
-3124
265
4455
-4221
3874
224
-637
-4448
2025
4763
-2032
2782
2159
-1039
2854
1613
1979
4085
277
4319
4020
-2595
3806
4336
3579
4732
2964
3771
-4577
4883
-47
-1120
2554
-3861
1867
995
-2660
-3716
-3096
-4561
-3603
-1809
3382
3552
-4417
4816
-412
2760
2248
-1422
-144
-906
-1484
3839
4334
238
1890
2915
-486
3539
-2964
4035
-220
-3746
4162
3186
1001
-1448
-356
1613
-2146
2438
-1537
-440
-4186
845
-1488
-606
3934
4697
2226
4028
558
4591
4664
1506
-1582
-2561
-3502
-3010
-1000
-1707
-1472
3246
-4818
2173
-4877
210
-4561
3990
-514
-2252
-3893
2277
3038
-4115
-4905
-1403
-1303
4431
2560
-3895
-3887
-2837
2883
4654
2513
-1132
3942
4660
-758
1160
896
3834
4169
-4552
1923
4112
-3007
3213
1598
4689
4403
-1943
-1543
-1912
-1902
2323
-4958
-3430
-616
-2909
-2145
1351
2144
4042
-2042
-4983
-2551
-1169
155
-1592
-1446
816
4614
1434
-4781
172
-1014
-1415
-3457
194
-3186
4305
-761
-3499
-3937
4607
-789
-4309
-4465
-3507
1049
-274
4453
1002
2605
4500
-2707
-4986
-1299
-52
-1483
-755
-2337
-3490
753
3206
-472
3203
-1403
4420
257
685
-29
-1285
-791
3792
-2166
1061
-4133
-4931
2374
-4477
2506
-1499
-463
133
-2939
-2709
4059
3555
-2828
3360
-3434
3302
560
-181
-21
3703
-4525
-1236
-2615
-4676
4141
-3020
-4235
858
3406
2382
-926
131
-2933
-3748
-2252
3902
-2890
-1597
903
-2038
659
2557
2431
4407
-1133
2165
3091
-513
-2905
4247
4296
4081
-504
4243
4389
1765
-519
271
-1967
2684
2634
3444
-4264
4092
2808
1455
3051
4303
-2028
3175
-2755
-650
1270
-1374
2981
2908
2372
1524
402
1920
448
4068
1326
-2069
-440
-1980
-3507
-474
4533
145
-4200
-393
4489
2699
-1205
3137
-576
989
2475
-1722
-3143
3939
224
2163
-4484
-2232
-3239
-3416
3719
4608
-3662
1854
-3904
-1498
-3636
322
-1740
-2568
2867
-4356
-2534
873
-3478
3772
-3580
-508
2087
-691
-1774
1340
-4801
-3580
4078
-1636
-2572
317
-1593
3132
169
945
3146
-2124
320
-87
-2247
2375
2412
-1056
-4500
-1842
-2358
1410
-838
-1060
20
1643
-1923
4698
1898
-964
2002
2731
-4619
-3462
3217
816
2699
-2523
-2102
2587
-3684
-4827
110
4035
-2402
-1027
3581
4933
-3990
-1231
1351
1046
447
-2486
4066
-1241
-4235
-4938
-1801
-2535
-3190
2006
3934
4403
1653
-1766
-1563
565
3798
-422
-4647
325
4661
-1284
-312
19
936
-187
-74
4075
1593
-3670
222
2617
-3602
-4474
4082
4358
1260
343
4074
-1431
4933
4904
2411
759
-745
4418
-2513
-2974
2157
4886
4906
-4961
2490
4537
-1325
-3113
-2349
2467
-1878
-3624
1832
1111
3444
2899
-1568
-1161
4347
2357
-2636
-1792
-954
453
3196
-1893
-2238
4206
2890
4556
4437
3280
-2440
4245
-3083
-4453
-1330
-1046
-4348
2098
2682
-4737
-2921
-163
-4453
1362
-1781
2994
-4731
-2384
-2131
-4596
-4418
2348
3981
160
-830
-24
836
-3917
3570
3124
2323
-1411
1920
-1778
-3622
3711
-1768
3067
-2866
-2693
3739
91
-1266
-2497
-215
4135
396
4511
-356
3575
-3411
-2015
-4723
-2267
3608
-2654
-3429
1943
335
4553
234
-2044
-3025
2730
-3692
-1252
-319
-574
466
-3920
-2989
4316
-3257
-4978
1634
5000
3182
-2799
354
-1645
741
4364
-1963
-475
90
3495
-2017
2444
77
3488
-29
4324
924
-329
-2945
1486
-1775
-897
3301
1205
-2675
3588
472
-1524
-4931
230
3779
815
789
4703
2648
-1956
418
7
-1618
2047
76
1524
-2814
4148
1565
-1986
-1413
-3875
109
-3854
-3009
4845
-4446
-3703
-2441
-1874
3352
2350
4288
-1129
-1481
3328
4536
2690
-3225
-2029
-3225
4134
2343
3066
374
-1291
-2947
1719
3191
2807
-4798
-4638
121
3391
-4305
740
3679
-4833
-1729
2864
-426
-2354
-2183
-2235
-4602
-2918
616
-338
-2908
-1160
-2010
1781
1008
-2112
1453
3215
-4524
-8
2115
-2519
3060
17
-4183
3361
-4726
2359
-2589
-580
-3132
-4665
1053
1245
2630
-4934
-2079
1824
-3204
-4364
640
2194
-2594
721
-3466
-3808
4752
-7
3172
-2810
-4433
2133
3796
-3157
3589
-1833
-1625
-2502
-4388
2815
-3222
1645
2186
832
-3756
2988
1773
2348
1556
4603
3975
1801
-1007
2648
-4474
163
1718
2964
647
-1945
3869
-3866
2201
-3414
1469
4069
-2123
4402
-4021
-189
-4623
-3516
64
2628
-2015
1839
540
3682
3015
-4392
-4713
-225
2352
-1264
461
-3599
1736
2074
4214
-2180
3612
-586
-1055
-4220
2772
-2825
147
2754
4091
3330
2829
-3077
1767
1463
-333
-4544
-179
2627
-37
3471
-4300
2539
-318
-1084
-3968
-737
-2388
3504
-2179
-3317
547
-1377
3343
880
4333
-2575
4279
-3636
4018
-3691
368
-1340
2065
1004
-791
-3721
3824
3071
-2560
-1381
1865
-3863
1406
-2316
-4207
1393
735
-4042
-2264
-4748
-1882
-2789
-1790
1990
3884
-4866
3270
2298
922
-601
-2161
-4541
-862
594
-3465
-3603
-4646
-870
546
-2493
-3077
1754
4523
2173
-2514
1175
-4586
-984
4040
-1315
1133
-2356
-4671
2999
4685
-4154
1010
-4678
-4872
4882
356
-731
4535
-4927
3585
715
4274
-1270
-465
-4787
-2531
4425
3073
453
281
-4485
360
4404
-1013
1914
-4734
-1131
1600
249
-4915
2851
-2859
-2511
4165
3779
-3241
-4997
1648
-1443
2120
-563
1676
-3007
4678
-3567
-1256
-892
-4023
2804
3049
1416
-3703
-511
-3098
4954
3314
-3377
-1531
3438
3426
-1301
-74
-1781
552
2212
1005
-4564
-3617
3226
-3127
-4469
441
-2081
-1095
-4693
-1168
2454
-704
-3145
-2904
518
-2177
443
2735
1670
3455
-4841
-3048
-4294
4767
311
217
-4112
2606
4036
1083
4470
-2869
2008
1965
3578
3019
3586
-2767
-1585
-4291
-368
3734
-553
775
-3292
3643
-4025
-1526
-1419
3969
1123
1412
-1543
4906
4883
4526
-1862
4218
4669
-4310
-4003
-2961
4655
-119
4564
-298
700
-4714
-1415
-1564
-2430
-1500
2121
935
-842
2683
3511
2698
3622
2093
1931
-2582
3674
-4894
-1726
-3453
-1826
638
-2446
-750
2687
-4618
4992
1579
3009
-1509
-1951
2334
1266
-4865
2334
-3032
421
2578
-4102
3302
1822
-316
-3812
629
3748
-4456
321
4997
-2713
1204
-2818
3903
576
3450
-4136
648
987
740
1915
2159
-511
-1677
-2516
-1299
3692
506
-1595
-3785
3687
-752
551
-3287
-389
623
1993
-2579
-4097
-371
-2679
2893
-2635
-1927
2349
2936
3354
-2411
-576
3379
4558
-2885
2219
2060
3523
3815
-2728
781
3868
1623
2202
2986
-4018
485
-4867
2237
4748
3009
693
-1243
2269
-4704
4551
2857
4349
-1724
781
-1139
4427
1414
4311
-4128
-4476
-1085
3284
-3242
1663
1336
-240
340
-1311
-3614
-1298
2400
-4432
4981
601
3874
2253
1506
-2145
-3237
1115
4799
2307
2653
2869
3707
1568
-1138
-117
3172
-4105
-1311
2
-4892
-2533
3093
-2523
-388
316
2445
-2349
-3690
1136
2243
-1787
3319
-4070
-1786
-4136
-4661
-189
70
-2713
-4285
-2503
-1537
2675
-503
4037
-1214
-3172
-570
2421
1319
-74
3532
2748
1687
239
-698
2080
1502
3042
-2558
-4970
-1468
3373
-3792
2552
-2266
-1254
2465
2536
3173
848
4962
-1428
-4295
4713
3709
1280
-1873
1944
1871
2552
-962
-4185
1728
4352
-600
4866
-2326
-4286
2464
3715
-3206
3799
-4075
131
4424
-3000
1023
-3544
-3556
-205
-2926
-3529
667
168
3304
4421
1669
1091
-1946
-585
-2592
-614
2737
220
3998
-4563
185
1595
2071
-2448
1983
1281
2694
2679
-4704
-4599
4752
3607
-2670
1127
2889
-3971
4415
622
1105
3577
-4898
-1632
1116
4281
-4609
-2493
-2424
-2536
-3299
-1929
2069
207
317
-2197
-4347
-3873
4784
-1249
-986
-4774
-4760
2312
-2243
-4621
-3605
-4263
2603
3063
2267
2662
2574
4208
-4391
-3380
-3286
-3537
-3321
3770
3636
4624
-475
1660
1390
2043
679
1918
4267
4543
1749
-2490
2652
3569
1928
-3533
1881
3376
-1534
2699
-232
4958
3052
-2423
4551
2169
1730
2392
-2215
-4245
2906
-1486
-1092
3917
311
-632
-552
196
-1351
3992
-1199
4819
541
-4644
132
-1259
63
4245
-1471
3840
898
1056
3285
-2343
1015
2330
852
226
3038
-4730
-1603
2646
375
-4462
-2591
907
-4727
2368
2098
-3469
833
-2741
4233
2471
3480
-2302
-260
292
2485
4733
1075
3583
-1542
1959
2652
1784
-875
500
3828
-4587
1032
-4594
2659
-2894
3299
3997
-4432
-3975
1276
-2300
-2589
2345
-4180
2782
1971
293
839
-727
1319
-2758
-859
613
953
-2021
-2031
-3031
2750
-2029
3702
67
-533
-3499
1330
964
750
-4587
2131
4667
-1481
-1509
-4400
-940
2252
-586
-192
-4199
-3665
-1045
3119
3290
601
4184
-413
2340
-2892
140
33
1573
-515
-2040
2203
-177
-2813
-617
2336
4785
2845
-66
-388
1570
-1915
356
-4955
1473
4894
1638
4188
-371
2004
-1726
-148
4675
3946
3204
-2355
-3510
-2123
-2170
-3378
1585
-45
256
-1387
-3991
2939
-2548
621
3659
-945
4184
-4451
3271
-2465
4006
368
3743
-578
5000
-4530
-2729
-2213
-1972
-3876
460
3100
429
-1196
-1237
-4287
-4070
-2287
1154
3075
2995
-1400
2640
2609
-2746
3203
-812
-3695
1882
-3099
-2311
2845
-4470
-1059
636
2860
2402
-2633
-3927
-1547
4273
570
-365
3184
-1666
1477
457
4732
287
-3440
1980
4294
3150
-3214
-2425
-30
3269
535
4927
-4869
1144
3404
4138
-4248
4778
-4687
-685
-855
-3690
-3683
-1278
-844
3233
-3580
1772
-615
-2146
-2521
-1052
-2883
-1232
2625
3377
4278
-4000
234
-3973
3730
-368
-2996
332
-2301
-3103
2031
1836
672
-3261
-2535
3981
2595
-3695
-3362
3753
-3415
-2353
2104
2687
2268
-152
1344
-4452
-3110
2777
-3473
-1461
-3262
-995
3917
1447
467
2745
260
2293
3809
1500
441
-4133
59
4936
-2483
-4265
4892
-4502
419
-1833
-726
-4538
-2529
352
-1382
2533
-3426
-3512
-753
900
1140
2819
-604
-1552
-3137
2207
3896
-3273
2154
-2663
1011
-2909
-2187
-171
-1549
-1878
2779
-2865
-2253
-3179
3199
-2433
-2852
4520
1418
3147
-2147
-4158
3902
4897
-2304
1973
-1198
1291
-4715
-3565
1334
1598
-131
-580
3648
4069
824
4706
580
-138
-3716
3774
4914
2807
3120
-943
-2351
553
4957
3220
-4302
-360
86
1797
-498
-3936
4445
2044
4479
4780
-1918
1682
-2028
-2531
4560
384
4254
4211
3632
-1288
3479
1450
-2598
-2758
1571
1499
470
-248
4962
2250
1385
-1519
4897
3818
-1723
-3043
2360
2889
-4983
-382
-1600
-4299
-1169
980
-891
-2110
-720
-653
4372
-3576
-2596
-1774
3168
-1450
-206
1999
3899
4489
756
-1449
4409
1303
1798
996
-2915
3503
3359
-3741
548
2153
2054
-2600
1332
-280
4886
-2253
-1635
-2921
2917
3753
4155
-2055
4745
979
3303
-4248
-4270
-3473
-4098
1307
2464
2935
2716
3118
-1401
3759
2395
-1288
4516
-4258
3580
-4616
-3415
-1770
-3263
4455
-3960
-1765
3922
-3416
-1886
2692
-487
591
4065
1187
2475
3161
-3029
2156
-2064
-2607
4314
992
4193
1175
720
-684
3119
-254
-4257
3947
-4663
-4085
177
29
2335
-4565
4549
3359
-4681
-65
2327
-1981
4255
1652
4988
-1388
1353
-115
-555
2092
184
2099
2941
1140
1574
-2018
1637
-4853
3947
598
4049
4959
4457
3992
2103
4126
-4028
-2402
4622
-4928
1364
-2031
-4817
-3205
4094
934
379
-4849
4563
-4943
3302
-2117
1959
-3582
3816
-397
1308
3793
-4202
-2399
3783
-2082
-595
-4498
-4992
2547
3846
-4257
3894
-2710
-3967
2075
3472
-4053
2718
-4174
2130
-1105
1255
633
20
-350
-130
-969
-3493
-669
364
4133
-1405
2552
-3448
1085
1103
-1092
-92
2195
-1052
-1662
996
-2716
-2388
-3321
-3681
-764
-3012
-2294
4008
2142
1538
-713
-2504
3448
-4215
2964
3386
2375
-905
-3920
-453
-1248
-3503
-3240
613
1041
4256
-4801
3518
-625
-286
811
-3284
964
2683
-2434
4866
-2064
-4439
2727
3744
-422
402
695
-2981
-3707
-3295
1218
-4442
3302
4587
1606
-1018
2214
-2214
-4255
1292
-985
524
-2312
2347
-1670
1521
4100
-4749
-377
-4904
1588
-4506
-1123
-799
-2928
-1227
938
-973
-4847
136
637
-4387
-4302
2826
4623
-2488
-4625
-2675
372
-804
4235
-2910
2722
741
-324
4095
1645
-1907
-4082
1578
-2380
-4187
4919
-1216
4809
-3041
-894
-4197
2696
-1991
1312
-4812
3429
-4700
4038
-1954
-3966
-146
3569
-4936
1725
1718
865
765
2065
175
1422
4148
1472
294
-3501
-1860
-3278
3277
3404
1992
754
2983
1298
4919
-4282
4903
4876
-2570
-3783
-2636
4083
2136
-231
4172
-1061
3581
4521
2518
-4692
-3995
-2397
4084
-707
1311
3273
-4294
1815
-2947
-3042
4874
-4014
4125
-4193
2597
784
2023
-2810
2697
3982
1746
642
2797
2347
-644
527
3565
2550
4306
3498
1923
2730
-1513
-2074
3305
-3283
3478
1720
-3483
4225
2866
499
4999
1984
-4831
4004
-820
-4944
-3352
-4478
-1656
-2690
-4742
4179
-1897
-1972
-1895
2320
-3508
4163
-2123
-894
-2790
-4381
-3986
-1031
1929
4420
-4625
-3863
-3788
-734
543
1027
2977
-363
3615
4978
2243
2011
138
-254
-370
-2425
3674
-3778
-3568
-2873
-2181
594
3682
-4187
-2218
-4583
3036
447
-3325
769
-4519
-1531
-2101
-1055
-2683
1114
3364
-4089
1594
-4200
4349
-1500
-2627
2216
-82
3058
-2524
-4346
2209
307
-2163
4199
2586
2552
653
4256
1335
-886
4293
-3301
832
4919
-2686
-4019
-509
-2267
4775
4538
4150
-881
-3682
-1938
2436
2531
876
-3967
2708
-2179
1640
-4786
-4743
-1336
3294
736
2339
-2397
4567
1283
-578
-2651
-2413
4321
4740
-81
4802
-2312
-4197
-1755
-2808
3777
1269
-1000
4015
-2887
1051
-4758
3282
4407
-1529
1277
140
-3800
3487
4836
1893
-4690
-211
3653
4696
3300
-3965
-967
3911
-3568
1689
4221
-7
1083
2297
-2440
-3067
-2726
2422
-3658
-4035
-2532
-3414
-1596
700
719
-2222
-2136
-254
2126
-2561
-4717
-1076
-3207
-1075
-723
-528
1317
3582
-1454
930
-3871
77
839
-2151
3793
-3092
1790
1935
1861
-551
2271
-1083
3384
727
320
850
-4275
1834
-3387
1054
-3566
2270
-4093
-618
380
-4361
-3712
-2895
-1745
-4439
4813
1859
-983
330
1502
1056
-979
-2709
3406
3662
-1733
-2147
426
1704
-4233
-1515
-114
-4852
-1601
-448
2404
2475
3546
-1553
1268
2426
-4116
717
-1895
2923
-1531
-322
-567
-3129
-3672
-1178
-3968
-3423
-1384
612
-148
-1482
-3108
3709
4507
-3213
740
538
2297
-2511
880
-1775
-3896
3864
-739
-3762
3292
-2836
-123
-4650
-2997
1616
-2477
4265
-1420
1451
-4829
-4480
486
-4927
2234
1557
-4292
-667
1225
3707
-2591
1761
138
4879
-1271
2067
2866
-964
-3214
1136
-4861
-1972
516
1235
-3658
2639
-3138
-1242
-455
-3092
4835
-3573
2492
3046
-4255
4255
-1672
-4648
2556
296
-3994
-2158
178
3311
-2662
305
-126
1059
-3716
373
-589
1964
2210
-3462
952
1781
1386
1828
2090
-406
-1207
-4954
-3900
2449
431
2346
3023
289
3087
-3992
-3253
-451
-613
-2743
-916
-2237
4014
3871
2951
-2555
-2812
4051
3847
-1901
-1256
-835
4637
3269
4294
1463
3907
-1470
-4257
1553
4033
912
3279
-4885
-1042
-2474
1733
-160
-1865
-3059
2477
488
-2013
4322
4353
13
-3249
-2102
-1669
3331
285
3884
-1000
-4787
-630
4088
-3715
-1929
-1348
-602
-1711
-3003
-1144
-4350
1475
-4217
1360
-3583
-1601
-4608
3826
-3993
-3264
4893
2463
4084
-3011
4449
3547
1754
-1375
36
4302
-1808
294
59
2157
3092
-3476
68
5
-1419
4414
1541
-498
4946
3402
-1042
-3281
2303
-1129
4992
-4297
-3154
942
3197
2594
-1235
944
-978
4296
4636
4887
4146
-1013
-2917
-2028
-3708
-3033
-1777
4999
3186
3209
2932
-4586
-1622
3039
-2561
1916
-4948
320
-1738
1594
535
2157
-3187
3228
-2964
4378
-2618
-3133
463
1889
-4037
3652
4462
-3761
-4965
-4358
-4097
1596
-328
1112
1531
1071
-2211
262
937
-4176
3374
751
772
-3280
2031
-1010
894
3757
-891
437
2646
4845
2108
1916
-1132
-3886
4539
4326
3350
2746
-2244
2573
127
4016
2826
4560
-4093
-4618
-4506
3357
2825
-2411
-2624
4627
-2541
3195
-2020
-1961
4138
3812
-1960
2694
-1964
-1632
3383
-449
4748
-387
-3549
-4809
1806
-1812
-934
-1747
4208
-1402
-4539
551
1935
2597
1214
474
-2490
-3092
4298
-2187
-4079
3970
-360
1604
-1001
-7
-2185
-2732
4300
1577
-3026
-569
3983
3288
3608
-1023
3583
3510
-4469
-3940
2368
4671
1488
2841
-4749
1863
-3591
1315
2459
1505
1838
-1564
-3666
3706
-4758
-1391
2407
3787
-4338
-1269
-2476
729
3541
-944
-653
-4905
-259
-383
-771
4911
-4199
995
-808
-2478
49
-1141
1519
1386
-2603
4093
-4724
-4152
-3140
4871
-4293
-3512
2377
-1181
211
-579
1526
-2083
-3683
2458
-4118
-4819
2196
4862
-1414
-2277
-4679
2109
1465
77
935
2926
2556
-1667
3559
-243
-4226
-1951
4294
889
3522
-824
-947
3596
-1083
-1123
-4580
3739
2118
621
1266
-3313
-3604
442
-375
2689
-3976
-4580
4685
3647
-3394
-3090
-2862
4460
-1738
-2609
331
-740
-1940
-1534
4249
-1021
-4113
-2439
-4332
-90
967
3568
988
903
-1007
2720
1624
3163
-3175
-4036
3266
-1043
876
-4376
4093
-4267
3694
3921
-3385
-2792
4294
-4010
2526
-4746
2394
-1348
-2360
-758
4244
-4220
-2315
1331
-4037
-130
-2596
-1141
2662
1828
-1845
2131
-3711
-4500
846
-1983
-2685
3433
-2623
533
-2896
2827
-4689
2601
-4891
3993
-524
-2423
3926
-444
-4845
3828
-2146
-4318
1027
937
4622
-3778
795
-1730
-1527
573
-3333
4255
2859
4164
1740
-345
-1868
2049
-277
3687
264
3083
-1421
2600
-3879
-3396
-3921
4955
-4486
1051
3464
-2453
-4176
3345
-2236
3204
3121
1485
-2989
-681
584
3571
-1686
-738
-2671
163
-3773
3302
-2684
1172
4395
4517
1375
2376
-3618
-2112
884
2363
116
3824
-4487
-3279
-218
-362
1014
-2559
-2440
-4108
4410
3311
2240
2906
3196
4646
-3090
2512
-1364
2586
3490
3917
2697
-901
-2907
-2694
3522
379
146
498
-2985
-3748
2279
3114
-1106
-3089
1502
4487
3164
-1528
-1018
1013
-3660
1922
1477
-3520
-3262
3955
-626
-3416
3260
-4433
3704
-2671
1121
-1450
-2448
1990
-2098
3391
-397
-821
-66
986
-2288
-4449
-1334
1104
-3039
-1592
3161
1431
1616
577
-685
-3415
4651
3468
-3179
2371
955
3071
3401
-2666
-2329
2747
2520
-2087
4673
2686
-3577
4675
-2972
-288
-1519
-413
-1805
-4922
1442
1930
4269
-1704
906
-3622
3343
-1115
3205
-593
187
4220
-3805
-1571
1428
3734
275
1514
4316
-4780
760
-53
-1412
-1981
2549
2479
-4127
3546
4804
-2773
3841
-4658
-558
763
-3479
4751
-424
3428
2244
2251
1284
3708
-713
473
4083
-3805
4227
-955
-3450
3012
-27
563
2614
1976
-808
-695
-2342
-2806
-115
1666
1652
3172
-3088
3876
2307
438
4893
2699
-1466
1760
-70
-836
3102
-328
-3600
4653
-3821
2984
3925
2110
-3701
-76
3222
2137
-4876
-1942
809
-2296
4321
3557
2745
-521
-4597
1157
4077
-1021
3156
102
1334
2499
-4020
-3096
-3727
1860
1474
275
-399
-2273
1236
1346
3336
-2165
-2109
-587
2127
-4860
-1386
3229
-3211
336
-367
-855
2927
4694
225
4416
3088
-2272
-39
3937
4931
-2894
745
1448
-3043
-842
-1710
3309
-508
-1241
-2198
-2566
-2953
-2895
-2771
-3551
1174
-3697
-709
2902
1354
1450
70
-4744
415
-3726
-4226
-1332
-4177
-3565
-3035
3470
90
-2845
3823
-402
1517
-1619
-963
1734
-3584
-2251
-1580
1838
-4757
2816
-4631
-2551
103
115
-4710
1971
-966
4947
-3758
3745
2250
-1686
1018
-3767
-2464
-2253
-4260
3397
-1198
3135
-2619
1933
1652
-355
-4664
-1640
-3021
377
1928
58
-3368
-3438
3453
-1518
-1848
3208
-2346
-2459
-2452
-3039
3913
-4738
2184
4332
1427
2260
3681
1052
1339
3341
-4326
-4791
-4029
-3395
2724
-3379
1676
-3474
3654
2553
-1465
4030
-1556
3747
487
507
22
3373
-1258
3156
-4851
2415
1574
-120
3102
3234
-2588
1028
3707
1515
-1640
-4632
-4909
-1181
578
2539
1741
1098
2893
-3713
4683
-1715
1354
-2497
-932
2074
3031
4496
22
-2280
-900
2752
-2501
478
-4959
3869
991
2307
-573
-3139
2057
-4242
-3394
1970
-2384
4624
1276
2546
3496
-3031
-4120
-1505
1017
271
-4882
-4913
-3299
4736
463
-2448
3532
4307
-1080
-410
361
-4850
2135
4689
-4469
397
3902
3609
1250
-3218
-3614
3790
801
75
1420
-2756
2542
3753
-496
-3021
-2938
2123
-579
-3506
-995
1322
-2674
1564
1157
-1437
3011
-4260
-2774
1295
-4746
314
-2842
56
3105
-2728
3805
-2682
-1773
1696
1502
1284
-4529
-754
4066
-306
4142
3865
-681
4913
1128
241
-109
2874
-4132
3605
-136
2025
-298
1949
-4551
2355
233
-1676
-1594
-2935
3463
-1756
-900
4231
4279
-2384
3883
-4636
2887
268
-2458
4578
3835
4219
4786
-3700
-1345
707
-236
2813
2663
-4731
3106
-88
-4101
2769
-2405
-2422
-2450
2822
-3221
2712
3768
512
-3538
46
-1067
-3354
-2930
-1984
901
-1546
-3475
-4249
1805
-3282
4334
2495
-3743
-4500
4328
3825
-241
-4142
-1177
2405
148
-2488
354
-4795
4534
-2946
3118
-4180
4046
-3773
805
930
2344
-1785
1313
1245
-3777
1473
-1697
-4065
-1168
1944
-2781
-608
-3177
-3075
3898
-267
3077
-1029
1822
-4057
4749
-3160
-2179
-147
-790
2646
2167
3391
-1568
3113
375
-4378
-3787
2594
-3641
-2667
-1092
-2190
1918
1784
-1583
4643
477
-7
-2993
1955
-1564
-2924
620
1790
4013
4939
2497
-763
-1348
-3325
-713
-1232
-1961
-3375
-2174
-60
3267
-1220
-2704
-778
-2640
4035
3176
2424
1844
2236
-3464
-708
-3833
-2291
-4853
-2001
4060
640
544
104
570
554
3608
3789
1161
-4852
-1402
-2864
-1226
-262
4341
4847
2329
-4613
3039
-1304
4449
3124
2987
3907
-96
3358
-2250
4126
-4811
4345
1785
-2224
2813
1885
4544
4049
4231
4007
2200
1236
-1386
4310
4513
2924
-3630
1089
4017
4022
2868
-29
-2037
-4324
-3631
-1763
-2666
-1739
3899
2512
2673
-315
3515
-4278
-172
4041
1971
1955
4543
3819
4262
-2055
3246
-1368
1370
4415
-1207
-1897
1222
1214
4821
-1573
-3321
3537
883
1898
-1878
2274
-3800
-2212
1670
1056
-3571
-3449
-2399
3132
-4797
-661
619
296
1085
-239
-2899
2380
-3139
-1025
-4192
934
-3988
1293
1175
1254
2079
-849
-4660
-2005
2452
2262
-955
-4580
562
82
2526
1710
2137
-4118
-4315
-416
1018
-61
4680
-897
1493
2175
-3941
949
2636
-4142
3173
-999
-3058
-465
-1631
-4319
-2955
1009
2447
1695
-3105
2890
-4385
4067
-4607
-3688
4203
-1676
3895
-3269
-2808
1104
1690
-518
-2604
-382
3865
3500
-3385
-761
-1070
-2425
37
-417
-308
909
-2532
4871
208
-207
-1655
-1594
3577
-1110
-3419
2046
-1951
-3103
-1752
-4294
-4364
-3042
-570
-4827
-151
2614
-203
3175
-1698
2692
-1663
3807
-766
2607
3560
-721
-99
-3530
3343
2709
3697
-2370
-4143
-2790
-1381
-2369
3477
2562
642
-1430
-2103
2752
-1494
-453
-4617
31
2754
-2830
-3395
-407
-2390
-916
-336
2819
-1749
4008
4519
3114
2511
-3672
1545
3841
-1321
1354
-1159
1357
-4568
2623
3545
-366
689
-3320
139
1528
2554
-3196
-3207
983
8
965
2463
-956
-717
2409
2065
-2868
3166
1850
1190
4221
-4257
-3957
-421
1391
-3126
1240
953
2389
2689
1430
231
-2664
-3397
4421
-3315
3032
-3517
-3793
1028
-277
-1964
-2865
4583
1834
-1878
713
-843
4152
435
-4719
-3865
2787
-3002
2931
-2696
3808
-7
-2629
-3162
563
-4756
2279
1299
-4752
374
1136
-4543
324
-4316
4180
1909
1473
-161
3757
-1251
909
2165
625
1880
-1746
-4894
-3123
-4009
517
1123
-2300
-3578
-4185
-3694
-1796
-3523
-1646
-1191
-3990
73
-298
-2834
3380
1452
-178
-155
212
1944
1724
-69
-4028
2632
-3220
-4580
-1922
-686
4590
-3051
-4517
-3010
1638
-4213
3396
-3144
669
-69
-1740
2249
-2979
4571
3351
-2042
-4048
2779
4098
3617
-354
-4333
-2698
-4406
-3826
-4862
4139
4792
-3999
-3624
1318
1360
2218
-1074
-2943
-2677
970
1789
-4542
2948
-2185
-4366
3668
3170
-778
4708
815
2928
-3377
-429
-4989
3238
-1093
630
827
-2850
815
-564
-2196
4958
908
4637
-1497
-4487
3353
2094
-4559
2592
2613
1465
-4203
-2351
145
2014
-2455
1140
2622
367
2148
-1887
-1293
982
-3170
2166
-2172
1181
-3034
-1207
-4512
1258
1303
2236
3578
-522
3230
-2696
142
-1090
-597
3711
4727
-1641
-2013
-409
-472
-3000
-3402
3138
-2910
4808
-1920
3796
4750
-1868
2082
-3197
-858
-2282
1042
-1522
841
2515
-2207
-3648
1259
-1530
873
-4146
889
-1361
2871
-1493
-719
-1578
1709
2744
2741
624
1489
4822
1924
-2524
1636
3783
-1975
-3821
-686
-1562
-421
962
-4435
-260
3505
551
-1304
1808
2066
4803
-4853
4162
2214
2012
454
-2326
2092
2092
-2301
-3758
-3126
3400
3261
1754
-3837
3709
3497
-3961
-1430
2316
-457
307
2877
-1842
1893
1668
3540
-2543
-1438
4677
-3985
-2992
-809
-4660
1840
555
656
-3381
4366
3301
-4529
-2017
3474
4885
-1697
4761
4442
-926
508
617
1199
-762
-1833
582
-2580
-4380
3909
3599
-4863
3754
334
1081
3534
1392
1113
-2524
-3727
2842
2470
4995
-55
4779
-4981
3075
1561
-4056
-3661
-998
-3948
1472
-1027
-562
-4611
2120
-4315
-2052
1479
-4413
793
-1146
-1218
4893
-581
-4800
-1795
1475
-2637
-2271
3437
3393
-156
4283
3761
-761
4135
614
4667
4334
-621
-635
-1301
3042
-44
-1707
-1226
-2232
1235
-4599
-4
2130
-4674
3981
-1064
1108
-948
3548
3892
-1876
-3717
-3617
2784
-3222
-4381
4973
-2389
2703
-1197
1290
1145
-3963
4817
289
-3447
740
722
-1569
4398
1067
-1537
-3539
199
2931
-3116
-2212
-1694
3001
2368
-1107
563
242
-2813
-3278
4427
-1095
3541
-3501
-3821
-1245
708
46
1727
4553
2880
-1430
4373
884
-4663
-1732
-1872
1819
960
-823
-1211
1173
3081
3153
-3246
-4819
-56
2963
-2741
3852
2764
4920
114
-2130
3854
-2727
-4253
-4057
3409
3324
796
388
-2788
-3939
-2193
3970
4405
-1189
3859
2136
3977
-4401
3282
4365
-456
-582
4163
4881
-4786
218
-2993
-4358
-2096
-2568
1650
-2555
1709
1111
-1948
-3524
-2206
-1849
-1066
3688
1714
-3918
-1892
-1794
-1884
-4970
4732
-2916
-2730
3193
4111
-812
-2118
-1344
-28
464
-1856
-2195
-919
-3510
-3184
1243
2057
-806
4992
-3865
-4836
1133
-1692
503
2046
-3744
-4008
968
3007
-792
4654
-4580
4291
-3705
4578
3008
187
-3519
-1641
-714
713
-2222
3149
825
-4653
-4150
1952
3697
703
3793
-2143
3385
616
-3705
376
1212
-4840
-2307
3410
-2855
-419
-792
3541
594
2585
4158
-2308
-1338
-386
-4034
-3748
-4077
710
-2934
1846
2916
5
-1961
-37
4520
263
-4033
-3645
2327
-731
4700
-3575
-4469
-47
-4588
3525
1076
-1058
-2370
2913
-830
1241
-2620
-2189
-779
-1627
-1459
-1082
-3355
4157
-908
857
4725
-1679
-3498
-1092
3601
3509
4525
3456
-314
-4933
1265
-2212
308
3524
-4704
-2329
-972
-2710
-1682
4011
-892
3066
3847
3369
-2958
1850
-924
-2276
-856
-2200
-1410
1048
-3627
1974
-3389
-827
-3510
49
-2871
-4945
1376
4334
-581
-4827
3796
3147
-2978
1818
4873
-2176
805
-485
-1081
3867
-3091
4313
2886
-3899
172
67
3916
-1461
-1955
-4954
-1127
3211
-2625
287
-708
1448
3577
2334
4390
-1323
3596
-2640
-1002
3938
3199
-4100
-4415
1854
-1515
-2286
-3624
3319
3906
-4543
2516
-3430
2960
1968
415
926
-4411
1343
-921
-3452
-1517
-2548
-2675
-3228
-3148
-2771
-125
1115
-1775
4444
-120
-3067
1408
-4132
1134
1187
3261
-1239
-1552
-1147
623
-1998
4585
-2041
-3407
2986
-3706
734
2058
2756
4874
-2195
-3250
-4621
3311
2237
-3755
1152
3458
640
4591
-3694
-2831
2411
1153
237
-1754
4639
1726
-4498
2962
837
-2479
-2808
-3204
-1165
-1390
-1798
317
-1366
2361
-4713
1705
-1110
-3006
587
-4457
-3062
-1621
-2243
1676
-3270
-572
2134
-3927
-3475
-4637
304
-2096
-4993
-2487
-1025
1661
2808
-2990
2274
3523
-4451
-685
3391
-2276
4016
812
-3001
-500
2305
-4646
-2032
2203
1390
2589
-1294
-4844
-2905
3062
-3317
2055
-4147
-1768
-2987
-1695
-2008
-3657
1300
4140
164
4928
2360
-2773
4362
754
-4259
1138
3341
-1392
164
-2382
4370
1481
-4679
-71
-3627
4997
-3930
1629
4141
3098
-3508
4540
1414
3387
-4763
928
-2855
-2453
3982
-1370
-2825
3017
2793
-750
3939
152
3926
2596
-1880
623
-69
-1168
-3247
-2569
3974
-1983
-3493
-1383
-1915
1448
70
-4939
2868
-4335
4229
306
-1130
2613
2099
4868
4572
4861
4038
-2543
-105
-4941
3350
3639
-3500
4773
1767
-2565
-3046
340
-3086
-3137
-3235
-2277
4768
-2118
-3548
2397
-3551
-3446
1628
-343
2087
-1269
4142
3224
-2567
-2629
-1316
-1003
3118
625
-667
-11
-58
-1533
-4029
3024
1822
2353
-1416
2203
2416
-698
4324
2836
1210
1331
2771
4930
-2022
-656
1127
2537
-423
3795
2755
-2489
-4216
-4101
3236
-3071
-4434
1967
-4891
4493
3529
4679
-4596
-3669
-4868
-2572
2589
-2052
-4894
54
3580
-1638
-3339
1418
719
-4235
-4220
-2711
941
2355
4317
1907
-4145
-4981
1586
1337
2710
3558
4310
-927
3217
-4957
-163
-280
795
-1029
-2540
-1207
2424
2875
-2252
3797
1014
-2464
443
4187
3563
706
4475
3784
-4710
-2803
-268
285
1647
4032
2695
-1530
4174
4776
-1288
-175
3543
2905
-3448
854
-1874
487
-3839
593
-4272
-1720
1566
403
-3705
-4662
-4866
-1012
4851
2315
-951
-1404
-3762
-4198
3042
-1287
3016
3148
1412
-855
1741
588
2881
3252
-1663
-4135
3947
442
-404
2715
-2053
-3585
-1118
2686
-4249
-2189
-4504
4965
-906
-2644
3048
-1283
-4101
575
3361
-4719
-709
-345
902
-2194
-4645
-2286
-863
3705
-3939
-323
-3230
971
-290
-2267
3191
2755
3143
-3510
2780
132
3868
-3066
-841
-4201
56
-1579
3991
-4362
787
3471
2269
-2764
-4558
4190
-907
-663
1753
-681
2549
-3733
-4697
4291
-4272
1877
3342
-398
-4494
852
-1038
-274
-1212
606
509
4916
-585
-3885
3966
-4045
3965
3183
-1706
1245
-1368
4369
2815
-2115
2226
2860
-93
-3712
2735
4183
1009
-2937
-2151
-1493
869
-958
-4316
-223
-1872
1788
-1159
4137
-1294
1235
-4757
-255
-4564
3772
4221
-4620
-1848
546
3291
-1197
64
-11
3106
2460
4989
1232
2461
3857
3832
4828
-9
3536
2996
-2283
1358
4212
-2721
-3357
-138
-151
1297
-1808
4406
2436
2333
2566
-3219
4614
1149
4708
2852
-419
1806
3603
-4134
369
421
-596
-1031
-4932
-2617
3815
3662
-2088
-2709
1888
2321
-4247
115
4454
-149
-3738
2564
-3417
-3799
-521
-4518
170
2071
-4159
3197
-1446
-2306
222
4855
-4164
3032
1259
4970
4166
-4600
2935
1957
723
-3103
-741
-2648
3617
-996
-1355
-4019
-3664
-3583
4179
-967
-3664
2140
-4835
2865
1094
1521
974
-468
1854
-1165
4829
-1378
-4818
2642
-2518
-3302
-4314
3731
-4395
-2291
4706
-815
1002
-67
-4029
3652
-1669
-4222
1496
4734
1371
3102
4137
3828
2602
4405
-2477
1882
-1
-2021
-3474
3241
-3948
-853
-401
1716
-422
-4354
-1643
-2869
-1547
-2268
1518
-1004
3350
3020
-562
2092
4523
-4705
719
-352
3189
1851
1586
3961
-331
-1506
-443
-3973
4473
4767
2174
-2614
2038
-3080
729
3249
4646
3807
4746
4694
-4784
-3879
3361
3757
172
172
1989
-4757
-3238
1991
1231
-1619
-4325
893
-4275
-593
-1002
3341
-1109
913
-4278
-4385
-4735
3620
-825
4704
-3470
-421
4312
-3296
3485
1862
2356
-2020
-4646
3194
1503
484
4756
1506
-60
1552
4004
-2046
-1714
-1727
-3327
-227
-3786
835
2792
2110
1437
1841
1007
3227
2628
1888
-376
-4733
-2075
-3015
-1772
431
-1170
4802
-3701
2887
1691
2189
-152
-1678
-1368
2557
-762
-4672
-602
-2645
-4636
4469
1239
3339
3745
2395
4552
-3777
-2821
-1742
3423
1801
-2573
4213
4206
-1808
2251
-3294
4791
-3998
1745
1827
-843
77
1898
765
-3055
-3016
3164
-4802
-351
-2182
380
3506
-4616
3108
-3433
-3625
-2476
1905
-1912
1267
-84
-2835
873
2102
540
3279
193
2054
3173
-3910
2080
-78
-2086
3597
759
-4509
-2527
901
545
4947
1660
-3580
-3290
-1388
-4397
-4359
1889
2564
-2778
4245
4918
-2993
-1813
-3601
-347
725
-4110
3821
-4423
-802
1114
-3718
2958
1839
-4110
4911
-1958
2782
-2314
3915
-1983
3266
2594
3508
3935
3623
-2384
-2779
-1802
69
-164
3416
531
4232
-3120
3780
-2746
-1614
3316
3429
361
-3854
-585
-3773
75
-369
-3160
-1037
4068
1817
4126
-4408
-2169
-3215
-2863
-2476
551
-4724
-4335
-322
-2401
-1181
1449
996
-3589
1898
-2970
2496
-1012
-1851
1676
-3035
2805
4854
3372
-4600
-4382
-1931
-2415
2204
-2971
4692
-3070
2837
-3514
-3835
-3176
-4323
1169
-3357
1164
3567
-2110
-1032
4839
-1215
-329
-2134
-4358
-3486
1004
1298
-1679
-4925
523
4732
-1183
599
3534
-1513
4936
1438
1530
4353
-1845
-678
431
3714
1062
1552
862
2075
-3446
-1418
-1500
-4142
-2130
-3799
1655
1748
1945
1951
1869
-3391
2253
-948
-602
218
-518
2208
2111
4229
313
1197
4957
-3424
-4410
3936
-2035
3079
-3828
-3882
2687
1442
-1982
2488
-984
1698
1539
4407
-4190
-3163
854
-1161
1066
373
-2358
-2525
2063
-329
-3294
-4725
2160
4730
2907
4124
4235
-2306
681
252
4735
-2101
1866
381
-4897
-3992
4378
4409
-3169
673
1318
-4935
3314
269
-391
2279
-4729
1078
1660
2136
774
-1034
387
-2678
-1737
-1579
-3588
633
3270
4152
-2646
-4524
3453
-1807
-906
-1485
910
239
3316
-4798
-3292
459
3046
1645
-3130
-1293
3813
-261
-3816
2969
2994
-790
-3346
232
4067
-308
3482
1170
3608
-3110
164
-1672
-2293
-1789
-667
-3242
4561
1017
909
-4671
614
3686
-1332
1339
3390
-3144
-4992
4400
3898
1999
-2699
-3215
3293
3026
1587
-189
1978
-2140
1672
221
3740
-4874
-2558
-2865
3328
1857
4445
761
2727
3914
-3959
-2000
-1168
4796
3010
1281
-1385
4024
-1857
2064
-4181
4972
2531
4783
4802
515
-3494
2141
-4702
2050
566
4776
-1560
3410
3760
-987
3157
1739
4268
1718
3847
-842
-4947
-2080
-3141
2576
-1956
-1892
-4973
694
3870
-3669
4011
-1287
-709
-2287
1913
-3651
188
-2643
816
3277
266
1998
-437
180
3308
4120
3373
-4998
2476
2893
-2483
4556
-249
-4042
-1578
-4431
1781
-1258
3158
-4448
-4185
-4719
1366
3561
-762
-4459
-4010
-3140
-1839
728
-941
-3111
1462
2154
1716
-659
-2882
-3234
1692
861
-3
2093
3032
-3103
3573
3471
3185
-364
-3201
-3034
824
-2886
-3054
-905
621
4751
2449
2084
-670
-2638
34
978
596
858
1626
-1205
3924
3541
3454
3264
516
-1979
4588
-4215
3260
3255
1347
3784
-1736
-1353
3653
1104
2361
-4178
2923
1711
3308
3389
-905
-3368
1769
-4117
-4428
2418
1005
-124
3178
3261
827
4733
160
2603
-2743
-2658
-3289
-2167
-3463
-1644
1288
252
4260
232
4860
-570
2186
31
1256
3416
-4942
2473
-4677
2292
-86
1883
794
2032
-1879
4867
3323
4161
-1053
564
514
-3416
116
3261
-4932
1829
2356
1570
-1207
4351
700
-718
4565
3405
-418
525
4720
-1469
-2000
-3214
-3893
2451
-32
-456
-4261
-3246
3350
-994
-2078
-2253
-4087
1845
-255
-1976
-2930
-1596
2297
-4569
-672
2248
-1587
-1519
-3572
3963
3934
391
2338
3632
-871
-559
-4311
-2703
-3223
3641
-719
1020
-361
-3048
527
4869
4861
-444
3579
-4710
1858
2935
3160
2276
-1067
-647
3969
-2798
2558
2026
2253
3399
-2132
-1991
-3648
-443
4964
4358
3926
3816
1239
1867
552
-3903
4497
3066
3317
4681
1673
-4544
1261
-352
-4331
-1950
-2199
4772
4016
2830
4062
1262
4007
3423
-1761
-1538
1576
2526
2443
-4606
-2063
3786
-1776
-2353
-4217
1899
-2837
3705
-2560
-659
3496
-578
4332
329
-1798
4835
-4677
-673
-702
-213
1522
3377
-4427
1895
4950
955
4330
-2003
3891
1400
-316
287
3691
-4362
4425
1624
3133
-4380
609
2310
-2195
-136
900
3760
4570
3710
4310
1649
-3535
-4520
3239
-2055
3848
-4434
-4160
4354
-1988
3391
921
-847
4983
1719
-1391
1667
-1631
949
-2180
1106
1952
57
-1528
-1889
759
2968
-1209
4580
-69
1409
4784
4097
-4637
4607
3074
3882
-4442
-107
920
1310
-3700
-4732
1082
-4062
2072
-993
-186
-54
-2038
-4356
855
3990
-1752
-2243
-3977
3800
-4128
-262
935
-1256
4342
-807
1215
-2121
220
-1401
344
-880
-1061
-2477
4738
-4216
2120
2036
3047
3472
-4497
813
-388
-3820
3757
2296
-1758
4614
-4511
-2177
2780
2033
4578
163
-185
1252
3463
2617
-1821
647
540
-4034
-4751
-1815
487
-956
4106
1250
-4251
1175
1902
-905
-3699
-4116
-392
4141
2851
-365
-2561
-3001
-4048
-1506
2135
-1069
1149
4919
-3984
1444
1162
2069
23
-1178
35
-2480
671
3741
4640
617
2868
-3724
-1983
1821
3563
-2437
1990
-2577
-1644
2083
-4371
-4294
-4347
1832
-691
296
-738
3860
465
4299
3465
622
846
2216
3453
4446
-4405
-4583
-3394
-4924
3075
-3758
4669
-3717
4658
-4358
1240
814
-3084
-2572
1919
3741
-2914
-482
-2573
-1903
-3095
-2623
-322
-779
-2468
-3401
3920
474
3578
-1583
-2852
-3838
-4969
4087
2263
3258
-4762
337
1509
-4507
399
831
3198
3333
-4476
-480
-676
3707
1515
-3792
2078
-290
-2801
4402
1722
-1020
-4576
-828
293
672
-4457
-2347
-2940
-1863
2159
1852
-91
-1772
598
-1603
1745
2736
-1360
-1140
1460
-1826
-4937
3841
2620
-4627
-2563
4169
90
-4253
-2297
-224
159
1973
-1121
-4114
185
1614
-4645
-3836
-97
-1483
-1237
-2120
374
45
-2146
-1999
-2201
2296
-1542
-1446
-1036
-2942
-3419
306
-1962
-4734
-4447
-2009
760
-3245
2407
-4385
2586
-2445
1170
212
-2363
-3522
-470
-858
-4246
2569
-352
3522
4681
2399
1044
-3792
-1117
-709
-4106
2441
2987
-4226
4240
3517
4038
1753
5
2257
3139
1869
3333
-266
2044
-1432
1335
3216
-436
-3645
-3468
695
-4767
-251
-1463
4548
-362
563
4995
873
3361
1887
-4013
1842
-4557
8
-4956
-2600
368
4392
-825
1412
1883
-2478
3052
3657
-710
-398
3623
1488
1124
-3705
1816
1645
-320
1367
923
510
1471
2107
-3963
-2758
-896
-748
2307
-3394
-4037
1655
-2070
-3054
2071
-1063
-1783
-2201
-901
-462
1320
-2266
1948
4678
-4971
-3869
914
-2872
3200
-1533
2301
3277
-1860
-508
-1649
-1864
-4504
4600
2106
4050
-3330
3110
2333
4885
-1030
-160
-1022
231
-484
-4085
-2493
-2781
-4388
1968
-2168
-88
1751
-3787
4429
1679
4176
601
-1019
1156
4747
2902
-3865
3025
3939
-4861
1251
-388
-3630
-3726
-3134
-1008
3714
-137
-1168
-1241
1978
2155
3609
114
715
1199
2187
-4717
3481
-4357
-1564
-343
2439
-3858
-199
2689
-4778
-1785
2684
-4105
998
-3997
-3102
-1444
1180
-2501
514
1068
1755
-2690
1757
4950
-1071
3053
-2714
-722
-2323
2962
2021
-3014
70
-513
-4986
-842
4033
-1219
1286
1128
1205
-263
-81
-751
3161
3989
-549
-4021
261
3869
-791
-3820
-189
-4101
4716
-32
4702
1376
-2705
3388
631
-4744
-232
3805
1836
-613
1584
3905
-3678
-4566
-170
52
2137
-936
-3717
3748
-4529
3433
-2048
2200
4511
3968
-288
3607
-3443
4383
3799
-3978
-219
-3026
2174
4320
-1595
-3021
2134
4726
2299
-1618
63
3290
3244
3314
3964
4366
665
1050
3078
2143
725
993
-378
2376
-2952
-4274
4768
-2269
-4717
3588
-1345
2346
2265
-4336
-4474
-1200
-4719
-346
-2710
1795
4225
-1121
-2998
-163
-1603
-3889
4114
-1816
-3187
-1793
1875
2899
-2410
4442
-3253
3239
-4167
1145
-1410
1515
3263
-1247
4114
-4303
-1777
-3554
2520
4660
3970
4159
3493
173
-4130
-4052
-772
-4492
-3387
1213
4060
-2919
-4979
-4094
1972
478
-4239
2034
127
-2332
-4024
-1336
3059
2868
3517
4411
-3756
2318
-2573
3557
-4671
82
4745
-616
-3897
-2376
3690
2856
2289
-4337
2719
-534
-2733
-182
-4283
4844
-1458
-2784
-1547
-3231
4795
-1917
-2204
-4602
2644
-1102
-3341
607
2934
-609
-1508
4279
-3253
-3206
-3624
-886
-550
-2732
-3240
164
-3013
-654
3116
-4942
3043
-3739
-429
1511
3817
715
-4366
4675
-1075
-187
-319
4292
-3778
4178
496
-1098
989
-4727
4024
-4959
4415
854
-2266
1358
1011
1944
3047
1244
1809
2597
655
1893
-4627
-4379
-1226
3545
476
-2753
-3849
-1766
-434
1399
-4341
-3811
-329
1294
4655
1201
-1811
2646
-4205
4339
-4051
-4853
1468
3277
-2535
-2470
-722
-4178
4614
-216
-1086
1781
3058
-1000
-3206
2208
-1240
2588
4779
-3619
1929
1457
-1579
-4204
-2964
-2463
4859
4944
-4512
1887
-2874
-2908
-1255
-3106
2727
-2604
-4302
2156
-4016
-2865
-1688
-2863
-346
1841
1394
1530
-642
1780
-4346
-2187
3429
-4888
-4053
2493
-3254
-1871
3555
3593
-3317
3315
-1738
-1891
4155
-511
-2233
4194
-4318
-4561
-3907
723
4281
2313
3869
-2272
-1618
-109
-4430
1258
-2908
-2360
674
2557
-2459
-1223
2812
4667
4209
3041
-4882
-4095
-3249
3816
-23
-4408
4830
-2569
2
-2093
-3875
1914
-4679
-2461
-3950
-459
1700
827
969
-1228
-3935
3094
-4066
-2737
64
2447
4100
1175
-4158
-1600
-3617
2632
-3738
-381
-3514
-284
33
3626
-2800
2222
4746
-4913
4850
-3121
4441
3603
4708
940
1644
-4574
507
-3696
2166
1389
-3472
-1398
-2140
-1877
-751
743
-3982
-4494
124
-2920
1161
3220
6
3298
-199
3354
-1967
-147
2048
1656
-4345
-386
-792
-4476
645
4190
271
4377
2516
3100
3584
4016
282
-3675
656
408
2823
-4314
-2990
-4027
3496
-2242
2256
-3746
-3776
1226
3298
2190
3343
-2698
2964
-2601
-4858
2755
-1757
1306
-2934
-1613
-2665
934
883
-1251
-2475
-4963
-2283
3946
2795
292
817
-4398
-2481
-235
-4017
1356
-1559
2122
1860
599
-124
1661
2208
-3865
3076
-4084
3091
-777
-3611
-2019
-3860
3663
-1616
-693
-3666
-1459
-2481
-797
-3292
-3349
-1349
-290
-3776
-3294
-3388
-414
4231
4924
3341
1081
3669
2532
-1534
-2179
-1993
2376
-3836
-1299
-2151
3726
3214
2536
597
4319
-980
660
-1009
-4897
-3169
464
-3819
-4238
1387
1777
907
2678
3457
-334
-2939
-93
2316
4561
-92
-2645
1175
603
-1651
-2531
-1120
1090
1077
2635
1279
-1672
77
963
766
235
-3274
4161
3186
-2516
1513
3399
-1390
3056
-498
-1207
3280
-725
-3133
920
-312
-1098
-2689
2633
-3850
2168
2548
785
4740
2256
-3770
3185
-4916
-1557
-3833
-4223
2443
-472
1462
-3940
316
1582
3027
-2486
-599
3761
-3876
-4505
740
-2687
658
956
2605
-2276
-822
-520
-1551
2200
2203
-3566
-4931
2031
-309
-1503
4862
-1666
-4906
3654
3
-3979
549
-3746
169
-3757
-3464
-2998
1015
2552
-311
4279
614
2808
2620
4151
-618
1359
-365
4170
1566
1085
-2216
-4362
-1456
4431
-1736
-2632
3889
-4630
-4698
956
4388
1923
3865
-1320
-3017
4831
1381
-417
-1197
-2658
-1398
4632
390
-273
-2824
2874
4936
1223
-3324
4623
-1105
-2010
-1221
3230
-2617
-2453
1409
-188
-666
-2321
2429
6
3713
-1038
-4295
574
-3108
-230
3570
-909
205
-1354
-2754
-3853
-2036
-4468
2394
788
-269
-2660
-4841
3654
42
-1574
-289
-4340
-2898
4741
3664
-1566
4594
2698
-3424
-1967
-1852
-2056
-4621
-1414
4654
-4489
2373
-3850
-4588
-1565
2427
693
-4843
-3398
2824
3308
605
-3203
-1968
-2159
-1222
4759
-4751
-298
4601
682
-969
627
1443
-3132
1710
2121
4654
3442
2
2981
943
3231
2383
323
1563
3756
1438
1143
-2932
-1612
-2868
2328
-2055
2786
-974
1990
1919
4917
652
-481
-625
3292
-1750
-2469
1676
3079
-1420
-2063
2176
1305
-2735
1249
-2339
-4668
-4124
-4441
271
-3723
4466
3510
1114
-3386
4538
962
1384
-2341
-3268
-2839
454
-4168
3482
2693
4896
-1832
-2868
-656
-966
3080
3927
-4
-2940
-2310
-1022
3820
1587
4473
-3098
867
3928
2107
2746
134
3645
355
1015
-75
1538
-3189
3212
3212
2038
-1448
2940
-4964
-37
-1878
4322
-2514
-2621
-134
2356
-3206
4352
1391
2381
-3871
4595
-4097
4430
-3924
-1277
387
3504
77
-2261
2639
-4811
-1637
-723
4891
2406
1446
-2183
459
4825
-1212
315
-408
2391
4814
-411
3318
-2216
-1666
630
-1769
-249
130
4975
-1706
4329
-2740
2951
-1067
4805
-2893
1870
-80
2059
-3182
-1869
-472
-186
2625
-932
-2608
-2419
4147
411
-224
-3808
-696
-1785
4148
-1399
-678
500
-2030
1661
-1941
3258
3240
-1343
4394
4667
3861
-3116
-1065
2498
3396
-3929
-2188
-3291
4833
-2799
3711
-2301
4116
-4064
-4446
3933
-2555
4622
-1132
2299
-3008
-429
2072
-2930
3427
-4395
1855
-152
4187
4393
-4313
-2172
-2599
3950
-2809
4226
-3954
-2555
-473
-2156
4875
1274
-1562
115
-635
1524
-4203
3011
-3977
-4095
-451
3374
-1941
2687
-782
-1357
-248
-2936
649
2007
-3757
-601
249
-2581
-2867
-3268
-4972
-1667
590
-1306
-2108
4454
-3867
256
-1164
-2640
1057
460
4970
2555
3722
-3809
1031
3761
-134
814
1212
4747
-2750
-1921
350
-583
896
-990
-1654
-3442
-2834
-148
-799
3183
-4726
612
3496
2489
2138
-3308
3300
4022
3487
1140
-35
4822
3907
3496
1904
4336
-3744
1126
-740
-3359
-4249
3380
2476
-3608
544
-4829
3120
5000
-1664
3746
1321
-2594
3476
592
-2826
-4107
-3773
-3006
-2381
-1837
-3004
-253
1601
-3541
-2802
2784
2834
4063
1847
-285
2093
879
2149
197
-2277
-1529
-2701
-2707
-4378
170
1851
-481
-4401
3017
-4084
-2790
1641
20
-539
-4618
-135
2988
-3714
3082
-889
2454
1215
-3705
4435
-328
4754
-545
-1236
4771
-2127
-2633
-3653
3407
418
3256
2391
-122
3972
-3479
-4471
-495
1729
2183
4025
548
-3636
-3114
-2767
-1223
3946
1993
-4641
-107
-2241
-1216
4491
-1084
-3940
2521
-3464
492
460
3423
3413
-3819
-4003
-734
4212
-921
-2669
276
4187
-1270
-3579
-3840
1499
-987
-1724
-1982
-4189
-4790
-4471
-288
-880
4289
1306
1890
4616
4948
4380
3563
-2019
-1685
2737
4956
-4522
-2721
2630
-1671
392
-1849
-952
-3717
2441
1849
4446
1543
-3615
-1816
3440
3761
4504
-4638
-67
-1240
4473
2653
556
-3264
3614
3710
810
-1803
-4506
-2574
639
1545
-2970
-3658
-3714
-333
4577
766
-3105
4079
3829
4120
-3877
1631
4918
-1117
2374
1171
-1057
2065
4868
769
-514
-4753
-1091
-2466
-723
3386
-275
3940
671
-2613
-2463
-4767
-4705
1061
3325
-3045
848
-3454
-314
-3217
-2708
-3859
-4587
3841
-2426
-4090
-4002
1354
-4244
-4083
1263
4526
-3052
-546
-1589
2167
-1395
147
3310
1746
-2795
-184
-3161
-2302
1983
-1520
-1381
-4151
970
1961
3370
1912
1608
-3188
3467
127
-1940
-4473
824
2398
3289
4167
-3099
-2357
321
2617
-98
3422
4186
1085
920
-2526
-1417
-3439
3512
1542
-4750
2052
-3339
-377
1383
1983
1251
446
1214
3695
4500
-1680
-348
-2439
567
-967
-478
1871
4575
-2247
79
3840
-2897
-2712
4550
-775
-955
1718
-1194
-4485
435
-4587
3403
1490
1361
-1361
-657
4475
1866
-1824
-2246
-4680
2270
-2432
3480
-4792
-47
2861
2173
-3442
-1428
3829
3462
-3470
745
384
-4565
-4202
1318
2661
2672
-4966
3878
4972
-3163
1120
2623
2180
-1625
567
752
-2768
-4852
3839
-2621
1637
4617
2676
-2992
-2557
2001
2880
4855
-1986
3098
4723
-867
-1119
-3644
3250
-3964
1355
436
3419
-1165
-760
-4627
-542
1041
-828
1067
-1408
-975
118
-1083
-4903
554
646
-2646
-1414
-3881
-362
1331
-1475
-2634
1989
-2421
1026
149
-2931
-1524
-3229
666
1988
3972
74
974
619
-374
4377
537
-2565
-4299
-3093
4591
3479
-516
-4590
1566
170
4541
-733
2599
-3336
3838
-4911
1146
-2356
1813
539
760
-712
2373
3974
3443
2499
3813
3730
3750
-3253
2038
-4278
-454
-4735
4665
880
-3088
3945
-2203
-2497
-2563
-338
-2241
-4708
4118
-4943
-1940
-2321
-1915
-1584
-440
-2595
1479
2608
3401
2291
-3571
-1125
-123
701
2283
-1455
-3328
134
4021
1179
254
-3734
3416
3657
4225
-1384
-384
3245
3637
2634
-4533
4201
-1343
3126
4763
2535
3922
-760
3976
-311
-3593
-2657
4598
428
4985
-4317
-485
-2285
2590
4164
-3591
4364
817
-1224
1414
2617
3627
3098
-2280
-4147
4955
-3175
-841
-4815
4390
1559
-3515
-542
-2391
-1959
-505
4065
2194
1422
1925
-2606
4377
3777
203
-2664
3437
599
2302
-2351
426
3952
-214
-784
4653
3764
125
48
2534
-2177
-1862
-321
2929
-488
3588
-2229
-1360
-4896
-264
-2317
-375
3363
-2349
-4707
-602
4182
-3328
3896
-1294
-4214
2548
3617
1559
-681
4881
3753
-3254
-762
-2816
-142
3447
2473
-4896
2331
3820
3550
2617
4576
-990
3839
299
4807
2733
-536
-444
-996
-439
836
909
3717
-1444
-2197
890
-2460
-467
-2615
-1186
-226
-3747
-4693
-4972
1863
2997
-4865
-4484
-534
-2102
-2413
-4129
2798
877
3490
2986
-3956
2137
260
675
3795
-4220
1647
1547
-2068
-266
4141
-881
3357
-2744
4868
522
-3568
-2172
-2242
-566
-4808
4048
-3504
-1926
-108
-3719
4659
-2168
1952
2333
4912
2266
-2395
1922
-2758
-1726
-3622
-2359
4091
2612
-4993
1406
2497
-1905
-4615
3676
2624
4545
-3593
-2482
3797
4451
-4863
-2808
-2152
2811
-4908
2065
-320
-3406
-954
-2803
3872
4616
-4400
-1697
4252
-2922
892
-4772
-649
-3526
394
2792
-4496
-2960
-2604
4851
-2656
1478
-1481
3305
500
-3234
3493
4220
912
2357
-1213
-319
2132
-2856
4506
765
2532
434
4413
-4892
4721
-988
-1187
1907
1439
-3598
-316
1292
-4305
-369
-4214
1051
-4702
-3375
-2992
-2401
3724
80
-1190
-651
3663
1711
3384
168
-1789
1118
4598
215
-457
396
4400
3799
2406
-1294
3238
-582
-931
-131
-3461
-769
2741
4507
3944
908
3351
-3431
871
4942
2646
-214
-742
1172
-1141
407
-4094
-1930
3637
-4955
-1188
-2388
1688
4430
4670
4294
-1578
-3993
-390
-2200
-427
-1554
-543
1875
-2141
-275
3807
4662
-2503
4790
3065
-778
-2964
2036
585
-2577
-4167
663
1338
-4585
2456
-3380
-815
-1752
-1080
3822
3595
861
3292
-2359
746
-1994
-2151
-1089
4822
219
2955
1665
-2666
3432
908
354
-1135
3018
1731
3054
2862
2146
2698
2439
1924
2735
-3081
-3686
1276
3717
-627
4708
-2095
-3897
1172
1828
-376
-3150
-4394
-3848
-4634
3424
-1676
131
44
211
-662
2247
231
325
-2855
3749
4988
3101
-3664
4912
-4032
658
-1964
980
3682
2529
2170
-4838
-4538
-3129
1604
4569
-1061
-1670
-1151
3530
842
754
-1732
2537
1943
885
2472
2793
-4669
-1689
-1044
3704
158
-4049
-849
-1266
3982
1733
4553
1583
-2179
2024
-574
-4976
2865
4754
3583
-2551
-3985
-1365
-4044
4337
811
-1280
-2053
4396
-321
2698
-4864
4669
4743
3327
-4782
-3207
3819
4442
1371
-1139
-3180
1096
-4078
4881
2172
-3658
1919
-499
-2881
2314
388
727
359
3890
-4131
-3562
46
3342
3702
4766
4940
2769
2582
2260
-1895
-4792
-276
751
-4797
-2502
4544
4873
-4683
123
-3947
-150
-4788
-438
4581
-1761
-619
2754
2208
1481
2340
-2468
1047
-3303
3134
-2618
-991
2212
2745
-1905
432
-1170
2239
-1511
-2935
-2216
-3254
-2992
3260
2545
4400
2141
4453
3962
844
3015
567
3011
402
-3615
803
4086
465
-820
-467
3513
2427
-603
2346
1478
-1229
3029
3538
4185
619
3197
-2702
-4104
400
1851
541
-151
-1442
-822
2462
3329
-166
-4011
2800
2727
-2891
-1729
4607
-933
-2770
-2146
-4705
-3892
3031
206
-3945
-2593
-4757
1163
-2806
-1530
4593
425
-856
4378
915
-2777
2003
-2860
-4458
-984
2952
284
-3740
758
1286
3090
-234
1746
-4799
-111
762
-3164
1650
4246
3428
2033
2274
-2368
1419
-2604
-2550
-2073
654
-783
-839
1970
-132
-3484
2293
4944
3166
2943
162
-4707
1842
-2679
3806
4710
-4403
1636
951
-4289
-155
1039
4438
-3717
-1494
1484
4420
-913
4608
3209
-2329
-4096
3449
1042
2443
-2480
2066
4610
1166
3415
1039
-401
2439
2150
-2878
121
1120
-2835
85
-731
377
3235
3004
-2837
1091
-989
2280
949
-82
3296
-1410
-1735
-4114
3347
3963
2285
-3979
-447
1317
-732
-1967
-2156
3088
4680
-2477
-4418
2687
710
292
2123
2071
655
-238
-4434
-3105
-2958
-4063
-3366
4918
-4761
-531
3560
-3546
-3737
3095
-4544
599
1953
-391
-3470
-4747
-119
2616
-1510
824
2645
-278
-2612
-3473
1648
4755
2129
2194
532
2292
4927
-402
-2888
1399
-1971
828
363
3533
-4170
-3834
-756
2154
-997
3376
4191
-4285
2480
740
4640
-4202
-4518
-2895
-2735
2599
1135
2396
-2840
4172
3388
-765
274
4334
4915
-4106
-3378
-4021
4259
2958
861
-2960
753
1236
-80
137
-3236
712
139
4884
2181
-1445
-1589
194
-4419
356
-2708
4774
-4633
-2584
-988
-3097
2355
2873
-1718
4542
-4926
287
-3593
1121
-1053
16
-313
-2369
4959
4597
2152
519
3145
-2997
4863
2608
-2639
-787
-1883
-1389
2626
1294
-4818
269
4470
1988
1894
-2919
3271
1362
1973
4507
3667
-815
-494
3663
-2843
-3400
3342
-2050
-3322
-705
-3202
1332
763
4514
1016
-4070
-1096
-3696
-129
1090
-4547
-234
2267
-2904
-795
2111
2223
-1610
-1786
-3755
-59
858
-3484
1582
-210
1206
-3275
2963
-3060
-1197
3909
398
-617
4346
-2271
-4617
3375
4412
4854
2859
2781
4031
-3656
4148
-4690
-184
378
2237
-3295
-4457
-270
-3226
1261
2847
-3895
-384
-3909
1181
-4100
3422
954
4412
676
2528
471
-4698
-2327
658
4746
-743
4132
3437
2639
1500
-1184
1723
-2266
4713
-3018
-3887
-1243
2294
3555
4809
-1100
-4527
-4521
1652
279
1926
-3774
1821
-1812
3805
-3571
4362
-1996
-2106
2402
-1908
4941
-818
-1353
1410
-3488
-2819
1421
3086
-4830
-1536
4664
4524
1286
-21
4784
2386
-3842
1802
2370
-3457
-4391
-3901
-3604
-3515
4786
1925
-3259
2508
-1252
3613
-3151
1592
4223
4286
-108
15
-4685
4105
820
-2922
-952
-3727
3713
2154
-2221
-2094
1282
2160
-2142
1567
-1204
-1831
1240
3865
-2871
-3117
-2356
4822
-2500
94
3031
144
-1356
1348
-4112
3510
-2188
-4132
2149
-4218
-2235
-1793
3898
-1104
3578
-791
-2913
2061
4565
-3157
-4590
425
2876
4280
-3348
-996
360
2280
866
959
111
-3459
2330
3543
2555
3985
701
3795
1942
-4019
-4907
-983
-2319
2464
-1128
1532
4182
4771
1206
244
2765
-3845
327
2389
-1490
-4077
-3059
-2771
954
-2782
-3016
4751
4854
579
55
-4437
-2275
653
2607
-2561
4273
-3164
-2967
-1229
4041
-964
-2330
2342
-2647
73
161
-3980
-557
559
1461
2889
-4481
-3515
790
355
637
-1527
-3427
-1026
-4023
861
919
-4541
-2528
-1699
2062
-94
1955
4555
2567
-3418
1070
-4233
4896
2779
3106
-3408
1059
1909
-538
-4151
-754
3780
4898
-4098
-4663
-3452
4139
2623
902
2811
3209
341
4516
-785
2206
3769
-4215
4303
2019
4703
-1803
3976
-4549
2503
446
-1079
1169
1612
-3247
2774
-1622
-667
2616
4925
4939
-1702
3941
2084
3848
-1288
458
4069
-3401
3428
2309
2771
3830
833
-1071
-2205
-4829
4950
-1731
1304
-804
-4714
1988
770
3804
3119
-4221
-3560
1144
-3489
925
4493
3131
-391
-629
-1339
2697
-2396
-862
4378
-2192
-1166
-4673
-4698
-1563
3445
479
703
-363
2534
1692
1617
2894
2453
-4408
2162
-2572
2365
699
-3243
2108
1061
1623
1990
1716
1929
-2586
-4860
2414
-3296
2644
-2161
3698
4927
4254
-1853
4287
2314
1448
-4658
-33
3905
-4972
2347
-4370
-1976
-1946
-4731
-3056
1292
-4950
-1198
2243
47
-602
3783
2308
-2805
3815
-111
4927
-4291
-74
3449
2274
2519
-4454
1552
-4586
-1300
3746
-3404
4173
-1284
-2322
-3741
648
-3394
4168
4376
4429
3559
900
623
-2664
-3613
-939
3371
-2614
-1712
2216
-1026
-741
-33
276
-4332
-1131
4692
2103
-2976
-3316
1910
-1106
1275
-2840
-1785
-3042
3065
-4471
-1016
-2697
-2976
4784
3112
-2072
-438
1925
-3363
-4022
-572
-1794
-1115
-2984
911
2688
4041
-551
-256
-2268
3928
2665
2091
3826
4178
-1190
1934
-2366
-957
626
-4839
3137
-3725
-4235
-3718
3784
-2661
-3526
-2717
-3744
262
3855
3400
-1525
4792
-145
1435
-1021
-1128
3674
-2145
-3737
-1524
-22
2790
1722
1383
2835
-3402
4598
1067
4636
-2744
-3107
4969
2203
-1542
-1581
361
-4608
-3766
-4278
-1660
-2523
-4514
-3463
2021
-919
-897
-4516
3776
3850
-715
-107
4520
2126
-1887
1358
4402
3537
-1124
4723
-4134
-1923
3010
1048
3492
-4291
-2697
2225
3468
1072
-3536
1059
61
3136
-2540
-2623
1936
186
-2435
2629
-1583
-2341
-3949
3898
-3679
2470
4722
841
3245
868
1551
-105
-1024
3425
-2052
3450
-199
3877
-2237
-591
-2220
4490
686
3196
-1741
-4459
-515
-56
-1402
-4657
1441
-2357
-3833
4886
-3915
941
4341
-4504
-159
-3834
-3551
-4818
2470
-295
-1339
301
-1838
-4392
-448
-298
2327
1611
3940
-267
3039
1621
334
1147
123
40
2030
99
4059
97
-2509
-2674
-3903
-177
125
-3959
3635
-1723
-4086
-4814
-3457
-3817
-4140
-3733
4507
1993
4078
-1257
362
4871
3131
4503
2682
3777
1310
-4644
-2903
-3888
4632
-1511
-974
2404
-2437
928
-776
4675
186
938
564
-2253
-3177
-1810
2478
3949
1043
4247
785
-2470
2348
4679
-1028
-275
-4352
1953
-1056
-3937
3093
-791
4639
-585
-1313
3315
-4430
3689
2288
3149
4484
1869
138
-279
-383
4864
3276
2048
4719
-1505
-2927
-4569
4753
2372
4338
1610
2883
-4719
3584
-1397
656
1516
-924
4424
4690
-4451
2966
-1120
90
-695
2654
2284
1785
-1133
286
-2258
1399
2329
4823
1812
-2199
-3929
162
-1029
-3908
-3250
-1665
2753
4537
-1539
-809
-3930
4656
-3209
-625
-1649
-2597
-1416
-4478
2411
1371
-2214
875
4579
-4929
350
4206
3502
-992
3322
3462
4682
-2243
-4773
4911
2740
-4027
-1137
-274
3432
-386
-4816
-3172
-1144
-2648
-841
-2255
4799
-1134
4079
2602
3326
-2253
265
-1209
-4129
-4935
1822
-4064
-2702
-3396
-63
-1623
485
3648
-4248
4635
-4930
4415
-3079
-4391
236
-3256
-4464
-53
-3313
979
630
1290
-2108
-4188
300
-477
-3891
4390
-3846
1027
1147
-2754
3494
-4869
3377
-3313
3734
1941
-1339
-2219
-2983
4127
2297
3706
-4318
4725
-372
4129
-3577
-2819
4887
3090
3640
-52
-2347
-4904
-2524
-2823
3180
381
2617
-140
3919
-64
-254
611
4401
156
-2682
-4694
3043
1730
-2047
1313
-2300
3941
971
-3354
4588
-468
4578
4786
-2390
-244
3075
-991
-3799
-3462
-1183
2807
4548
3272
-4609
-445
-3208
-2504
2577
3119
-1530
1437
-2271
4976
-826
-1257
-2015
4166
-3506
2747
4644
-2569
-399
1339
429
-2712
-3302
197
-3742
-1719
2005
381
-243
3602
-4392
4267
-2605
-3749
-3036
-2639
365
-4422
3570
2138
-3095
-2500
1281
-4977
2112
1125
541
2383
4608
-4470
250
539
-3512
-3776
-2911
2655
2771
263
-2383
-1046
-79
188
861
1813
-4407
730
2980
-4994
-2608
-3045
-1550
4661
3675
2221
1524
2975
-3331
-304
-4485
-2136
-540
125
64
-798
-3884
-3996
-4678
-951
-4105
-3994
-2514
-2407
1986
-2365
3130
3241
-902
3236
1940
-4423
-517
-1719
-1382
1569
2189
3356
3685
4118
3647
1145
3077
3987
1278
2195
2751
4779
-4530
-341
849
3341
-2281
-3167
-1731
-2324
119
-1846
-1519
-1092
2279
1566
2863
-1042
-1926
4570
-1074
3153
-4587
-3970
2371
-1536
-4771
3200
1532
-3634
-2530
-3229
-179
-2519
-826
-2818
-380
3258
4383
3344
2755
1473
-3454
1171
-3563
-1775
-2920
-3877
1308
-3087
-4308
-152
3223
2335
2950
-4031
-4385
-963
1419
3888
1547
1755
-4690
4180
1891
-1666
-4333
4111
-3555
-4931
4187
1940
-1738
-1162
-4660
-775
-2572
1608
-226
386
-2069
4293
-2741
-2102
-1778
3105
4983
3001
3179
4426
2456
-3499
-1363
3118
3758
3909
403
4921
3698
-4229
-2964
-4151
-3975
4851
-1550
2678
2440
-2945
-2760
4019
-3359
2805
3045
588
-2167
2800
-2691
1412
-3131
-2761
4971
-1305
-3735
-4517
1165
-4826
-1974
1877
2493
1524
4727
-2701
387
-2166
-1390
4031
3078
-1021
3027
-931
3856
-4278
752
-2056
-966
-4217
269
2514
527
-2789
-2858
-4701
1603
4118
180
-756
1208
3488
-3395
-1991
700
2773
99
-3209
2584
-2190
-1354
2818
-4888
1834
-1265
152
-3358
3172
-4330
2648
2697
-991
-4546
-4269
-530
-1138
386
-4395
-2335
3675
2802
2094
2541
4975
-4851
-2013
4491
2887
3836
-4206
2428
-4555
3189
-1740
-4865
3271
-3886
-59
198
-4307
-1271
-3578
-3127
-2656
-1865
-4486
2270
3792
-2479
233
4873
-4962
-315
2645
-3824
2359
4576
-1573
4079
4209
-1649
3017
1185
4003
1350
-1064
-2733
2021
-2217
2496
-2289
-1766
4498
198
4255
-2040
1278
665
4130
3022
-2634
3184
4050
2781
-524
3049
-2999
-4411
-543
-3501
4367
-1235
-3066
-3145
387
4510
-3360
-4238
-4206
3351
-893
516
-2942
-2078
1866
3872
-2952
-275
-1583
-3296
1907
-4339
-2027
4908
-4307
4352
-534
-3620
-1879
4419
4622
-4043
-1082
307
3943
3538
-766
-4446
3118
1769
-4538
-3586
-1499
2782
-1239
-4006
-1786
-3409
2824
1967
1371
-1738
4614
456
490
2125
291
-4265
-3030
-3955
-1727
-4008
-123
-3353
-1288
-4482
-3131
-4710
-2797
1488
-3701
-2213
2247
-1218
-4961
-3238
3144
-3041
-1415
-2929
-4282
2257
-2054
-2325
4618
-1508
-327
4771
-235
3461
1289
3183
1293
4672
-3310
2220
2724
-4334
3648
2239
3469
-1801
-2337
3166
125
1229
2570
-1022
2018
4733
-654
-454
1156
-1965
-534
-3937
-4215
3708
-3286
-1660
-676
3419
-1776
-3597
-4970
-3916
-4563
1939
-3652
3301
-4242
498
-1742
-2427
-2971
-2551
-4951
1359
3197
793
-1531
-4
-2537
-1160
-4583
2809
-2026
-1101
2448
2480
3443
3501
-1954
-2330
4739
4490
1972
4085
2579
-1363
3272
3422
3853
1254
2151
-1830
-1387
2578
-1495
-578
-4772
-2543
1246
3123
-4268
1027
2659
-4902
-3923
3315
-491
-2163
4210
-3966
-1503
991
-736
2332
-1805
1236
2772
136
248
629
2153
-2116
-2515
-4544
-2658
-2643
148
1399
-2638
-225
-2751
-2841
1922
1001
1041
4768
-2987
893
249
2977
3006
1887
-3642
2581
1567
-373
-1616
3817
-3463
4150
4883
1250
-693
4140
-3000
-3991
1666
3165
-2900
-591
274
2895
-2778
-72
-3369
4818
-4565
2244
-2497
4821
1744
3320
4470
4851
4616
-2707
7
-3909
4064
2824
-141
-2215
3453
-3375
-520
-225
-1380
1751
1957
-4604
-1241
-1846
398
-1975
-4365
2072
460
-3670
4404
505
-2245
116
-3384
3723
4135
-1324
-2979
2197
-4048
-725
1651
67
225
3257
-1907
-714
4080
-4918
-2697
3037
3030
-1661
929
-291
-2706
1344
1693
4843
-2390
1880
-2006
967
2768
-4762
-4790
-1247
-3799
-3190
2283
-4978
1424
1544
-4611
2516
213
-4195
809
2504
442
971
280
1036
-1904
-2537
-2931
3956
2785
-220
1014
2814
1770
3656
2554
-4424
-1062
-1041
1772
-631
2474
-1879
4303
3633
-1609
-382
-4867
-500
2060
-4905
3152
-1354
-3582
2861
-2772
738
2421
850
513
4851
-159
3926
2844
3946
285
357
4377
-2374
3431
-1597
-2988
-3435
2185
2892
1331
2654
-4866
3877
756
-83
1102
2872
1468
-1767
-572
1130
1090
-1458
-551
-2328
-2681
785
181
-2804
-1924
-4549
459
4396
-299
1098
4967
2641
-85
-3050
-4421
2544
1230
-4395
-4067
-2720
-725
-3785
-1365
4853
-1675
-1177
4525
1361
-2931
-3836
2572
777
-3091
-490
2669
1128
2640
1336
-3798
-117
3921
-4133
-3876
-2575
2272
4891
-1728
2740
-952
4830
3491
1137
3624
-3333
1264
696
3044
4794
-2467
1950
-2526
530
-3342
-3820
2709
3062
660
1118
-1879
3837
4737
-1315
1337
3579
4860
-1312
2971
-3956
2973
-3239
1533
-4468
-2995
-4830
-3780
-4095
-2105
4873
-4532
-3293
4816
2239
-4080
4733
-1210
987
39
-4352
-717
2720
-4430
4046
-1835
4000
-93
-339
2510
-802
3113
367
4249
455
-1575
2804
-2620
-1558
4808
-2010
-4574
3627
1690
-2864
4309
297
460
-3039
-3106
-3816
-2532
438
-1387
4394
2927
-1506
1652
3839
-3479
-4416
4936
2775
4172
3990
2204
-1831
-4349
4214
-434
-3894
3172
-4547
681
3627
3645
-140
86
-4620
2030
2681
3534
-3577
-4125
1398
-4225
-4823
-361
1160
-2021
497
14
3407
-4063
4508
3188
2891
-4221
-4906
2369
-21
305
4356
3294
751
3513
1012
2683
3048
-4579
-4881
-973
-1369
1192
2723
-3735
-2812
3248
-1674
839
-1829
1531
1244
4814
-4576
2411
-4121
911
-2624
-2595
4885
1079
2916
-2298
4097
-919
4778
-298
2139
-3112
-3626
-625
3083
245
490
-1153
-1318
298
1115
1556
-4006
-4993
2828
-4924
4476
909
3414
-4917
3114
-3476
-4866
1215
-1477
-4030
4632
-324
1442
1231
-3202
4409
-1123
4438
1722
3019
4158
-4850
-2330
1585
4783
-3993
303
3289
2922
-2313
4876
1767
-2877
-2411
3186
-4970
-124
1999
-1251
2151
-1260
4823
-1406
-72
4176
-2882
-3441
-228
-2595
-4269
1951
-3247
2104
-1524
-327
-560
2258
-632
-3984
4290
-1085
1473
512
4019
2588
3531
-1377
-266
4785
2650
-3969
378
-3235
700
2008
1362
-2678
2461
4166
2096
2116
2797
-4351
-1845
1564
-2831
-105
4339
1622
2356
503
-641
1548
-4859
1779
3224
1132
-157
-1323
4369
4053
-1347
1722
-3945
-3110
-3204
-2640
-632
2956
4284
-609
1722
4527
4555
2781
487
2037
1742
-3857
-2006
-300
-2631
4832
-1353
536
-4886
-1350
139
3155
4613
-2044
3312
-4151
-888
2422
-3805
1808
877
3864
2974
-2644
3567
811
4876
3496
2968
-513
