13649
4034
-468
4675
-1562
2447
204
-4631
-733
-1378
-3674
-3151
4876
2787
2114
4271
-690
-4614
-4236
1954
-1855
-1908
4931
2485
352
4671
-422
4930
-4420
3186
4709
-4602
-3789
2384
2148
3006
4612
707
4660
-2179
-2682
-620
-712
832
924
4269
-33
552
483
-286
1925
3704
2002
850
-582
-1053
-4296
3717
1200
-378
3675
3193
40
-3524
-965
-4599
1986
3305
719
-205
1541
-4953
-990
2411
-2479
2875
4422
-215
-3146
288
1094
3836
-2641
-1686
-4962
2585
-1420
-501
-1604
-4505
2240
-3397
-3526
1021
-2938
-2175
940
-3650
-501
-3607
-3230
433
-1201
2290
-4451
-3938
4436
3414
1548
-4208
-1600
1816
1785
1725
-2488
-4934
4596
-55
-2527
4120
-3857
4612
-288
3589
-4639
1828
752
3538
-4281
-3824
-3596
1617
-1561
-3288
-2845
900
1712
-2234
-2117
-1152
4808
2779
-3489
-4622
-3701
3593
-1366
3121
2790
-1049
-2573
4180
-1626
2647
-1090
1112
-553
-3324
-2752
-2630
-4388
1372
4817
-1138
3696
2803
-2131
2010
-4571
4563
1223
-4713
2638
4591
-2939
4037
2323
4267
-4992
-1414
-2838
1074
1475
-1841
-209
-193
-1871
-2715
-1175
1707
980
613
4282
-902
114
-2528
-899
-4217
-1969
631
-2385
533
3490
-1763
-1837
2504
-4597
-3126
-2461
234
-91
914
932
-4154
-946
-3295
-3617
-688
1115
3538
-4744
-4069
2935
-1508
4817
-1078
-728
1176
-1718
1065
2464
-946
-726
3158
-65
-336
-4994
2434
3951
80
689
4665
1050
-3854
255
2669
-342
1936
648
1669
-2204
-1627
-2577
4963
-1918
-3807
4752
1299
-2749
3060
-2389
-3856
1514
336
3118
4225
-1436
-4330
1013
-1322
109
-653
-1611
-1636
2551
-3282
4223
-4973
4438
-1063
-2590
4701
2827
2722
-2794
4817
2352
-2300
1376
-2511
4780
4994
-1737
3856
-4839
-3854
3137
-895
-4054
3592
-1480
419
1588
-1807
3389
1104
-1562
2970
3483
4566
3758
1122
4664
-957
1117
500
1780
-1412
3245
-442
-2166
-3577
-1469
3498
-2473
1451
2302
4694
1499
-3426
2849
-1341
-3290
1662
-2262
-4632
-212
-4393
3360
-1562
4688
-1469
-3113
-642
955
1551
4632
2275
4783
-4023
3052
818
3319
379
4085
-4720
-294
-2898
-1245
-3582
-1086
3528
-4356
-3893
2790
705
1979
3060
2394
-2050
3843
-3710
1525
-1153
-4131
4505
4101
2722
-120
-1546
-1686
2169
4289
2531
-3465
-1316
394
1732
-1902
23
3119
-2453
-948
-4858
2708
2245
1362
-2183
741
843
2956
-3950
-2337
-4674
2500
4804
2772
4760
-804
4659
-3759
899
1054
1979
2620
1733
-828
-1163
-1086
-1897
-2989
4632
-2668
-2834
4332
3585
1267
3127
-721
599
224
4257
1652
-501
1679
-4431
-3153
1334
233
-2753
2342
-4914
2965
1916
1198
1589
2954
3215
-783
-4737
2428
-3213
-3878
434
-951
-1709
4811
4154
-4321
-1175
4393
4296
3115
-4819
-616
4970
-4102
394
2335
-4402
3585
-1480
4865
-3688
-1918
-3506
-2687
-2423
-1969
-1688
-4992
-4791
4880
51
2985
-4806
-665
4687
-4009
-3736
787
1918
-1411
-2466
-3830
4600
2115
4768
66
-1073
4645
-2667
-767
-4545
1193
1556
-939
3299
-1243
1920
-4882
-3329
520
-4738
4864
-1515
-4639
531
-2921
-1528
2312
1961
-4878
-4882
-545
4845
1858
259
-3390
-4697
-197
3218
-4300
-2156
1418
2799
-878
4958
-1224
-4868
1180
2063
-2803
-1525
3526
1637
54
-3024
-1840
-188
-394
-4229
-1217
4325
2024
-4224
-10
3313
350
4932
2324
846
-1923
-703
1170
-4390
-3974
-2829
-4067
2308
-2416
1200
726
-2397
-1534
2665
-1094
-4685
-3419
4911
-1925
-1375
3604
-4046
-1231
4030
-2801
-1097
467
-2095
-450
-2421
3366
1799
1913
-1482
3832
-4197
-4545
-592
-1945
2688
-1892
-2833
-3945
1253
-983
-839
4038
2580
3585
-1757
4478
1410
-4664
349
-3684
-2472
-2043
-2108
-4042
-3392
3289
3346
3004
4794
4397
-23
949
-809
4562
-1896
-3367
3268
-14
928
-3063
3394
707
3293
2100
3492
2414
1218
424
4560
3998
4286
-2705
-3235
4727
-4226
2487
4712
2008
-1796
-1772
-2677
84
-205
-3644
497
-4283
-56
-1377
-1285
4918
3515
2450
999
793
183
2742
2073
-2504
3122
-2754
3097
1386
-2353
-1331
2435
4702
364
-4693
-3794
-2229
1390
1283
718
-4476
-4136
2358
4507
825
4053
1130
-4467
3324
4165
-4654
4608
619
-1133
4447
2904
-612
-3396
1910
-3447
-2062
-3460
-4196
1650
-3898
-3370
-718
-625
-333
2203
3768
-3557
-3703
160
2929
-2384
1778
3802
-1462
4452
-288
2005
-3280
3519
-1675
3469
-1152
-990
453
7
3739
-4452
587
677
-4922
-4478
3970
-3207
1332
2306
154
4545
-2200
-1581
1313
4243
-172
-1573
1970
-1104
1299
4136
3646
899
-226
2347
3835
1691
-1335
1258
3007
-3944
2509
-4470
901
-79
-1098
-2410
939
-718
-4125
-4591
3729
2456
-568
1466
2759
803
-1406
4073
-2393
-1472
1807
-3122
-1514
-1207
-3019
-4276
146
-4823
975
3037
-3426
664
3051
-136
2903
-4533
-3985
-990
36
1946
-2186
-1622
3835
4369
1468
3712
4240
-3677
1069
-627
-4461
4408
-525
2005
3624
1924
1645
-3176
-4499
-1115
3
-1693
-4555
-109
-2498
-1781
-4923
4409
4562
2785
-2893
-77
4981
-204
-1475
2970
-4154
-3694
1964
1030
-394
-3777
2423
3959
-4979
4617
776
-1453
-976
4205
699
3052
-4897
613
1538
-3556
366
-4368
1190
517
-4444
-557
4659
3704
-1907
3735
244
395
-3167
1440
1882
4290
3200
-4112
607
-4455
-1090
-4060
-2170
-2440
1437
2390
1509
3660
148
-3451
1425
-3732
3015
3949
-3373
384
4536
4463
798
-3888
-3090
-1021
4634
1572
-688
-4596
-151
-4509
3717
1359
-560
-3650
4552
2268
-189
3011
-874
-2410
4431
-4732
4904
-1052
-2739
-2251
4343
-1204
-3728
1425
480
-674
1930
1816
2169
-2695
-2929
-380
3209
270
-2977
-4796
2231
2633
-2796
-328
-1067
-2356
474
-4151
-4175
-4912
4338
-2433
1615
-198
2395
4965
-3739
254
-2816
770
4733
-3813
4297
-3855
2777
4373
1309
2433
3085
3067
-4578
2713
2177
-1756
392
4691
-4431
2529
-2414
-402
4044
2543
1973
-2020
725
-3575
-1885
4949
1453
3696
-1768
4337
-1468
1009
-582
15
1743
-2775
4736
-306
-2484
-3418
3890
13
4428
1956
-2463
64
-859
-2123
4330
2309
-5
-2403
2377
-4350
-1262
-1182
2024
343
2892
-2313
1677
1916
765
1041
-885
-3545
1151
-1618
-3413
-4600
-4693
-1386
1230
393
-3232
1872
4406
4610
4607
2845
1125
3009
-4672
2252
3335
-1844
414
1385
4310
4489
1581
-187
1157
4119
-887
-3412
2620
-768
-3052
1545
-4144
-909
1802
-4176
-3002
3882
3227
821
1048
2733
4664
-3506
3488
4992
-4765
3482
-4856
-4448
3545
3277
3176
3475
-3263
-558
1717
-2377
-603
3879
-497
2585
-3832
-2413
-3302
1783
-1507
-3249
4663
-343
-1759
-1414
-2131
-7
4249
4599
-1105
1211
788
-1762
-4101
2351
3974
1677
249
-4376
-3552
-913
-1812
1734
4440
4699
778
-3770
2180
-511
-1142
-4049
-4542
4780
931
1224
1198
-683
4056
2499
3397
-2317
2453
-4806
-4084
-250
-2236
2745
354
2778
-4965
-757
-2629
-4537
-1148
1513
235
-1654
3659
-1443
4443
2016
-2773
-1004
-1279
-2936
118
-1139
-16
3434
-3933
4922
3203
2316
-4840
4018
1535
-2558
3518
2429
-4295
4040
-4430
-1521
-3271
4853
-1884
4927
-1043
3448
-803
1056
-2780
0
-1496
569
-3976
-1523
-1659
3804
-3554
4883
-224
-2597
1617
2597
4581
-3639
-784
2812
-1835
-709
-2636
-293
-2838
-3811
-3320
-4520
335
1858
-3909
849
-2915
3302
2610
-3018
-3046
133
-3438
-4221
-95
-4485
-1831
-1804
-190
-3327
245
-10
-1380
1476
1751
2890
3526
-691
-545
-2210
-3249
3446
3869
2445
-3965
-1815
1941
2602
-3682
-3411
-3109
-832
-815
-1943
4565
727
1492
-4107
3771
4861
-781
2399
782
3137
-1711
2495
-2623
-4339
1007
-4713
1820
1047
-2482
-4287
-2559
-953
-972
-306
1541
-3645
1925
3700
2420
1530
342
-4460
-3827
-4035
2809
1298
-3919
-1763
431
-918
-384
-117
-2532
1106
-4235
4508
-174
-42
-558
-4303
-1758
2126
-3751
-2064
-1481
3815
1861
-1341
938
4847
4938
2818
-4632
2536
-3308
-4909
3901
-4859
-4035
-1900
4631
3179
-4477
2669
-1989
4895
4764
2642
3225
2392
-4650
-1305
-1562
872
-2207
-1293
-4293
-3192
281
162
538
4464
-1409
1601
-3050
-625
2141
-2899
-1095
-1979
424
-3629
1418
4313
-924
1301
4283
3960
-4038
-4763
-2099
3274
-2941
-2328
4520
-2773
-2088
2442
-2287
3104
-2321
3401
927
-753
-2086
4561
-456
-355
2582
199
231
2840
-3524
688
414
-3292
4866
-669
1990
-2145
-3962
2701
-4591
-3166
2995
-3146
4308
-1981
2123
-4523
3626
-2168
-857
4934
947
3122
1578
-2409
4164
4192
-2695
3420
379
-1331
-4389
-3620
799
3220
861
1642
-1804
-570
-396
-1679
1443
3614
4723
2732
1173
-3067
4949
-2676
-4294
4098
4270
-4200
-726
1155
-3178
690
-2369
82
2949
4491
3046
-2040
3719
11
927
-4224
-3540
4068
1797
-1595
-1690
784
3006
-2580
-608
2097
2628
4605
938
1570
-108
-3751
1131
-2414
4682
128
4882
-1826
-3280
931
-459
2157
3582
2192
3775
-869
1348
-554
1911
3358
2730
-1138
4134
3472
-911
-2413
2749
3871
1635
4937
1224
-531
-4485
-2787
-2717
-4510
1479
-3656
1431
-603
3939
2460
-1360
-4453
4794
4023
-3233
1395
-701
2505
-4410
-1748
-432
3637
885
-215
2862
2978
1657
-3412
-490
-3880
3892
2564
-3451
-4253
-3463
2792
1240
-2799
-2992
-2424
4260
4051
-1052
3882
-430
2866
-2696
-1422
-4471
-3645
1080
-2336
-884
-1899
-1160
2863
-529
1962
-4690
1696
2338
4585
-712
2259
784
-2381
-4551
-1445
3925
349
-4231
-1825
-4198
-4218
3630
3217
3670
-2565
579
4273
2159
2233
601
3360
-628
-1058
2806
-1721
1088
-4309
-82
-835
4818
1651
4605
1899
3140
-664
-4419
2692
2903
-4456
-3249
-4332
-3496
865
2314
-2644
3480
-4646
-4441
-2455
980
599
-880
-4663
-1835
-4844
-2401
-3757
3187
2566
1346
4458
2620
-4661
-1192
4123
-226
-2297
-947
-138
-3380
-3826
2635
3507
573
-2595
44
-3513
2666
-4657
1462
703
2553
3990
-1463
4076
-3556
3266
94
-753
1099
3021
-1934
-935
356
767
4627
245
2946
-4082
-1235
74
-1309
1849
-55
-1688
4126
-2038
-1710
-4082
-759
-2756
3230
-1212
2751
3719
-653
4709
-1610
-2809
3748
-342
-2027
-807
4422
-449
-711
-4463
1338
-4917
4100
1851
156
-3316
-4259
-1076
-3057
4231
-4173
-1533
1080
-4479
318
-2791
-2626
3699
-3486
-3267
1777
4864
292
4188
-1268
-704
-2555
1346
-439
-4968
3611
-1416
-2843
884
2454
2616
-3558
2006
-2839
1363
-2455
425
3125
-4135
2580
-152
-161
1862
3694
-1857
-352
4647
-85
4452
4376
-2470
1519
62
3305
-2665
-3601
1549
-3938
-1457
-2545
623
-3188
-1274
-564
1411
-4625
2871
1694
4193
-2104
452
1193
2959
2586
4011
-559
1870
-4152
1409
2277
-4560
-292
4163
1278
-938
4424
243
-1753
-2216
-1425
401
-3696
3854
-2086
4297
-4089
-3106
-1603
2204
4686
3715
1982
-4289
-3044
2178
3859
-639
1566
-4975
4830
3682
479
-1549
-4779
2867
-3477
-2884
216
-1003
-4411
4815
4462
399
3509
4314
4498
255
180
4751
600
-3859
2237
-4501
-1999
-545
-1641
-1073
-4135
-331
4992
573
-1757
-2998
1889
0
1862
-4418
1374
2651
-2545
-3198
3303
-2931
2346
672
-1774
-1863
3876
-1074
2257
3462
-3334
-2402
3926
3452
-2929
-2384
2562
2104
3820
2344
1080
-4027
-1081
3273
-169
4654
3715
4808
-2445
-4048
-4809
-2259
2842
-867
4984
-3599
-2569
2576
2548
-3255
-2026
3460
2408
-4208
-768
3835
-4891
3663
-1940
-4719
-1345
-2606
-4496
-3437
3755
-528
4579
2344
3158
-3803
-4844
-1732
-1660
-4947
3873
4885
3612
3992
-1580
-4571
-3136
-4867
-3590
-1358
-2628
4536
-4779
2286
1757
-632
474
-3656
3747
551
551
2919
-2915
3439
1919
1610
-3689
-1914
-150
-3340
850
-1143
4187
-3176
1433
166
4279
-2018
3165
-3095
1965
3947
-4729
4540
-1567
-1748
-1331
454
-2775
4856
-153
3403
2465
4714
4281
-3295
-1931
-4781
-3175
-4758
-1874
-636
-2216
-1768
-3895
3614
1064
2572
2669
4009
2549
-3105
1071
-1234
-2666
-4914
-976
-2952
-2495
3437
2424
-4610
-4375
-130
1542
-2608
874
-4748
-2340
-3703
-389
2033
3881
4351
-2548
365
-3341
-3408
-4038
-2773
158
3046
-2900
2243
-4334
2810
4865
-3538
2239
-2580
-1618
-3715
1917
-830
-3307
3473
-477
3178
201
1726
3628
800
4463
-1999
-2377
2562
-822
-4947
3510
-508
-2606
-3656
-2401
-3226
4111
2701
-3284
3929
-3671
2891
-2132
4115
-1107
2424
-4931
-1601
-656
-1042
-2947
-4598
-66
1436
946
-2587
-2572
715
-4109
2645
2590
-682
1070
-4550
1136
4803
1606
4223
-3293
-4645
-4302
193
2469
4664
4047
1270
-204
-341
4898
4485
4176
-4837
-2723
-1952
-521
-1115
4184
1818
494
-463
-662
-531
-4715
1768
-4195
-2905
-888
1899
1006
-1056
1171
-2516
-2116
4199
-1136
-3480
4218
2043
-1708
2469
1207
249
-49
-3156
1748
-1920
1879
1689
1009
-3999
129
4145
-4565
4565
541
4173
3395
-408
4401
2495
-1694
-4423
4634
-1542
3695
945
4911
4837
943
-734
1332
1119
53
4554
767
176
1990
4187
2651
2051
1641
3775
-4933
-1410
-2568
-1127
-3485
844
-1952
-2200
1060
799
-1053
-3332
-1400
-2707
-4319
-587
-69
3216
4892
1288
2669
-3194
-3383
79
920
4201
-3772
161
-1271
1186
-1312
1983
275
-1022
-3459
3227
-3807
-2570
-4996
-1621
906
1803
4903
-2888
4925
-2483
-176
4971
-1858
3458
-507
-556
-471
589
-2795
-2128
-4922
4542
1651
-350
-4335
-860
-2079
4426
3134
26
-1720
-2970
-3948
2383
372
-1242
1138
1341
-4592
-1952
-3129
154
-1284
1477
3581
-3209
4419
-532
-3823
-2125
-808
1515
-3760
-923
1304
294
55
-4235
-78
-3964
1466
-2031
2232
3342
-4818
1183
-4635
-3701
3926
-4817
4027
-3604
4819
3056
-400
2876
-4381
-2296
3544
-4481
-4621
-2900
468
-3498
-3828
2477
3191
3142
-4306
2499
-2507
2660
893
4010
1282
4285
211
-550
-4929
-671
-1293
-1459
-983
-1466
-910
-1347
-4559
-1747
772
-3197
3991
-3551
1707
-1981
-2189
-795
-1145
-4275
-1595
-1087
-728
-957
2064
-2256
-3288
1520
352
1423
-1296
-4464
622
-3032
-824
179
3239
1363
2141
272
4907
-1098
3802
-3200
-1553
-87
3458
3715
2376
-2662
1937
-2796
-2638
-2298
2225
-449
4832
-2118
-830
-1505
-255
-2352
-4950
191
-2642
-1698
838
-4775
-4053
549
-2080
-655
-1257
-2189
895
4807
3156
-3176
-1354
1330
-4337
-4792
-3500
-2084
-332
-2531
-2724
3784
1025
-2633
-1455
-1848
-3423
3156
-3988
-4503
-2376
1488
-4957
4876
-3617
-2279
-788
4703
-3904
2243
3651
276
-2088
-625
1593
2970
2676
-1870
3920
-4191
1867
-356
-849
1694
-2910
-1562
3029
-3450
4523
-1377
-1701
-4656
1753
-520
-995
924
-3324
-1433
-4584
-4559
3567
2818
-4111
2413
148
-4941
1899
4807
-1027
-3828
-1637
3892
4992
-1829
-2849
-918
110
2111
-3629
-1841
1412
-1693
-59
-4721
-4308
-1820
-383
-3504
-3342
-71
1876
4260
2201
-4782
1069
3989
-894
2542
1305
917
-854
2693
1226
-1053
510
-515
-1991
471
165
-430
-1640
2386
-889
2210
2450
-4181
-3823
986
-3076
-1807
3780
1704
-2743
2470
-2609
3250
4502
-1220
881
-4941
1036
-147
-1691
-697
4449
4896
4060
-392
-2426
-4593
4656
-4482
655
657
-1356
2444
-621
1672
3704
2585
-4328
2431
-738
4308
-4502
-1974
-3390
3107
-2142
1003
928
-698
1340
-4999
-451
941
-838
-1606
1388
236
-2213
4481
1991
407
-3535
-337
1529
-2152
-4874
269
4552
2352
-2950
-634
24
-1315
721
1564
3008
586
128
1255
-2726
-1217
1371
-3448
1947
-2707
-4971
4178
-3662
492
-1003
-4115
-3739
-1920
3830
-834
-4313
-45
-156
-4793
-1074
2011
-2893
-1750
-3618
4260
-1676
-4465
1335
2700
4938
3775
1525
-1614
-2257
2346
3119
4715
-3237
-2096
1798
721
522
2833
2551
-127
1277
4572
4167
4072
3873
4530
4900
668
4791
-3091
4423
3302
-900
-3072
-431
-1743
-905
3403
-602
3915
-1798
-2460
-644
1494
-2079
-2421
1103
4835
885
-2127
-3476
-1083
3777
3835
-3917
-3662
4064
4908
3863
-775
-3568
3104
-1550
-4212
-2742
-2021
-3969
1501
-572
1590
-4056
4718
2533
1512
-2407
-3957
629
-347
3671
3452
-2082
-498
4534
1778
-2740
-4431
-1390
-1943
-1058
-4235
4023
-1400
2626
-2512
-3753
2662
207
-3195
-557
-2586
-1067
-1723
-545
-1393
2234
431
3965
2507
-1377
3541
1376
407
-2311
-1095
490
-1274
1222
-257
1759
163
1638
3098
-1976
316
-3992
-3260
-1569
-243
-1793
4631
1300
-2408
-1956
3642
3392
-2897
-1189
-4251
2149
2645
583
4387
4601
4673
-3384
-3257
-4452
594
199
623
2220
3959
3458
1012
3789
-4998
2834
2047
-4910
318
1644
4763
4020
1213
-2378
2827
-242
2989
566
-4525
1031
4712
2146
430
4564
2683
-2784
3821
1419
-3304
4579
-3598
-49
560
1962
-2579
311
-1636
-3859
653
-2374
3120
3785
4686
-5
4504
-3685
-405
-683
4296
1860
206
-3304
-2357
-1459
-1190
1334
-1501
-4343
-3604
-4305
-4512
3774
-4933
4981
3018
4742
-4083
605
-4182
-2078
-2169
1428
-431
-3521
2047
1512
-4550
-787
-3551
-1130
-3277
-1280
-2137
-1414
3316
4566
-1764
-4630
-4692
-2918
51
1971
-2207
2963
1797
3842
-4910
4738
2529
2057
1172
-3622
-3119
805
-814
-1146
899
91
-164
905
1471
-2516
2147
-1418
2996
604
-4864
2339
-1426
-1721
-1033
-2474
4708
4491
1943
-3131
2195
1608
2123
3623
79
-965
-3310
-902
3649
3738
-2519
-50
3288
4896
1923
1029
-627
-4916
3835
2629
2982
-3341
-2602
-4918
4618
1108
-1564
-4792
-4522
-663
-2166
-488
1130
-3809
2101
2109
821
-4802
-1770
4156
-2377
1084
1425
4791
2
1879
-1766
-3975
3870
-1603
-386
1712
2386
-3566
-326
4391
-2947
-233
1242
3773
1452
-2432
1761
4205
-104
-2728
-742
-4987
3535
-1041
-401
1374
-3193
-345
4070
-4257
3610
917
-1951
-697
1078
-719
-1655
-1499
3162
3644
-190
-1897
-3349
4478
-728
4942
1023
3430
-2895
148
4294
-4708
-1579
-2287
4330
4372
2680
-262
-4187
-3215
3394
1523
949
96
-4437
4409
-148
3898
-3105
-4416
-3324
4860
-3909
3305
-1223
-3833
2562
-2481
-441
4705
-1331
-1553
-1694
1299
1287
-3433
2667
2119
-1621
-83
976
394
4489
-4229
-3656
-2484
3320
1513
1502
-4658
1520
2905
1923
-608
-284
-3839
614
3549
-4731
3101
-1674
-1434
-2856
-1422
507
630
1617
1417
-1736
-4166
893
-2141
3969
-1333
1386
-2696
-2433
-1023
-4417
-1643
-1310
4762
-4211
-1236
-2543
3822
-2235
898
3737
4415
2054
-1901
2139
-556
1058
1854
4
-1786
-2845
-4155
-4773
-1266
699
3117
-3948
-2879
4603
-1686
3199
4101
2582
4423
-3096
2400
-3471
1143
1272
-4190
-2042
2549
2860
967
-1137
4855
3793
-3205
4647
-4541
4047
987
-1166
4062
-3349
-4681
-83
-3220
4690
-3605
4517
3755
-4727
4433
2559
-3407
1204
4719
2214
-470
-1420
997
-2773
961
-188
-1080
-376
1887
-735
4243
-885
-2759
407
4529
4983
3833
1763
1246
3891
-846
674
4100
2304
-4808
-1484
3064
-2648
2379
4137
2814
-958
1002
-356
1809
-3124
-4167
-4482
1242
-2948
-1268
-4545
1297
2068
-3993
1370
-3013
-651
-1583
1019
-2520
-1424
583
50
-2952
1393
-3553
-3208
-4955
1994
-2706
-3977
536
1963
-3546
-1908
-2063
4106
-367
-1810
-3110
-2911
-64
-889
2181
2260
-4594
1919
-445
-3548
2495
600
1491
-4536
3704
-4127
4033
4150
4524
453
-4091
-1245
3839
47
-2926
1577
-2440
3664
-4805
106
-2702
-9
-839
4156
-3780
4274
-583
2502
-2690
-52
4117
-4860
-2129
1673
952
-2886
354
1984
255
-1022
4173
1130
-2291
2652
-2207
-288
-1671
-2580
-2653
4174
-3550
620
-4907
-1752
2917
-3744
36
29
-2451
-4582
1493
1634
-611
3998
-1354
-4710
1631
286
-4985
-2339
-4142
-4793
798
1143
-4379
1067
3610
-174
-261
834
-3524
-4194
-2677
-50
1078
348
102
-2274
4168
-968
2225
2063
64
1999
1845
2363
3833
754
-2783
-1182
-2220
-2950
4520
-4521
2102
1262
-1778
-4203
486
2881
-4572
1670
-2939
608
-1546
1195
-2254
-4797
3925
-313
-1875
-1108
-965
3775
-3863
3396
414
-2132
-18
-2192
1908
2781
-1002
-997
4551
552
2280
3981
2144
-1780
4011
1422
-2739
2217
-4603
766
-3621
-2044
-3433
3546
-3218
1844
3650
-3504
-2685
111
210
-236
-3050
27
-3048
-2267
-766
1368
380
2317
-2819
3605
-1273
-2244
-1780
-1711
1226
-1596
1041
-4536
4706
4515
3065
-3918
2713
-2736
-3688
-3783
1523
-662
-2257
-2001
620
-4125
2823
-1695
4125
-2473
2400
-495
3007
1439
3876
206
820
-2788
34
2907
-2856
3173
-2037
1900
-4458
3637
2468
-4920
-1966
2488
-1001
959
-4822
110
-3026
-3028
-2606
-466
-4899
1996
3977
778
1716
4224
2891
4908
102
-3370
974
4059
398
189
-2798
-4046
1175
-4677
3530
-1866
-4903
-2649
-953
-523
-565
-966
-2528
4914
-287
1068
1211
2278
-724
-651
-2815
829
574
-4291
582
-3544
-95
-202
-4070
357
-84
-4623
-2115
905
800
-4386
2185
-2453
-782
3200
-4458
608
-95
-2089
2698
-972
-4104
-2434
2858
-719
-3547
2049
-1152
-1665
-1893
2843
-4254
4489
4560
-4815
-3354
-3983
-4048
14
-4013
2739
-3083
-47
-1999
-1053
1244
4701
-2341
-4789
-3290
4943
-1756
412
4736
-379
-870
-4518
-928
2850
-3489
-941
1978
-573
2533
-2233
-2937
2471
-2023
4854
1326
1092
4541
2786
-635
-2242
1844
-673
-3852
2658
924
1261
3849
-1287
111
4059
-3634
-1462
2459
-2492
3299
-2066
3656
-4870
308
1697
-3965
-3942
-4540
-3994
-3947
-70
-509
2991
-3718
-2922
2603
-2434
4249
2199
-3890
-757
3660
-1427
-1401
3927
1313
4984
2382
4727
-4532
3090
-260
-2371
-2924
2531
1113
-3100
218
-4826
-1477
4552
-4257
-1111
-3462
-153
3728
-2088
-4410
-1221
834
2033
1299
4878
2070
3354
-244
-1811
-2145
-4567
-1612
-1322
-925
-4881
-3281
-2376
-3695
269
2638
3386
4518
3594
1075
4520
-2436
-686
268
-700
229
641
724
-3968
-4002
-836
4351
-1575
-4301
477
-2963
-165
495
884
817
2108
4156
3073
-4976
-3581
-1630
4955
4684
-4024
-4526
2573
1768
-1382
-3724
-4200
916
997
4209
-2030
-4570
-3538
1899
3405
-3779
-2294
-1221
-1220
701
4355
-817
-1325
-3217
-4654
2346
4519
275
195
-4840
748
3438
-1816
-2035
954
-2157
3232
4046
-4979
2064
196
-2279
2177
228
-1891
-4626
1987
-1238
2504
-2740
-3756
-3640
12
2033
-2815
4414
1290
4141
-4928
2283
-4255
926
-239
4786
-2089
-3674
536
558
4558
3851
4193
1824
-1558
1263
-2234
3296
774
-2736
-2149
2534
2959
229
-2813
3067
641
2047
-4791
-4637
-3479
-291
-4859
-1437
4531
-280
-2706
578
-1115
-4032
4705
-2193
-3469
3238
-1194
2868
1698
1070
-4932
-2592
944
1508
1238
-1432
-697
-1568
3753
-4708
4170
-3478
1586
-1932
-1779
-2566
1128
-4263
1216
1496
2333
1322
-3496
-377
4641
-630
-3681
-2889
1771
-3084
-3727
871
-4971
203
-1361
4508
-1381
-2468
4479
-1741
3221
3939
489
-2220
-3976
2890
3980
3633
1407
2029
-2609
3038
1161
3331
-921
-2672
-1614
964
-4912
3934
-3483
3563
-3234
-3282
4121
-4210
-3460
2488
630
627
-1818
-2958
4098
-3259
-1567
2424
2582
4315
-853
-4565
-4715
3565
2654
-2396
6
-2395
-1631
3476
4761
2538
1034
3451
-3772
-4878
-1187
-2961
-886
-4125
2552
2207
692
1928
2029
-1514
2099
1534
-833
-2437
4544
539
-192
-1920
3444
3990
3325
-3069
-1740
-2541
-1392
-4302
2518
3146
-2220
-2594
-829
4772
4041
970
150
-965
1830
714
780
4051
-2120
-3362
-1007
1621
1951
-3231
-1094
-4787
-1400
2768
2474
-1721
3802
-3993
2465
1166
539
-1167
-4495
-1419
-2540
-1414
3831
-3271
-1163
804
3668
2655
2593
569
4716
-84
3094
1457
4584
4604
-2820
-3827
-1856
3802
-2763
2474
-2713
165
-4277
3133
936
-324
-1050
-1161
-2088
3349
-1572
-1118
297
-329
-904
-2669
1839
-3649
4184
1686
-1151
1827
3646
3120
3905
-2692
4999
-3134
1784
-834
4301
387
2807
1628
-2550
-1984
-1365
4919
884
2991
-3494
4520
-1215
-3354
-1607
1976
832
1770
-4489
-1211
-4967
2001
-2253
-4547
803
-4593
4038
-893
-2761
1845
3469
4771
-1651
2499
-448
-4341
-779
-3319
-1887
2071
-1077
-4369
3507
1374
3978
2761
4210
4135
-159
-904
-1330
-2417
580
1461
3222
-680
-2439
-3776
2150
3859
3256
193
2104
-1347
3428
1058
-260
-2847
-2884
-3685
479
-3632
4002
2547
229
-2421
-1316
4454
-1868
-4025
1901
1212
3582
221
-316
3200
-1136
4291
4634
-1638
4201
-2797
2625
-3084
-1010
1327
-47
-4821
-1513
-136
-2310
-4847
-3234
-1221
1027
2689
791
4713
-4445
4404
1257
-1450
2547
1654
-2384
-1026
-3516
-1782
1839
3605
2773
-2239
-1213
-1336
2025
-2776
1420
-358
701
-3885
734
4952
3758
1899
-101
3834
-4825
-4466
-4879
-275
3863
-99
4034
-1781
2492
-1872
2734
-3092
1258
1928
-2336
4547
-1827
-2920
1495
3583
-174
3942
1015
2982
1315
402
-3072
3512
-582
3774
2240
1976
-4866
350
2121
1474
-3402
-3731
3445
3882
-4736
-3475
2853
360
-3674
1087
4105
2783
4416
-1430
-3811
703
2089
-1085
1625
3425
4910
924
3625
-1690
4778
-1590
3402
-2514
-3737
4383
1645
-4074
3640
-1487
3566
-3677
2063
144
548
-3219
-2375
-2291
-4680
-2358
4068
1903
-3497
924
2606
1182
1419
-440
-2220
-2905
-1096
775
2406
4024
105
2192
-95
-1671
3500
2171
2783
-3035
1213
4256
-3415
1591
2241
1730
-2170
-4478
-1560
3077
551
3952
3949
2138
-1050
597
-4655
3212
4502
-2606
4276
-1344
2048
-4759
-985
-2909
2284
3584
-2694
3255
4663
-2491
2584
-2432
-4287
4602
744
-1490
-3921
-135
1164
4334
-3357
-591
-4500
1159
-2772
2285
544
-777
1200
-4676
4421
1029
-4319
-1179
-2893
-4185
-4404
1568
1340
2762
-3723
-1638
-2852
-1138
3477
-2592
2952
-72
3593
-851
-2117
-2249
3003
412
-4179
1275
-4600
1617
-2558
-1197
31
3121
-1369
4036
-44
2171
-3381
-2467
-690
-3646
2709
4145
3774
4312
-3083
1500
3873
-1442
4058
1782
-4472
-2097
-2284
-2258
2406
384
-3340
1257
-4474
-1027
-2314
1068
876
2218
-2510
4818
-4181
-1738
-3185
-2890
4229
4475
-4229
-3465
-4503
71
499
4608
1450
3903
2615
503
-2413
-2327
4856
-2136
-454
-192
-3854
1104
-2277
-2326
151
-1579
1202
3690
-3830
4913
-1653
424
134
-485
-4818
3426
4015
-2545
1624
1900
2818
564
3372
-567
-3140
1077
3023
-54
-910
-1561
1166
660
-2968
-3370
-2525
-1574
4228
3655
87
3084
-1159
2532
1818
-4479
1629
-1382
2759
4804
4781
771
-1387
-2103
-1197
3264
-2081
4054
957
1073
-80
3209
-2573
2419
2194
-400
-1890
3705
1384
-332
1862
-1351
-1035
236
-3871
-842
-2355
-4345
-3210
4450
-4033
93
1031
-4795
-3296
-2244
581
-3965
1734
-2093
-1202
-801
-2715
629
-293
1306
2783
1938
-4291
-1984
-4436
-3163
-4115
1292
-2760
3416
4944
1285
3920
-3993
4102
2116
4870
-4902
-1038
-2275
-3822
-4833
-1675
607
3271
-4038
-3103
489
-2198
3575
-4788
2428
-408
-2099
-1878
3667
-4324
82
1621
4676
-1593
-2627
-3399
3599
34
-4604
3675
4186
-4143
-4248
-2318
-3432
2243
-2486
1948
2067
-4963
-2780
1831
775
4832
4295
2039
-1314
-3806
-376
1564
2027
4054
2576
-2902
3132
1635
-3808
2744
-2767
-4745
-532
4210
3201
-2706
-3747
-452
2573
-3402
4210
-3872
-1264
-28
2345
-943
-3186
1777
2237
2100
-607
3846
4341
1442
-4209
2931
-2394
3540
1913
1693
677
1017
2018
2926
-1564
-138
1693
-1643
-797
2955
396
-152
1798
4658
-4434
3440
-4141
1431
1994
4105
-1248
-2523
3624
-3717
-2812
2098
4021
-3743
3327
1630
3381
3056
4601
1331
1213
1236
4363
2762
-4022
-3360
-453
-4246
-1261
10
1274
-2762
-4780
2155
-1575
-3698
-4046
-2766
-2387
-2694
-4753
-1417
196
-3551
2498
-953
-19
525
839
3231
3337
-3839
-1757
3567
-3342
2146
1556
-3739
4537
-691
1485
4788
3942
-1511
-4489
-3143
-3648
-228
-1895
3689
-4825
-3763
-1178
-710
-1186
-723
-3328
4827
2724
-1275
-3552
-2101
-2117
1587
-3604
-515
-3096
-4260
-2262
2433
-3962
2121
-4973
-3823
1794
4082
-4914
2615
-4927
3697
1362
-3771
1541
84
-1638
4238
818
3201
-4381
-907
4890
-2962
1124
-727
575
2216
-3108
1982
-2737
-1699
2957
1116
-1391
2679
3654
93
854
-660
-4514
-1314
-2756
4468
-3741
700
-907
1067
-4541
-921
-2465
-3647
-2726
1125
-1630
-1755
-2723
2420
1080
-379
-4584
-2505
-1612
-4805
-653
3079
-4015
-4908
4764
468
1669
854
-1456
-4628
3109
-748
-2059
-1348
-1367
-3677
4188
-315
2622
877
-3811
-1411
758
-339
-4351
-960
-1292
-3771
-246
-565
-4271
-3552
-849
-1576
-1484
-2362
-2493
35
-2495
468
4846
-3765
-1903
-1864
1561
2105
-1190
-282
2451
-2031
-3765
-3319
-139
783
-2073
751
-3595
780
1470
3274
-3108
-1645
-4746
-4784
4608
-3657
-1303
4749
-3757
1895
1850
-836
-3126
-1707
880
1753
-2317
-1007
1679
3586
2882
-4374
3701
-623
-1974
-2697
1990
2518
-1578
4177
3590
-2134
-4154
-1581
-2358
-1839
1075
-3069
-3473
3048
-3915
1333
235
-2360
4343
812
-1839
3646
2235
1600
2153
-2375
3545
-3546
4769
-4502
-1292
-4526
-1769
4838
2464
1997
3037
-2203
4350
-4365
-1465
3080
-3794
1650
1290
4013
1682
4671
1988
1250
-2454
4179
-2833
-4359
-2699
4091
1508
-843
-1188
-1356
-4440
-3214
1661
-2769
126
-4175
-834
-4267
-1815
-2798
-991
3744
385
-1980
4213
669
-2502
-3015
3315
-4040
-1045
3527
4715
-1384
253
938
-2729
2413
4193
2725
973
969
-1425
4594
-1472
-1987
-1973
1525
-804
-4517
2513
-900
2362
326
1169
1050
476
-2036
-113
-3188
-2102
3424
-4506
-758
4576
-742
-4461
3088
881
-1549
2000
-3069
3381
-672
-2516
2091
-684
4806
-4305
4747
-457
2418
3717
-1553
-4934
-1489
-4489
4322
-700
-2616
117
-2876
-4908
-3575
-1015
-4529
-984
-3832
-472
-4909
4074
1686
600
4
2284
772
-1632
-3301
3291
838
1254
-3326
1331
1247
-1004
1602
-4844
4433
-4189
3014
3926
2093
-3179
-4941
4107
69
4441
1529
-3433
-2221
-1995
3987
-4703
3566
-3567
-107
-4528
1469
-84
-1620
3578
-2446
385
-353
-3050
3309
-4198
-4804
320
-1350
2676
4726
4675
-1203
2177
-2600
1837
-1016
1037
-1899
-1290
1225
2521
4904
2356
293
-90
4790
1149
1159
-4543
-3414
-2091
-4982
-3031
-3935
805
1342
-519
1799
1585
-4456
-1496
4168
4980
-3059
-763
559
-4392
4596
-3236
-1863
-4366
3722
4952
367
670
4930
2183
956
-3333
4127
4766
4692
-2004
-4307
-2516
3694
3356
-2177
-3592
-1056
3192
2554
2023
3652
4193
1490
-4490
213
1125
3318
-954
1346
2324
-4167
2668
-2918
587
2704
-3987
-2822
3150
-4819
-1206
726
-2072
1229
4439
-4615
1378
3650
-2827
-912
-4334
593
-388
1525
-1225
-2264
-1337
4005
-4226
-3266
4281
1218
1078
-2647
-2344
4705
-2648
3408
57
-4923
-2036
265
-3817
-1407
-2226
-1749
3249
-4806
1886
-1082
2557
-2743
-3510
1582
1797
3256
-1621
-1014
-4984
871
-2570
4330
-1167
-2898
3703
-816
1476
-4078
-3247
-4035
2520
2973
1681
-2874
-3493
-4572
2481
4259
-948
-1515
-4636
2941
1574
-511
-3477
-1547
-1042
-3346
-934
2770
4696
3621
-4822
-3400
-850
4159
3546
4948
-3330
-591
900
-2897
-4787
4494
501
-4391
-1015
298
-2192
1844
-4347
1731
-3288
-1790
-1461
-1490
-3843
-2711
346
3939
3089
349
2587
-1463
1150
-1707
-1533
-3458
3934
1037
360
-2125
4731
2168
4333
-3941
-4703
-1847
1216
3538
-3147
1031
-1902
-3485
4298
4967
-4235
1152
-3784
-3728
4694
2279
2930
1658
319
-219
725
-2721
-3746
-146
56
-4271
-1262
-2813
-592
-2013
2477
4923
-1456
-1946
-2369
445
-2323
-8
375
1221
4856
-1410
-2514
-4799
12
-2731
-115
-3052
4345
2077
2489
-2474
-4382
1901
-3750
2164
-1322
-935
1411
-897
-2248
-4049
-1477
1329
-432
3363
2797
-1783
3948
226
3071
-395
2358
-4144
-954
-1269
4699
1137
3337
-1543
565
612
3145
2730
-3061
2796
4341
2992
-1346
132
1775
-494
-1315
3548
-2884
1959
1505
-2564
-4968
-544
94
653
397
-2885
-3513
1458
-888
4085
1506
-457
-2523
-4705
-2540
1588
-1811
-3383
-2652
862
-3773
1103
-2772
-1792
-4289
690
193
-97
3676
-4737
-2391
2801
1585
-2661
4912
1207
1313
301
-4026
-1178
3763
2377
-4269
-4717
-1915
-3703
3045
-1688
1832
-2709
1756
-3669
4350
-3913
1693
-4447
2243
4218
1823
-2464
-3150
4432
3007
4733
-1572
-2376
-4064
-2642
1957
987
-1267
4041
3721
3763
-3825
4370
-2169
741
-4081
4172
-4271
-3767
-265
-725
-3090
-2537
1164
2841
3049
675
-4906
4406
3595
-2205
4551
1072
275
-2071
-2104
-1623
4879
-2349
3569
4910
3336
2038
2722
-2996
1681
1723
-4021
-4641
-567
1181
-435
3568
3542
-2877
824
2712
-1006
2657
2902
3716
2950
2462
2582
1518
-303
693
1993
4245
-3905
-1882
-2671
-2712
314
1952
-4324
-981
2483
1702
3136
4419
-4209
4786
165
1191
1148
-2773
3084
4237
-1243
4639
-848
3480
-4198
2977
4390
155
2216
2111
2709
2394
-4274
-3017
-4748
3405
4946
-4046
-1888
-1389
4433
202
-4902
-2832
1309
582
4379
2042
-845
2719
3119
562
-1913
-3431
-498
-916
-4713
-2235
187
-4084
2982
4986
1269
4112
710
-1457
-4014
-212
2413
-4217
369
-4569
4449
2168
987
4845
4035
-1574
-3271
-3107
-261
-2282
-3765
-1873
2801
4520
1732
-2179
-1145
4395
4
-3025
-4068
-2295
-1575
-4831
-3771
2461
-1598
-1198
-1142
4834
-372
3883
-2080
1715
3289
3822
-2453
2542
4825
-1145
1391
2782
1323
4142
-1382
1358
-2060
-225
-3676
220
-3506
4227
2839
2612
-1622
1641
-2711
-2695
-4758
4694
2041
2957
1116
28
2433
-2322
-2275
1368
1850
175
-2125
-4788
1677
908
2139
-2401
-1947
3816
-4277
2783
-3428
2466
2707
-4382
3085
1234
1662
4530
3531
2992
3017
-1627
-2148
1778
-4300
1487
-4440
-3711
-2046
-4990
-1713
3280
-2685
-4213
1298
-4367
2607
-3862
-2999
-549
3907
-17
-2544
1889
4856
-4949
-3587
-2430
-4307
2233
3349
-3348
-447
-544
3226
-681
2184
-3625
-2103
-4963
-794
-3974
3249
3252
-4500
1762
-2366
4886
4465
4402
832
816
4486
-3797
2829
-519
698
-334
2247
3045
-1579
1221
4486
-2855
4306
1908
-1522
-887
-2578
3512
633
-3696
-4199
150
4842
-1027
1517
-3624
-2182
1767
4411
3145
-3623
3681
3292
-1013
-4410
-2615
-3210
-4828
4258
4908
2233
-3095
4360
-1866
-3045
2312
823
992
2733
-2511
4600
-3633
4006
-1600
-814
-2112
-3337
-963
-784
630
-3244
-1437
-3779
1189
-3183
626
4488
-4347
-2247
-4182
-1246
4583
-3867
-4783
-2758
-1466
1259
-275
2730
-829
-3840
1303
3284
3998
799
-2844
-4044
3331
-3539
823
351
4609
-4621
-511
4007
-3186
-1
-4234
-4876
-3467
-1553
3331
-2262
286
3447
93
3132
-1348
-4555
-4388
1520
4048
-1931
2408
1964
4742
1453
-4363
427
5000
695
3693
-452
-1503
-3243
-1802
-4858
-3297
11
1904
3675
-3813
3157
1401
-2714
2695
-1342
610
2253
-43
-283
-2905
-4953
-4417
-170
463
-2743
2190
-4225
-2301
-2931
1382
30
1948
578
3101
-1286
-2833
2194
2265
-2310
1867
-3218
1710
2649
-4405
1513
-1573
-1085
-4305
-4006
404
-466
-1533
1917
-283
-2716
614
1456
285
-1427
1142
-3943
-1533
-673
3316
3664
2596
1510
3632
3491
-3601
549
-1020
3481
3049
4832
3846
-1529
-4363
-4865
4482
-982
-1151
2695
4915
3286
4584
2227
4441
140
3245
-2371
250
1631
1562
-2219
-2042
4347
-2279
2503
-3853
-860
-1840
-2884
2155
-1851
-855
-277
-4150
-1765
-2195
2001
4392
-2452
3745
-1292
3675
-3970
3514
-3199
-4938
-4998
4153
-3431
-522
-3237
-4697
-4798
-3048
-1856
-1157
3006
659
-2300
206
-4329
-122
4659
3103
-37
3189
2440
888
4156
-3023
2376
2471
-3746
-606
-4356
-1061
3803
1664
-659
4059
-3347
-1914
135
-4345
-2593
-2730
1103
-4941
-477
-1737
-2505
-3168
195
-3531
-4630
4573
-891
-137
-4034
2112
-665
-468
-4715
-4534
4299
2862
-2908
-22
-785
-891
1632
1504
1906
-1900
-3498
1028
-2439
791
-46
28
3132
-3143
118
2817
4308
3441
4829
-836
-864
-2483
-1895
-1693
-2339
2403
-4682
1310
504
1219
-3098
4711
-3305
-3911
-297
-2209
-1444
2621
829
4579
-555
1660
1512
2298
-4131
-3737
-2304
22
-3965
3608
-1451
4456
4039
4691
666
-4837
-1305
-107
-4780
2815
-1610
3688
2167
-4551
-2589
2110
4788
-1800
-4494
-3318
1529
4611
1210
-2866
-659
-3186
952
2624
-728
1665
3822
945
75
-3225
-4912
3898
-355
-1018
-1554
-1191
-4294
3762
-231
2207
1095
1958
-2976
-1865
-1549
2691
3688
2687
-4728
-2640
2532
-3364
-2441
-1582
-1824
-2301
-2371
1145
-1399
-2414
-3500
-3892
1873
3949
3016
1819
-265
3424
4834
3871
-3323
1465
-106
2471
1496
-1065
-3065
-2855
-1481
4943
1455
1491
3242
737
-3077
2559
-2319
-3896
-4032
-1344
1325
1229
-1420
4550
-4176
-1320
1214
2715
2347
3410
4012
3272
2262
-142
-3178
3776
-428
-4096
-511
1458
-4083
1399
387
4135
-1276
3114
-181
-4920
3714
-4267
-4461
-3249
4114
1511
-4621
-2651
2153
980
2374
2864
4592
1324
3294
3644
-2799
3432
-2019
-1660
3858
562
1918
2693
3582
4442
4980
-1389
3156
2259
221
4721
-3001
1415
3655
-3644
4920
3829
-1605
2544
912
-4701
-4519
497
703
1983
2308
3284
3590
-1984
-3250
3226
-109
-238
1071
1673
-2077
2578
3027
-3563
2751
1184
-3032
-984
1465
1583
2170
-598
4348
-3309
-2982
2115
-3319
-4379
3243
-1596
-620
3871
-406
-2958
189
3395
1352
3668
2243
-4967
3984
4074
-1893
130
1284
-3958
-3842
1354
1755
-2613
2907
-2574
4350
-2182
-484
-4347
3176
-1514
-4405
3546
2831
3732
1368
4711
-4925
-2612
3854
1451
4454
3160
1756
496
-880
3371
232
-2502
114
-1946
-3744
-1539
2386
3107
-225
-4652
-4739
-1702
1641
-855
3101
-4302
-119
1341
-479
4761
-4068
2593
2361
2190
-2834
3959
2512
1229
1454
1349
-4268
-3955
-3585
2999
-672
-4140
-4493
648
-1242
-839
-2483
-4607
4688
641
-1619
-1251
1444
3873
1963
-4648
-4406
-1855
1493
-1992
246
4933
-3326
-4746
-394
-4115
-2281
-3895
1106
-1326
4266
1761
-833
-469
-1872
-1120
2697
-3004
-2045
-4940
-2563
-2241
-551
-3408
4383
1086
3516
2634
1018
2353
-4350
3471
-1657
-1360
944
-4188
-454
407
159
1087
-3776
2883
-410
1901
4903
-1509
2621
-3293
2264
1797
48
1792
3850
1446
1172
1387
1619
2964
3896
990
1899
-2133
4724
3660
360
-4824
-4552
-789
4895
3018
3571
-4551
2577
643
-3447
2973
-3350
-1033
-1075
-733
179
1626
1549
4317
-1517
1826
-3743
3568
822
-569
690
286
1026
-3862
-2266
-2237
-2021
906
129
-3761
2921
-1934
-3958
-634
1701
-4642
551
-2634
4014
860
905
2017
-1255
-4100
3229
2550
1613
-3611
1562
-2800
-3647
-2792
-1799
-313
-1882
4173
-3341
-726
-3694
810
-4419
392
-1036
217
4278
-2513
4219
298
3817
152
-3208
-3772
-2609
2369
-1646
-2836
553
3933
-4685
-1766
-236
-4685
-3376
-2921
2758
-3435
1456
-4400
1699
-898
3214
-2045
4958
2633
-4134
1925
512
752
-1941
-4369
136
-2419
-1360
-1036
-1479
-4326
4917
1144
-815
-56
1915
1709
-2573
-2050
377
1673
-395
-67
1940
4355
2529
1225
-3498
-25
-4610
2355
3159
-1702
-1689
-4835
2679
2136
-4578
-1147
-517
4605
2086
-4495
3196
2167
-2556
-2241
611
4011
-3058
-2200
1242
2005
205
-1846
143
140
-3205
1556
1206
-3982
-4081
1648
-64
-3347
-2024
1332
1476
2648
4486
-1386
-1727
4882
4525
-4462
1971
-2146
2555
-2823
3729
-3039
-4095
3766
-78
369
-879
3066
4296
4970
-4569
4047
2157
940
-3275
4841
-2039
3470
-3069
-2733
1332
3197
-649
2059
2862
4733
-3016
-2526
-3801
4024
2271
4378
-3787
-3559
657
4859
-4673
-3182
4860
-2142
3278
3387
-2895
3047
1525
-4311
2827
-3211
-3372
4371
2378
-4238
3103
-2314
-4628
-1525
2490
-3361
2516
4422
1645
4392
-1804
-1607
-4430
-1190
2345
-4517
-964
-2138
-2062
2994
-2592
-3121
-4052
-3137
1799
4004
3284
-4642
2457
912
-3925
1400
-2817
1710
-3924
2814
-4481
-1193
-3906
-3243
-4677
-4349
420
3777
-403
3817
174
-1468
-3017
-362
2248
-2848
-1264
-2631
655
-3840
-2939
4934
1320
4929
-3888
-3176
-3295
2585
-4805
-2881
-3608
-2532
-3548
2691
4840
-3660
2789
3441
4370
-2293
3040
3197
-1259
-3513
-2670
-4339
3509
1972
4608
2853
-1407
3325
1147
-2173
-3742
798
-3481
653
-323
61
-875
470
2667
-2094
2810
4517
4219
412
908
3894
-3665
908
2633
-1981
-97
-2899
-2838
-25
-600
552
-3074
-2407
-3129
-3884
4566
-2907
2035
1064
489
3639
481
-459
1409
-2744
1171
2098
1266
3690
515
-215
2120
-1923
-4037
598
2747
-2492
3351
1836
-1375
-1974
4521
-5000
-3121
-3959
4574
3701
913
-4567
-3701
4695
-4198
4957
-2050
2038
2636
98
-109
-455
-3559
3204
927
959
2074
-359
2435
-4447
132
3814
2733
3534
-844
-3897
-3918
-1902
-1270
4181
2371
-1328
-2784
1701
173
-874
-1886
-3321
4777
-2058
1364
4222
818
-2912
2259
4722
3664
4851
1600
-895
-4543
-464
-647
2250
-3664
-3390
763
1856
952
-3548
-2366
-2427
-3012
3462
-965
-2111
3604
-4627
2616
1549
1180
-2194
-881
4891
3084
-1258
2144
1245
1183
-276
3781
1798
1066
-722
4417
-2572
-2620
-4326
-4446
3469
911
-932
3251
3695
-627
1088
318
-4720
-870
4123
1823
3620
-4497
886
-2132
-3690
-1683
2436
-2791
2426
-1840
1207
2704
4109
-3355
588
792
2178
4996
-2422
-2577
3282
-203
-2900
1342
3903
-344
-672
573
-3007
-3906
-1130
3264
-2813
-734
-3555
-325
1530
-2122
-3011
-121
-1617
3545
-128
4041
-3376
4502
2332
-1364
-2114
571
-2348
-2217
-1220
-2370
1689
-2604
2568
-3143
-4404
1200
-4747
-2263
3470
2859
4635
-3640
3690
4614
-236
-24
1823
-3176
-3569
-502
-3647
-1007
-4230
-3248
198
-2872
3456
-2005
-4467
1724
2110
-4313
2509
2049
-446
1994
-1086
4529
4254
2807
-2901
-1800
237
3731
1166
-2389
-98
1647
-1790
342
4114
-719
-2760
4809
-4381
2729
-3866
-4195
-4203
1356
2048
2468
-2686
2665
1300
-4477
3873
-2216
-2549
-3653
4108
-1556
-2056
1924
-3448
-1333
3435
1590
-1738
1373
2489
-581
3982
-1043
-597
1511
2133
207
4525
-775
-3969
-4034
-3895
3214
3821
3119
484
-431
3044
-3908
-2713
-3371
1538
2347
3485
-4791
-340
2224
-2304
-4950
1171
2103
-673
-2855
3531
959
-4449
769
-4394
2431
-3742
-1606
-4523
45
-387
-363
-2938
1244
3778
-2464
-3072
-572
-1957
-696
1312
-3080
-4737
4035
4062
4846
3543
-3820
-465
-4881
-4714
-4776
-4080
401
-1028
-3451
3485
-1956
1351
-4038
-3019
3320
2411
2266
-3201
1450
3737
2497
-137
-1328
-4743
4681
-4181
-856
3301
2184
3554
3041
2652
-2430
-1677
2787
-2894
4149
1571
1478
-1549
-3387
1083
-804
4995
-1608
-1234
4615
-4903
-1556
4429
-4855
-2185
3514
4995
-1706
1400
2901
2014
-1823
-3619
1415
891
3714
2534
3880
-1358
-1637
876
3109
2532
-1099
-672
-1170
3706
4409
-2987
1650
-4375
2222
-3535
2934
4561
1994
-4496
1404
-3249
2309
1293
3804
-4535
-2966
-4643
-3219
-577
4871
-2043
3509
820
-2139
4736
-2424
3996
-2262
2954
-3377
-4053
1180
-1575
-3248
-1158
-756
-4643
4193
-2843
-1712
428
-1745
-3023
2706
-4123
1087
-4637
-2225
4191
-2911
-509
-3789
-4235
126
273
1908
753
-1238
-2699
-3585
-1264
-3365
3240
2775
1211
3945
-1407
1894
4208
3069
3244
-704
3370
-1775
0
-3235
4626
-3352
2614
-4831
381
-3016
-2565
-1189
-4207
178
2638
1756
3483
2085
2078
-3328
-532
2295
4264
-1969
-2809
-3878
-831
-804
-3183
-1165
3454
-1679
-1763
140
2117
-1445
-242
2662
-2828
-4738
3441
969
-4714
3772
1802
-1472
4185
1413
-2838
3152
-2785
4641
-2045
-1690
3919
1325
-403
-3581
-720
3625
1904
-293
-2629
4418
-4985
-1035
-1427
-1962
-1638
-4611
-4924
3831
1806
2847
-3847
4565
-2238
-1390
-2604
-3312
105
-3238
-1571
895
-3453
1258
2949
3567
-1725
-4650
3505
3633
-3541
-988
372
-1141
-2397
3861
768
2067
-911
4692
-4022
-2049
4253
484
4653
-4877
3352
-2795
-225
599
3326
2712
3199
-2654
-1970
2997
1476
1541
-610
-4738
425
-3156
-3927
2645
-3725
1660
3881
-2961
4673
-1121
-778
4184
-1943
1188
-3050
-2487
-3852
-2108
-3415
-1771
-2454
-1657
-4249
-2760
1063
-3089
-1187
-714
1769
-1544
-3817
-2502
2156
2308
880
-281
4071
-4942
-2009
529
-787
-4181
4628
3970
2831
2183
-1336
-768
-4386
1814
274
4943
4721
-24
1396
-3104
-2068
4134
-3361
1810
3646
-4580
1661
-2774
1035
-2372
2927
-2267
681
-3534
980
-595
4556
-533
3041
-4417
2450
3464
221
-1795
1610
612
-3272
1186
3287
2415
-1814
2000
503
-1911
-823
-4568
-90
2554
138
4397
-869
-559
3279
-3043
1117
-1424
2516
2507
3967
-992
-2012
4305
-4657
2893
4511
3306
-2419
-668
383
3737
4313
-4755
-4266
-1098
1576
3481
-591
-1581
-2863
2249
-769
509
2825
-1184
4472
-1122
-3421
-2030
-1376
-4884
-1163
-2328
682
-78
3422
-2390
-577
3632
-2532
1805
2774
1258
-3340
-1298
4236
-1143
187
3521
4684
-1164
2877
-4931
-191
4287
983
4988
4974
1429
4829
-4837
623
1044
1625
2124
-4239
-4667
771
1799
-2443
-1663
-4962
-794
-1176
-2174
-4037
1967
-2088
-560
4369
1005
-3020
-2212
-1618
4558
-3297
-939
2332
1591
-4026
1969
-2190
2011
801
1150
297
-1205
141
-3606
3178
-3369
-4331
1229
4524
-4562
2042
-2183
4832
4118
1096
3894
-1197
-1326
4601
-3887
3707
-386
2497
3126
3822
3840
-110
3442
-3458
3764
-4878
1320
-4493
-2691
-1729
-2516
-1167
-3638
-3562
-309
-417
-2980
2016
2578
-4753
3116
1028
3979
-423
-4428
-4381
4486
347
-3813
-3402
3363
-4143
-859
-309
4115
-3803
-587
2228
-2337
4628
-4278
-197
3496
4603
1079
-3447
96
1137
2121
5000
3584
-2625
4929
2894
4125
-4467
-4691
-1717
1554
1150
3733
-4991
-1862
-2945
4987
122
4360
-1987
-3691
-1358
-38
4278
455
728
2263
127
2617
-949
4208
-1242
-1312
-385
-2006
-3240
-1525
-4707
-4545
1359
-2654
4151
-511
-2289
-3603
1448
-360
-4001
-1020
1421
754
3898
632
3111
-3895
4178
-1555
-2494
1181
-3646
2417
-4357
2521
4854
1681
18
-1312
602
3181
303
281
-3372
-3740
-2647
4658
-621
-4870
-4286
488
386
-1857
979
4571
1956
4270
-4306
-2899
-2439
-4142
-635
4470
-1979
2390
-1555
3971
-1020
-2507
1284
566
714
-4761
-4750
-2627
3104
4851
3737
4614
-2424
-3527
3125
430
-1113
1277
-1574
-2819
4331
-1304
2092
-2882
-3902
4533
-3317
-920
-1920
3942
-2891
-3578
3004
-2542
1949
-250
3082
3788
-202
53
-4160
2454
-1493
-2434
-3580
34
-4190
-4547
-1152
-3547
-2223
1630
2835
-2615
-4942
-364
-1490
814
2063
-3058
1997
4065
-3420
4608
-1326
609
521
-2090
737
-1453
-1753
3413
1201
3005
-4590
3939
-1599
-4665
2394
4578
221
511
-36
4882
861
3256
943
-1814
-3851
3671
-3569
-4832
4343
-2164
-193
-2441
-4641
-1796
932
-2478
723
-1408
-4438
2644
4052
-207
-654
-906
4686
-1758
-4096
4162
2336
-258
-2807
2989
1333
-3817
2882
891
4461
-2806
779
3811
-1891
-3949
-4512
-4658
914
-1086
3300
-430
537
3377
1771
2754
-824
2382
2619
-4848
-3380
4679
3779
3698
-2445
2193
1972
2848
-3006
-4498
2150
-2195
-3293
4968
462
3348
3136
-1064
1527
2916
1797
-2755
-3378
-3417
-4447
2162
4879
465
-2268
-677
2030
-795
-3211
-2895
3888
435
-4544
-3992
2141
-1019
681
1795
3632
-3557
74
-996
-2550
2035
1442
-243
4965
-2219
1192
1825
-2930
-1940
4447
-1260
-4129
1464
-2509
2885
-2478
-3574
1876
3267
1130
2504
-3238
-1991
-1889
4968
4510
-2089
-2230
-3225
-3030
3648
-3061
189
-1290
3779
4860
-1736
445
702
-3558
2082
4651
-4740
3059
2993
-3265
-1320
2984
2934
-4742
-2152
1019
163
1426
-2253
33
3691
-903
-1148
4158
2452
3647
825
-2070
-244
4450
151
3482
2195
-1923
-2527
-2212
-4202
687
60
-546
-3250
1554
2694
-4749
2398
-2531
-29
-4467
801
-710
-3506
637
-2955
3431
598
-4568
61
528
2012
3720
-1820
-3304
-2916
-1790
1709
-3007
-648
-184
-3486
228
-2080
4742
-1945
-934
-1963
-4251
3279
-2083
-1007
-4077
-2761
-3140
601
2759
855
-4187
-284
-2214
2684
-3801
-3324
-4274
1262
855
4822
-643
-901
-4255
399
2762
-4262
4300
-1048
1720
1914
-562
267
3708
-4899
-1754
2195
172
4843
-4601
-300
-4744
1692
-2021
613
-392
-1709
1687
-769
1844
1530
-697
3016
-2633
-502
-4914
-543
-1244
3032
2540
-4652
1253
-177
-904
-642
-4030
-3174
1874
2792
-2028
2672
-4876
2156
4631
3014
-637
-4313
-227
102
1541
4735
-4247
-4811
3673
854
-3729
-357
2402
3383
2317
681
-1902
-3148
-4301
-314
3719
1509
-1786
1596
2911
-4764
3916
503
-2249
4135
-1147
-2976
40
-2505
1647
-2418
2025
4593
-1984
3174
-688
2370
-2862
4235
3968
-3486
-4673
47
-2507
2913
640
2509
-4312
-3613
-4668
-805
4572
758
2279
-1141
4171
-3495
-1110
3224
2853
264
-239
-1017
-4229
-4967
4644
-4829
2893
-2501
-3115
3401
3591
228
2243
4574
-3801
3004
-4408
-4146
2262
-4074
-658
3676
1268
-1951
4468
-86
2059
-2679
-437
-3925
-784
-4431
1112
1717
-3850
-2238
-4576
636
73
-2776
1835
4703
2395
-1774
-3659
4320
3528
2071
-1470
227
-3055
-61
-1908
1786
-145
-1242
1508
-4732
-4259
3304
-4252
-251
-1992
264
3426
-417
-355
226
2290
4168
-4426
4533
2316
-3145
-3459
3477
4137
5000
1078
4450
-3483
33
2530
1874
-487
-1071
662
-4898
-1546
-3824
-2079
1905
-882
-4632
3639
-870
-20
-917
794
4036
-2545
3491
3844
1893
-2499
2483
-2334
2019
1556
-3421
2423
2816
-2918
2793
-4861
-2731
928
-3354
-2389
3638
-830
-1973
-3788
-3535
2531
1561
2970
452
944
615
4487
1146
214
-4985
-363
3712
1149
28
-3813
-790
2688
-4734
2393
4223
-452
-1225
-4190
-3230
2843
261
-532
2769
-26
368
1244
-3945
-1506
3600
-1880
-1460
3254
-922
-2861
463
595
1135
-3170
1381
2094
-2210
3930
3622
278
3173
-836
-4924
-4898
-4940
-1488
-4758
2396
1553
-4621
4228
-1978
655
-3139
-50
2086
609
980
-1220
3735
2301
149
2570
3341
-482
3801
-1178
1343
4011
1645
1934
4343
-4232
1102
-3077
3671
2368
2576
2394
3891
851
961
580
2330
-515
-4156
2510
-2334
3727
-3329
4088
-4625
-3444
-826
98
-1509
1408
1822
-1199
4233
3422
-1194
4584
2393
-2153
2139
-3223
1199
59
4547
1060
3376
3824
1728
1100
-4838
-2732
-2079
1774
3590
458
-2669
-2342
648
-387
1565
4511
-1899
2888
-831
-1706
3005
4650
1985
2750
-2822
673
3551
1397
-768
1909
-3869
-4644
-1545
1931
875
394
-2824
4360
3892
-4116
-3963
-2601
-3725
1897
3788
4359
3208
73
2592
-2412
-4107
-259
3180
-3566
-487
-421
-4965
4150
2677
-4132
-2562
-3506
1765
-180
468
-2429
1387
-2497
-3031
-2350
-202
-4930
2240
-1009
3439
2521
-3964
1677
134
-361
-4701
1900
-4599
2378
-1703
-4706
3041
4209
4510
689
653
-192
1578
2789
290
917
1686
-4508
2184
-2317
3358
-2662
781
-2336
-4364
-3591
4775
-4035
1794
-1587
-3130
3538
-2642
-2221
3255
-3749
165
4283
1843
-3430
804
999
4003
-735
-4752
-171
1495
1466
4000
2331
-1685
1689
810
3816
-3844
-2054
1424
3533
-1297
1100
3113
-3470
-3802
-4299
1650
-4936
4372
3417
1007
1359
-660
3644
139
-4655
1391
-2263
866
4773
4566
-3202
2866
-4146
877
-414
-3812
-2340
2348
4235
-2682
2167
3676
2180
3452
2660
2869
1677
-1068
3476
1821
-3238
-590
1750
-2707
-3823
-1734
-978
3201
-1652
3948
-1355
-2571
4410
3845
-1999
-2482
4892
-1335
414
-2893
3327
2126
2789
-3759
-2027
1048
-2780
-1878
400
-2209
3984
1177
2382
1312
-4212
-1138
-4513
-1374
4115
2761
-4592
4363
-2118
429
396
-568
2805
-1412
326
3469
3344
-4542
1552
340
-2430
311
1581
1429
-509
-635
3889
2783
3632
1031
-3313
-876
301
163
-2735
-3941
-1534
2666
-4866
-1101
-2044
3678
2376
-4385
-1769
-4707
2076
3712
1657
462
-2515
-4459
-4247
-1003
3529
-663
-1035
2420
4253
-2260
74
3993
1888
3778
225
4723
4169
-1458
-608
1878
2372
4702
1571
-2371
-1280
-4602
4469
-4010
-2126
2730
3457
-4925
-706
-1999
-867
-960
184
-409
-4454
-2507
3223
-3664
-870
4378
-1532
2790
3582
1099
4444
1825
2982
4229
-176
-1464
1720
997
2253
3769
-785
-2309
-3489
-1946
-1211
2435
1784
245
-2304
-2589
922
826
-3614
-1515
3539
-2052
1334
4269
3396
-2504
-2220
1681
-1431
-1913
-4900
3417
1307
-3402
287
-1182
-4820
-695
-3768
2103
-3166
612
-2980
-3124
3876
-682
-32
-548
2213
2312
318
-1356
2223
-4189
432
-3476
5
198
1765
-1248
-3999
-1682
298
-3119
3033
-3331
3107
-1434
1620
2065
-2640
-1427
-2813
-56
-459
2980
-3148
-3187
3084
2889
519
4357
-2875
4663
2564
-4876
910
4073
2812
477
2113
4376
3086
3270
2664
-4654
-4897
1582
-1950
-3799
-3092
1155
3339
3185
725
3006
-2236
2120
-659
-2206
-2223
4997
-1356
-3524
1937
2370
-3245
4198
3048
-1821
-3351
2887
-1556
-2973
-1272
-4367
4972
1321
-2210
3384
-4632
4708
1590
-235
-568
2038
-2824
752
-1163
-4473
-3605
1550
1932
368
-3181
1578
-1476
-4165
2724
3160
2619
-3437
2299
742
2442
3410
-4302
-4192
4166
1413
4020
-220
4257
4007
-1119
4605
2081
4251
-1696
-3303
4782
-2501
2927
1177
4542
471
4921
-23
-4927
4836
4143
2207
-1469
3051
-967
-2700
1870
1681
3552
-3520
3426
4030
3279
3529
2645
2895
1227
-1275
3671
-2166
-4207
-4187
-2647
-4791
-2184
3802
222
-1970
-4312
-4086
-2275
-2287
-3586
793
2177
-3585
-164
4568
-4669
-4547
4367
-129
3226
-1507
-177
3292
-3586
4863
-4439
-1615
-3261
-2690
-843
-176
-1334
3358
-4131
3872
-1681
3220
-2405
-4944
3158
-525
2864
-4637
-2413
-3308
-3114
3352
-2008
786
3427
1365
4587
4581
2636
4770
-4702
4915
-2837
365
-1499
-2959
127
-3428
-2976
156
-1987
-4657
-187
-1334
-1067
-2454
-2983
-4094
-661
-1959
-2149
-159
1089
-710
-4782
-611
3077
3859
-2437
3875
-2924
2699
4043
1410
-2227
2352
3989
-3888
535
-946
3424
-1374
-4144
4402
919
-747
753
566
2943
4210
-3177
-736
165
2599
3701
3658
4913
-2002
4493
-4421
59
-2716
-707
3412
1902
-3863
-1562
2834
723
-3268
-4044
391
-4585
445
2607
-3835
1039
2075
3446
-1726
-45
-2359
233
4819
-2991
748
-4909
4641
-1109
-1121
128
1890
-4386
634
-3137
-3729
1789
-397
-315
3577
-4326
4065
538
1091
3977
-967
-1197
-3180
-1089
889
4183
864
-292
4453
2848
-1974
-4598
2360
-2821
-150
138
2064
-1363
-4302
-3699
2265
-4497
4250
-3216
-492
-696
4572
4060
-4804
4487
4782
-77
1431
595
-120
-224
4589
-2249
311
-4000
63
1263
-69
3210
4276
-297
-3829
3200
439
-1728
3527
1264
-3158
-2230
-3223
1883
-832
-2820
-806
1026
-591
-4473
-2846
-1946
4652
4661
2659
-909
-522
-2452
-2592
-4749
3499
2172
1471
-1373
-688
2465
-1490
-3930
3439
-2207
784
-1505
-2622
296
4745
3821
-3043
1525
-676
-2644
-858
-4820
306
317
1923
-3907
2544
3288
4944
-1330
-3071
-1560
-3782
2076
-3984
983
-2296
1738
1369
-2242
-3389
-2843
992
744
-4582
-3418
1629
-4139
-48
426
-4833
2034
1095
2757
1889
-3151
3255
2655
719
-234
-797
-931
-4179
2297
-534
1906
4775
-3136
-3405
3813
267
4627
-3700
-4385
4262
-651
-2200
2727
-4557
2422
-1449
-2547
-965
-2828
-1532
252
3122
2442
2814
3419
1413
2703
3229
277
4125
-2618
-4156
-2692
2310
3417
-976
2932
2355
3312
-2635
2437
-3215
-765
1742
-4833
649
-3728
173
-2273
-2190
-1511
2129
-2663
-1495
-4346
-1843
-3022
-3825
4871
-349
3959
396
3104
2133
-2456
-1202
3919
4798
2745
4518
-2248
3180
-358
-4877
1806
-142
-2982
-171
-55
1659
-3362
-485
-203
3663
4099
-1440
-2245
-803
3483
779
3575
3158
1508
4886
3449
-2403
-1659
3457
3769
2465
-2479
759
91
-4427
-7
1701
3030
-3640
1273
2386
-2959
-92
1269
-2540
-4284
2443
523
959
3112
-383
-2348
1927
4035
-3820
1354
1874
2261
-3302
-3312
-569
-4717
4059
470
-943
3852
464
1699
2743
4084
-336
3460
4883
2570
81
-3735
-2377
-963
-4740
2202
2270
-2207
-4445
3812
-659
-2776
3815
3797
1270
-4581
-921
-3003
2361
-3607
2669
-1054
-1643
-3609
4621
-2480
2682
3177
-4590
901
-4220
-784
-4804
-2157
4908
-2812
-1394
2671
453
-4262
-1720
4056
1782
1375
-1944
-4702
4573
-4497
-2026
-2189
1623
2101
-1941
1967
-3475
3240
2445
1763
1143
-4282
-3497
-4327
4619
1369
4190
-657
-1156
-2716
4396
1633
3123
3819
-3085
1518
-1177
-3806
176
-2190
329
-2154
-3525
-1288
4650
4551
1997
-4365
-2721
3135
4178
2369
2433
-1080
-3649
-4111
-3132
4267
-1739
-2061
-887
-117
4753
-1419
484
3730
-1158
3972
1601
-1418
-3618
2435
4119
-4696
3714
2761
4604
-1640
-525
1213
3919
-12
-2870
3357
2612
1121
-1930
2078
-706
-3878
367
141
-4687
4199
4364
-4586
3478
-2404
-544
-3580
1778
-2667
3612
1067
-4203
2064
-582
3596
-660
1283
1361
2424
1972
-2836
4777
-3034
2032
4733
654
969
1671
-2570
-3003
4626
-340
-4540
4203
2047
-2664
-1406
750
1901
-1487
2076
424
-4225
1828
-1928
2945
-2428
-1280
3672
-2138
4889
-2434
1566
2118
-2545
4068
-1240
1205
-786
-4334
-4634
-1375
2888
161
-4375
-2877
-2696
2193
-1955
4871
3111
4390
-4214
4497
4597
2657
2915
-1879
2402
-2198
4675
-1289
2960
862
1679
-4106
2261
174
636
-2994
4665
4274
2879
2221
-4753
-4044
-4634
3667
-4290
1388
-169
-819
4342
-4009
-3798
-635
4920
-4872
2695
3164
-4818
-180
-792
-3523
3935
-4526
4853
-1994
4313
-4861
2823
-1220
3948
-3931
3518
1096
2150
-549
-4709
4245
-151
1244
1535
-422
-4972
2997
-517
-2247
-4130
-2904
1655
-4789
3991
-1997
-4722
-1733
2951
162
3478
2288
2884
-3270
4311
-2750
-2152
-646
-236
2727
-1973
-1212
-1129
2933
3831
-4383
400
-4342
813
-2897
1044
3017
4602
3927
-4873
2113
2500
3182
4406
-1186
-4882
-3125
-4814
-4861
-1672
-2593
-1669
4708
3613
351
128
-4327
1826
4474
4505
4445
3452
4634
4697
4281
-2194
-821
-2222
-2321
-2432
-49
-3263
-3516
-3276
-4504
4431
1940
4303
-2376
-1210
182
-118
4892
56
-963
181
-111
658
2509
-4478
3051
-2297
1788
-3949
-818
-2088
-1002
4788
-45
3931
-2112
-255
-4716
3745
-2401
4230
3746
3299
-2150
-1538
-519
-2179
747
4956
-4442
-3709
4677
-2559
-3213
4460
500
-3677
4255
-1835
-4970
-3277
-2162
-4424
2116
-4984
-2232
-4599
2558
-1496
4069
-1914
2735
4948
2984
-4810
719
-1601
291
-511
-2273
4388
4698
-2636
1219
-4334
4109
-1359
3190
-2540
391
-925
3214
876
1198
1349
-26
2185
-4195
-2952
326
3371
2039
-1230
2457
970
-3910
2433
1153
1387
-1523
-560
4276
1760
4621
336
-4134
1430
674
963
-1902
1496
-1115
-4472
-3912
3806
-4407
-349
-3339
2214
-3207
2918
3884
3100
1932
-1178
-3498
3051
-1051
2405
-3164
295
-702
1277
1377
3166
-3413
3135
2244
819
-4703
1284
-4761
-1250
-3863
-3623
2321
-3425
-2905
3957
-582
-3755
3012
-3391
4903
-154
1130
-3256
-4737
2721
-2289
2703
1116
4602
-4238
1907
-105
-3729
1307
-4097
-3638
3049
576
2855
-4932
-3127
1237
-4431
-2701
2393
3556
363
-3081
-2721
-2632
-3319
-224
750
1244
1761
-88
3098
67
-3033
-4758
476
-2694
-3389
-4078
-1965
-3488
-3769
4841
-470
2062
-3438
-3389
4492
-3388
1238
1782
-1392
-3974
364
901
-2252
1229
471
-2396
353
756
4043
-3273
4763
-1143
-4876
1371
-3413
840
3324
998
-4348
2833
-2461
3458
3012
-4225
-3496
-4571
-4120
-488
-1449
4506
-3741
-3849
3865
-2221
3480
-1917
4902
-496
4033
3953
1221
4391
-4015
-633
-4442
-2342
-1318
4002
187
-2643
4048
-4248
4708
-2837
-705
3980
4676
4176
-4154
2035
393
4154
2999
3229
976
-1830
-3631
-352
519
4519
-2573
-2183
2643
-1061
-2484
1962
2783
-2172
3914
3014
-157
4408
4433
286
-1923
2064
-1254
4404
-745
-2892
4215
3515
-2095
-3519
-2408
-2697
1773
-3993
-635
-613
4258
-188
-4741
2418
-414
-2895
595
680
742
2473
-993
870
2638
-4754
-2213
-197
-1264
2936
-4210
-753
3854
409
-360
1533
-4511
749
60
1421
3556
1183
2629
2743
2432
957
-1724
-2034
1128
-3455
-3893
-4191
3305
-2998
-4114
-66
-4145
-2832
-436
2828
-184
807
383
-1929
1764
-745
249
-29
212
-874
-78
4818
-3091
1278
1790
-4146
-3100
-1469
-4305
-3759
2866
2071
-3377
4014
-1567
-2291
4878
-3929
-1951
2753
4525
-3913
-797
4142
3034
3296
1093
-3475
-2616
1514
1573
1960
-72
-189
2910
2718
913
1000
-464
774
-2153
2050
3818
979
3901
4435
-3383
-4910
-1555
4186
4932
1149
2744
1873
-4326
4559
668
2298
-2222
4161
3342
-1235
-2515
2106
3070
-2127
-1443
-3727
3060
-3174
-4779
-4317
-2256
-490
-3673
2642
-4384
-4812
-2079
2160
-2194
-912
3909
-4331
-2951
-4802
3738
-2759
-1406
-4025
2254
219
2743
541
-2255
3347
2562
4239
-1949
4493
-553
3755
-1020
-3730
1397
-1123
3854
-1618
1303
4665
-1787
-647
547
-3779
2071
2633
3629
2593
1804
-4802
3267
-3940
2274
-916
1565
2151
-1386
-206
-2036
3700
3085
1102
2268
-3956
-2956
864
695
-3671
-3907
-1801
4669
-3436
3397
-3349
-4762
2906
3280
-4676
3534
-3489
-4140
-1815
-1229
-782
-731
2259
-3312
3006
-1090
-662
417
3454
-270
3179
1804
3729
-4615
2413
2401
-849
-1863
1167
3246
4758
-3479
4215
4727
-1697
-4583
-4303
1983
2624
2554
2076
4696
-3141
-2626
770
4253
3081
-4323
-1763
4312
4081
-4147
-2036
-4650
4484
-2093
1068
-1738
-1265
-717
-4239
-1624
2197
895
3264
1924
-3841
-2010
67
-2386
-4819
2906
-4342
2309
441
-1420
-2793
-1759
-1444
3882
864
1787
-1141
1652
134
-3825
3880
-2091
-3945
3295
2498
-728
4762
-1910
2438
-3773
-4667
-1150
1231
-4155
-4398
-1353
-1764
-2159
2044
55
320
2149
4164
1859
-1491
-635
144
4012
-207
-2043
-3186
-486
471
822
-518
1355
4367
861
-1112
-892
-2313
-1545
4963
2937
-1775
-711
2654
-3560
-4753
-3402
-3417
-3826
-560
-4440
-1525
4118
3442
858
1076
864
-1317
-1855
1361
-2822
3448
1239
-4540
588
2174
-2110
-4183
1679
2417
994
4303
4061
2218
-1473
-4447
-3280
2761
4602
-3183
-911
-3109
4113
910
-1027
912
266
-3972
-1488
-1054
-4982
251
1068
3896
-63
-4414
2178
-675
-473
-3246
206
1323
382
-1302
-1798
-988
-1385
900
4721
-818
3876
3330
-4770
1263
-4640
3174
-2563
3709
2248
4077
-2322
-4131
1782
2814
4867
-1975
3390
2953
-1895
1706
1200
-1827
4075
2170
-3853
4933
-994
-505
-2472
-1777
-2958
2770
4255
-3552
4994
1194
-2889
4743
2105
-3887
-756
4561
742
2918
516
-3598
-4578
-411
946
-881
-449
3038
3897
-3383
-2928
1016
762
-1538
361
-2702
-3645
-2583
4385
-2354
365
1911
1743
652
2194
470
-3987
-192
4287
-1665
-3221
462
1638
-4904
-1895
1867
4984
-4132
-4439
3442
-1832
775
-3445
2488
3071
-1874
3831
4434
-3025
-3771
3092
288
2644
1273
228
-37
4132
-3914
-2146
3034
-4540
131
4016
1621
4421
-4281
533
1677
3691
-1316
3359
843
690
3697
865
1596
1062
2166
-4379
-2112
-4120
-4379
-1896
4260
4715
4621
3132
397
-3372
-897
2711
-3625
3703
-2206
-2825
3128
3876
-2216
3017
-1980
-1932
4355
-3241
2
-1844
3420
3487
727
-450
1154
2015
-409
-1114
-4106
-1635
56
1751
-3025
4290
-4665
-3844
4280
2978
-358
996
2244
-4413
-985
3126
-3986
-1945
-1993
2424
1359
1108
-4763
2157
-955
4588
1730
4588
-4005
-4723
1554
2855
-4130
4483
3748
-3681
1516
-4057
4221
4732
-1681
338
343
3572
2037
-2076
-810
3649
-2456
-3444
-2027
-4631
3619
1200
-172
1738
-2336
4088
3338
-1298
-3274
-1830
374
544
1652
-221
-768
-3702
4055
4251
-1970
2010
4637
-4105
1679
-2803
3059
-1039
3532
-2819
-4206
2283
-3624
-2686
3319
-2148
-1532
3704
-607
4315
-1818
1609
-3641
-3111
1361
-2868
546
-4221
-632
-1118
4024
1078
1735
3974
2839
-4270
3200
-652
-1571
4615
-623
-1411
3549
31
4486
4265
1029
-2172
-1293
1634
4946
-4958
-249
-2009
3847
-4092
-4252
-4666
1093
-2960
-4224
-3437
2577
3869
1255
-4912
4742
-1080
-2316
350
2534
-884
-3102
-677
-596
-3766
2017
1488
-4177
-2722
-1729
354
-89
-2649
394
-2709
1749
4513
-3689
-3275
-3320
4484
-4906
365
1491
678
3544
3980
2693
388
3846
2682
3147
-845
591
-1040
-3214
-1570
-189
4149
-1407
353
-573
67
-3934
-2829
-414
154
3527
-3961
534
-3729
-3758
-1127
3371
3379
-2039
-1683
-4705
68
721
-296
2082
1807
-3524
-468
-1819
4904
-1670
617
-3151
-4016
-4612
1532
-4232
3329
-2702
4803
-3451
-4126
-3670
-1432
-913
-2285
3617
-828
4320
-3527
-4743
1742
-77
-459
475
-4490
-3790
1505
-4621
2847
517
2115
2071
-76
-4052
-4207
-1821
-1266
4091
2743
675
3518
1628
206
-668
-4497
-4659
-1363
2158
4973
-3503
4237
-4581
1389
-3666
1276
-987
-3164
3065
291
-3095
-2618
-4924
-282
-4522
-1500
3145
4945
3998
-3646
3347
-955
423
-318
474
-3986
-4843
-1987
3623
1287
-2537
-1928
358
3680
2956
2176
2847
-1080
1887
-411
4087
4712
-2241
662
2301
2395
-2374
1105
423
-3745
2466
1262
-3235
-121
2398
3336
1823
790
2170
-1733
-2575
-3827
1644
-1411
601
3828
-1406
1452
3728
13
4460
-2623
-4157
2758
-4523
3798
2150
832
-4886
-4216
1829
4719
-512
3666
3412
-548
753
1646
-4007
-1933
498
-1181
3797
4602
-4230
-3894
4327
-3339
3079
225
-4970
-1382
-497
3549
2204
-1502
1215
4034
-2759
415
2878
-3843
2674
-1620
941
3209
3726
4085
-4773
1612
-4843
-1699
403
-3768
-3732
1308
4822
2545
-3538
-4792
4335
-2057
3011
2108
4515
1810
1252
-988
-2345
-2104
951
4225
-3888
187
-1597
4029
3172
3017
474
-1234
-3140
1823
924
164
-2131
-3217
-3054
-1508
-4474
2530
4954
-1933
-4541
2696
-1954
-298
511
1629
2798
-149
-4656
2751
2072
910
1198
-108
-1589
2563
-2797
-360
-1739
2332
-2545
3688
1107
-4905
1090
-4748
-1217
-328
-3219
1472
-1929
-932
-2827
3660
-1236
-844
-3224
-2676
1576
-3316
-1785
429
1568
3683
2386
4745
-3356
4120
17
3078
2877
-963
-2438
1091
-108
4363
-4788
-3627
2399
3063
4012
931
-686
-3771
1028
-2129
4200
691
-4664
-584
4210
444
4493
-4205
-2844
1179
-281
-3999
4944
-4355
506
-2623
4555
4770
-2066
1369
-3167
-3556
2357
-4617
-1094
1827
2022
-372
-1276
-4396
-2252
-631
505
-4954
2974
-4795
-4072
-1517
-1089
-3839
-4967
3636
3351
-1678
3413
-2087
-4520
-3079
4480
2576
4589
3095
4914
496
-1319
1476
1693
-1774
-4081
307
1911
184
691
4205
4647
2724
1186
588
4573
152
-4242
-1468
4009
3373
1150
-3491
145
388
-2100
-1633
2873
1406
435
3982
-606
-57
2873
3543
4256
4595
-3219
624
1332
3522
-2981
-1228
2512
-1406
1314
-4193
-790
-2096
-1431
1128
-3116
-1304
1260
-4805
4016
2418
4274
1048
-810
2018
-3395
2739
-3103
-940
2728
1107
-3463
-4323
-1987
-4690
1506
-340
1302
2420
4564
744
2172
-4774
-3781
3070
-2916
-569
2090
-3760
-1943
-3699
-2605
-4335
667
-3260
581
-413
-1586
2920
2867
4406
3356
-1822
1255
-354
-217
-2632
1523
-1690
4569
-273
599
2190
1542
3205
4369
1412
-1693
-4226
-1793
3907
544
2652
-2971
-582
4718
399
-776
385
0
-1662
2951
-4818
1376
-568
-1633
2558
-1782
-826
-519
1518
-4892
-3119
2005
2420
-1069
-1024
232
-3186
-2534
-3310
2253
3212
-1018
116
-3870
-120
-51
4605
-1024
-2188
-2495
-3939
-2880
2933
3547
-2189
4789
2099
-2531
2929
4536
-914
819
3402
-2553
-4404
-4419
-601
1578
-4196
1552
506
-1869
-421
3985
-4070
3289
2813
1661
4828
-4464
4469
4625
560
-1848
2064
4833
-1408
2840
3009
2804
-2832
4978
-4285
1075
-3548
-2992
4456
2744
416
-4637
-3096
-2022
3443
-2752
3235
2250
3086
3055
666
-765
-4001
-3252
-3522
-1208
3031
1297
-1325
770
-254
-79
-3999
-3899
4094
4146
-4493
-4340
-2152
3573
3907
-4164
-1543
1862
-1495
1368
-4884
2569
-1636
4000
-2491
-4986
-2624
-4234
-903
-3584
-766
-2716
4647
-3868
2035
2450
-3113
-3623
-2142
537
-3078
1671
1156
1774
2810
4065
-4414
-4236
3888
1498
-2829
3379
-2290
1301
167
2991
-2390
-2605
3485
-1350
3008
-3079
-508
-3357
-1565
-1628
-1844
1524
934
4198
1643
-299
-4834
-1147
-2394
900
-2988
-527
2693
-735
3256
3030
4858
-2453
-2567
539
-2769
-2206
2798
-937
-3188
-3561
-1865
-511
-2798
-906
-2946
1729
-3189
4228
3672
-27
-4630
1597
-4895
1872
2131
-426
2415
-3933
1785
1420
4426
4905
494
924
3421
1967
-2998
4546
319
-4249
4157
1289
1302
4815
-140
-723
-2873
1354
1770
2064
-1633
164
380
605
3692
3643
2917
-365
2511
-1959
4204
2553
2685
1557
1685
1038
4797
2892
-43
-1653
2755
3075
-1034
-2887
-1409
-2888
-3848
3374
2453
-1033
2934
-4005
-3780
-457
3399
3459
61
-665
-3576
3505
-4935
500
766
4281
-2458
3777
4922
3171
224
3832
1009
-2554
1318
3047
4860
-1370
-1762
4793
-4231
-2706
-811
-874
1013
-3541
-3099
3681
-4049
3222
400
3937
-3026
4474
435
3910
-3693
-4630
-4620
362
-4669
-371
-1020
1751
4956
3137
1693
57
2844
-1793
-4291
-2835
3717
-3931
-1240
3485
-1272
-4435
933
-926
-345
3897
-2677
4966
2183
-1556
-3606
-854
-2851
-1357
2095
1621
-774
-3211
4191
46
-1799
-2155
-1188
1340
-2265
-4957
-3690
-2447
-257
-987
2716
952
3120
1938
1396
-4699
-1023
4273
-480
4311
-4192
-2184
-2499
4336
3135
-1895
-2254
-821
3939
4287
-383
-562
3864
-1331
-4351
3192
591
1485
1118
3208
899
-3273
-1077
4148
-2168
-3910
-34
1052
-1410
2960
-2062
1206
-171
-4481
2937
-388
941
567
-1590
3048
4622
3060
3530
-2778
4473
-2180
-2656
1584
3563
3602
-3443
1929
3372
-648
-1093
-1313
-1331
4176
-1961
3404
4847
-2766
2595
-4312
-3774
4943
-4796
3094
3052
-1591
410
2265
3039
1265
-4621
-4745
3866
-2112
-2691
-4893
-3122
4948
2749
-1965
-1843
-1611
96
153
57
3500
1276
-115
3425
3086
-2441
-3859
-3659
-2377
-756
-3371
3924
4552
-4922
-4132
1342
2369
2273
1022
-162
-3724
-3581
-2048
843
-2277
-4637
2249
619
1448
1901
3834
-3042
608
-2107
4378
-2429
-422
3048
-2863
-1589
4403
-3277
4995
-4206
-4044
-4325
2385
-2952
-1134
4614
3
2506
894
2990
1147
-1461
1745
-4263
-1964
4137
852
-898
2727
-3336
-2818
3593
-435
-1730
-4087
-1012
-3534
-1924
3586
3330
876
-2247
-4188
4299
3919
-4947
-1124
4701
-3806
789
-4545
4196
-1138
-1062
4328
-1697
-1866
-4854
-2625
-904
2460
-1457
2112
705
-4465
2997
-2578
-846
4436
2098
-3974
-194
1118
149
-664
3192
3662
3135
-2326
3186
-2185
2750
-4845
4377
-2788
943
4898
-1927
-403
-2367
251
4967
-1668
247
384
-2922
2785
-1142
4357
731
-3513
-4968
-3660
1662
721
-4894
413
-2390
-4700
-4943
4953
4490
2547
-3226
-4145
2438
152
3546
-2789
3708
3141
2439
151
-832
1040
3229
2716
-3224
2583
-2836
1921
325
-1858
92
4789
-1551
-1211
-400
-1456
932
2616
1093
-792
-3557
-761
15
276
-106
-748
837
-685
-409
-1287
386
3876
-1268
3260
-4598
1741
-4008
-2186
-1187
-4299
-1136
-4687
-3746
-497
3942
4184
-4110
-2196
1697
3241
-1434
-4537
-3237
-1892
-3511
2243
-3730
287
2870
-3963
1961
3387
4214
2968
-4828
525
-3765
1156
1652
-2334
-1979
1861
4529
-1053
878
1250
1062
-3522
872
-4382
3143
-4674
3872
115
-4596
-3955
1496
3488
-207
-2019
2653
-59
2587
4174
-1395
-976
1868
-4501
4921
-4801
-3631
2104
2206
1439
3520
-4756
-4594
-1739
-1250
-1860
-407
2508
1672
2170
-3507
1068
-3243
1965
367
-178
4802
610
3878
-2464
2574
1789
-430
-3769
-398
-2043
-4524
-2979
-1045
1765
2262
-210
3889
-1906
-3295
780
-4977
-2998
-4102
2082
1289
3026
-2864
-3971
284
300
-3643
4379
4882
-3337
-3640
-3591
-1664
188
3272
-4126
-1657
1533
694
4435
793
3721
1297
-4000
506
3575
-1736
-1070
-1058
426
3836
893
-2983
-4228
-3362
-770
38
-1637
2931
3193
-3100
-4920
425
-4678
2179
2278
-1027
-3576
-1956
-4216
-74
3962
883
-1682
3929
-2680
1347
4965
-3472
2305
-3442
-933
-3239
-4039
-3966
4111
-3011
3043
3133
4249
2139
4585
-812
-4267
-4926
3670
314
3250
1613
-1499
4280
2178
-2611
2183
-1041
-1117
-3021
-4603
-672
-2717
2797
1891
-2383
1345
267
493
-294
-4918
-4040
-412
3118
-2655
-2221
-3458
4855
-4724
1439
1386
-4625
-2129
-2476
3245
-744
-3371
-2901
4631
3797
-3814
-2446
-1270
2970
-3163
2474
-2842
4243
-1238
-3085
-2496
4291
-1788
-2314
1016
-3585
2031
1287
-1893
-3182
1828
573
2156
243
4100
626
-333
4602
-3725
-2930
2592
1545
-3276
-2781
2932
-1720
3304
1848
-2641
-4822
192
2152
4103
1045
-1968
-4783
-4449
3471
4716
-4753
-2966
-1164
953
2948
3552
-2391
-1932
218
4585
-687
-4127
-3703
-1574
-4989
3168
720
4926
3084
2923
-2712
-4277
-4145
3057
966
4677
-385
-1730
2666
1372
3800
-2657
2531
-3278
2457
361
670
4330
294
3855
-3895
4862
2935
-926
-3931
557
3280
1532
2140
-1654
1026
2753
2777
2258
2656
-2218
-4125
3220
2729
-4752
-926
1676
2668
-3019
-408
3512
4041
3175
1668
-1240
-849
3251
1797
3456
775
-1290
-2599
1258
2711
3458
4787
4248
-4620
1689
1744
661
1369
-70
-3440
1056
-3972
-66
-4025
3823
596
-2906
-4465
-1899
-3249
1002
2875
-1569
-3731
457
2210
-1996
-2137
-3802
675
-2563
3150
-1146
-4132
-4971
-3391
-1006
-4659
664
2156
-2377
-853
-2646
-2873
480
2593
-4620
761
-782
2103
-596
-2793
-788
-4242
-3139
-250
-2151
-3494
-2865
4518
4127
-613
2879
2602
3370
1711
3511
-1600
-764
-163
4218
2876
-4490
-2900
-4374
-3884
1321
3653
-3066
1593
4384
-585
-2108
-230
-4887
2567
2337
-1145
2545
-4860
3220
-2884
1343
3286
-2700
3484
958
-2438
-1065
-3158
1402
-1980
386
-1732
3420
3196
4277
-3385
-2758
2735
-489
2871
-4828
2704
-1238
2118
1992
4344
4481
-1367
1034
1557
1244
-4604
1902
-849
141
-1544
-2314
-4301
-1227
-1802
1277
-2786
-4519
1936
-3354
-3474
-293
-4753
-1655
1208
4193
-3736
3697
2197
1378
-2717
2819
-1802
389
4061
-4797
-4124
-2307
-4848
3027
-3447
-2165
-3419
3890
2215
-2697
1638
1780
4116
3143
-4574
554
764
-745
1342
-3931
819
-464
2713
2621
1889
-3213
3262
-1346
1217
-1817
-1181
-2678
228
3109
-2457
-3049
963
861
-4721
-2726
-2708
4463
-52
1875
-1401
3543
-2917
4266
446
1709
-2313
-1286
-4232
-3213
-3486
-4760
-3671
-295
-4480
312
1856
1376
1793
2440
2496
-1420
-4353
-741
-4538
-2057
-1181
-4614
975
-3842
2430
924
254
-4997
2664
-2228
-2064
4917
2296
1032
4781
360
2466
4166
3067
-1371
-3306
445
-3632
1041
3171
1711
-4858
2494
-2520
-3050
3820
-3262
-2565
-1399
459
82
3458
-4032
2745
-1820
2901
2689
4833
1405
-4135
3005
2757
-3893
-4416
4777
1416
-4025
-19
3269
2148
3929
1648
4703
94
771
1333
1987
-2657
3598
2162
3086
283
-4071
2021
514
3658
-2796
-3671
-3562
953
4688
-1133
-1429
-4523
4012
-4657
-37
-616
826
-3165
2572
2524
795
-403
1236
104
-2127
1762
906
4881
4682
-2711
-2172
-1337
-4230
547
2558
-3222
-1149
-4774
3046
-726
-4694
-1750
676
-936
1086
-399
2185
-375
1970
3064
-233
-3488
790
1931
2140
-14
1578
-2350
3477
4640
3894
-2650
1533
-4674
2027
4325
2554
-1801
-1711
2196
-3608
-679
-1071
4055
-573
3418
-633
-3036
330
-933
-3600
-4348
-2377
-3624
4579
605
-1417
-518
4256
-1410
-3466
828
2222
3478
-3463
1161
3106
421
-3573
-3602
3483
-523
2669
-4253
-4452
1000
2641
-1835
1780
832
2452
2182
-4784
4775
3418
3993
-2172
3045
1268
4527
1378
1313
671
-620
-1193
-3531
-688
-3353
-3541
-3740
-1124
-945
916
-226
-1457
2150
1164
-4467
-2797
4233
-2144
-4633
-1818
3572
949
1111
3784
3366
-4832
4514
-2323
-4750
4984
-421
-2275
-2959
-4880
2330
-3051
2412
4162
-2775
3268
1006
4117
-158
-2598
320
-1485
203
75
1936
4260
-879
2110
-1052
-3906
-2065
-4137
801
4487
2046
-1214
-1262
3326
-4619
-1777
732
-14
646
3793
697
3434
-906
-186
-995
-318
-4588
-4367
1397
2808
-3366
1025
-643
3579
-4731
3989
-4134
-552
-4638
3914
-2874
872
939
-2420
-2622
2894
-1667
-4356
4518
-1295
1476
1557
2624
-3117
3902
-476
3995
222
-690
2281
1369
-948
-3600
2237
-4627
1941
-4441
-1
-1538
-1599
-3147
-2611
-3403
4000
3576
-4422
-1461
1461
-871
1035
-1682
600
-927
3742
-3945
-3427
4824
-1993
239
4649
-4769
3720
3019
1118
4257
-2955
1106
-644
-1709
-2282
808
1309
4616
4046
4254
1844
-1953
4337
-2086
-1401
-552
2829
-1796
2959
-876
33
-2481
-4405
1026
439
4182
1986
3494
-1805
1525
3087
-3781
-13
-893
-1679
-2694
4579
4465
754
-3689
-2317
229
-3384
-4541
-4468
4143
1127
636
4317
1942
-1974
2248
-2960
-3453
-1458
-1496
-1347
-771
233
-3127
2660
-4773
-1185
-4654
-1791
-2971
309
-3180
2586
1797
4779
-466
404
2882
-1015
3114
4531
466
2343
3576
4733
-1418
-4427
223
-1598
2828
1988
1427
-2623
-2721
3054
-2705
-1610
2337
-3265
1475
-3644
1248
350
-2509
2758
3034
-9
1149
4632
3137
-3950
2976
2271
1852
2310
-74
4085
-2991
4521
3289
-2878
-1817
-4125
-1218
-2959
-2476
4487
-80
-4104
-1344
2390
4698
3802
3668
504
3928
380
2766
-4075
-3241
-4025
1150
-3272
2227
-3894
1598
-2942
3566
-3287
-1938
1260
-3515
2178
3664
4303
-4694
-664
-1337
-3128
1586
2712
3596
-450
1472
2771
2670
-2511
-974
-4425
-3383
-1629
1027
4403
-228
-4385
4508
-1659
4543
-4787
1358
-463
3159
3076
-3791
-3991
-4985
-3626
-3039
1993
4602
-474
-1468
-4315
4712
-3853
-3586
-3659
3219
2766
-4922
-2294
-3768
-3843
1308
3101
1993
4773
1178
-1779
3581
-4762
2172
-2590
3823
-1299
4754
2593
-2944
4603
-2922
-729
3025
2595
-4346
1932
3433
1023
-889
56
-1323
-2741
4136
1457
232
-4013
4063
2849
3805
-2564
-2737
9
-747
-2475
-503
3831
2087
1391
-1927
-2219
2546
1620
568
-1914
-2389
2118
-4333
-1454
4322
3645
158
4618
-1758
3109
2157
-4757
2914
-274
3042
2259
-3524
2899
-3619
3287
851
-4361
2909
2792
-3634
-2562
3291
-4557
2800
-3209
1461
-2048
1539
-3974
2290
-168
413
-1294
-994
-4717
-2328
-1690
181
-329
4272
1840
972
2748
1420
-1066
-4938
-1295
-4591
-518
-4183
-1508
2661
3847
-2638
-441
-2610
3577
-457
881
4964
-4346
-2636
-1444
1852
-2045
-4742
-1801
-3108
2064
3996
-3583
-1316
4780
4732
4094
-2628
2852
3803
-4031
-3003
112
-355
4678
-1159
-1833
3130
-835
-4631
4706
1516
1336
-1685
2027
-2462
-2210
-22
-507
4389
-4746
-3090
-1263
-2149
-83
2076
2777
2179
4964
-928
-914
1397
3192
-1193
4855
2715
-4734
2999
-1125
-924
2216
3782
-4019
3723
-3299
-178
-619
-3995
4707
1606
-4508
4448
-2535
1215
-3277
-323
-4903
-1887
1003
968
1388
2988
2152
-3540
-1473
-174
-3564
1345
674
4607
-783
2060
-2145
-4050
4621
-981
958
-1349
-686
223
3011
357
-2002
-1194
-2102
2441
-2434
355
-4553
-3282
-3341
3826
-4451
4617
405
-3651
-3764
-2268
-4668
-4211
-4502
-3794
966
-1763
-2079
-4837
-2638
-2435
1345
-2291
1407
-1425
-2901
-3587
-2501
-4501
-2794
4548
-2129
468
741
-2725
3303
-3610
1824
4577
3097
-1695
2981
-378
1533
4558
-3857
3085
-2506
-3612
770
-4266
3652
1276
2749
-2975
-3285
4267
1188
1356
269
-427
-3035
-2720
4717
-2034
-3248
-2092
2892
1413
-2634
-1133
-1526
4862
3935
-1892
-779
-2254
-1179
-389
-4075
4818
284
-2426
2494
376
-2817
1849
1584
-4698
-2306
-2775
-87
-3696
2714
-1596
-4042
-3695
3805
4960
3025
-1525
2985
3988
-2645
-1881
1356
2109
4696
2477
-717
4900
-4103
-3096
-4267
-3737
3380
-4687
2917
3167
3966
3555
-3255
1489
2806
596
645
-257
-844
-735
4421
1638
2474
4840
-1187
-185
-1451
-2638
3050
-1496
2245
-3926
-789
3244
-2733
1632
4071
-3070
-3577
2675
2785
1157
1015
1113
2380
-4385
3433
-613
1447
335
-4950
1455
919
-3989
3111
2324
1693
2052
4921
2378
1841
-3631
-2457
4039
-2845
3667
-3398
-4389
-4004
-2633
3679
648
-1365
-1165
-4286
2249
-687
-2414
-2179
2085
-1849
-2732
1308
-595
-2560
-1957
-2522
1808
-1426
-2126
-2295
1726
-4923
-3502
3944
-2686
-4891
-1370
-1493
-3581
-756
3643
-4747
4244
-3449
-311
278
943
760
4638
-621
1102
-692
4283
-1772
4542
-1253
786
3921
4681
-751
810
3235
-503
3131
-2104
-1129
569
-1718
-3580
-4509
-1649
62
2164
4596
-3396
884
-1717
-1488
721
-4003
1529
-2190
1273
4273
-967
-2812
-123
161
-4892
-3748
-2540
-578
1099
-1039
-787
-4162
-4619
-4624
2479
-1125
-932
-2072
-4875
-192
925
2537
2399
3530
3058
-275
4366
-1865
-1130
-1741
674
-4510
2096
2942
-1913
3308
-624
4882
-647
207
1199
2247
1
31
-3620
1060
4157
-3947
2712
-3225
3442
4511
250
1359
3712
1095
-720
193
2202
-2440
2344
-160
4993
-1824
338
603
4287
1100
-1231
818
4081
3646
-873
-4898
4896
4374
-3097
4801
-4710
1041
-1039
1948
1731
-3698
-797
1222
417
-414
-1313
-3789
726
-767
987
-1265
4629
1348
-4078
-1153
-3459
1378
-2936
-2141
3130
-4039
-31
-2360
2310
-1168
-774
-1407
276
-4474
835
-3561
1185
-4972
-1809
3001
-2474
-3046
3032
4221
297
3085
-3725
-2975
-2442
1236
-4094
3251
4234
431
-2133
-4903
3086
-3138
406
-161
3887
3323
-81
-1686
3098
-3197
-2507
4402
-3507
-3879
-2694
-2647
-2860
-4691
1218
1025
-2047
-35
-3553
-2889
4301
-2039
3536
-784
-1428
-1396
-2689
2060
1220
-4756
1989
836
3016
-2787
-1520
2719
-3552
2366
-350
834
123
-121
4816
2818
-89
-3546
-1889
4873
4369
-1663
2519
1501
-2211
2648
3714
3490
428
2860
-2421
-1457
-1809
-3005
167
1694
-1616
-961
1447
1661
4198
3625
2063
2160
1909
1742
-1525
-4619
1660
-676
1453
3166
-825
-1632
47
831
4338
4620
713
2072
-786
4084
1538
3873
-558
3906
4084
813
-2202
-4412
