18232
-3009
-1467
-1992
-172
2479
-4739
-1111
3630
-21
3025
3044
2839
-4144
-464
-1518
1808
2354
1493
718
3960
2775
3889
-1676
2333
4060
4565
3609
-4257
1539
1853
-3178
4196
-3321
-3772
-4784
-3630
3107
-2263
1965
-2163
-4726
262
3780
2649
4601
-4558
670
625
-1815
1444
4570
-4821
-31
993
-3041
1566
2734
-713
578
-892
72
809
-2020
-3564
125
34
-4946
1840
1863
-1069
2908
-1191
-3625
-2905
1705
-2508
4486
1030
4202
-4931
624
-382
-3957
-2366
-99
1782
-4014
-2617
4007
4316
-3810
2756
-753
1672
-1157
-4539
587
2111
-2958
-4885
4476
3154
-1460
-3034
333
2160
936
3360
-3678
-1333
2889
357
-4001
559
-1124
2338
-3575
-3561
-488
826
-1752
-128
4734
-2114
2388
1375
796
1076
511
-3302
-3155
2727
-2748
-42
2017
1706
-2874
2210
4493
-2357
3059
-1213
2720
-4310
-372
3052
1142
-913
-1345
-3728
3066
-4364
4552
-758
2390
-57
1118
-3408
1525
-371
-750
794
-4787
-560
4668
2282
-4694
4691
-4047
1743
-3448
-4591
-1459
1366
1058
1010
-3690
3402
4870
4304
3464
-4861
2426
1340
1620
-2422
3385
-1109
-4272
-1938
-1329
-2932
2501
563
-2231
-3621
-1413
1055
-1729
-4371
4820
142
-2650
2093
1954
-2576
2535
2208
1461
-2004
4103
-987
4977
-1408
-4933
520
-3715
-1778
1247
1024
-2146
4067
4598
-864
-2880
-677
2391
-4087
-1441
3151
3230
-313
-3758
-2132
-4577
-156
-1547
1637
-1798
3709
3970
4939
4171
3282
-454
-2423
-578
555
4453
-4005
-4800
427
-1031
1716
1988
-3856
-263
-4147
1560
1834
-1851
1001
-2036
-1159
-1572
4547
-3457
1173
-935
1024
-4816
869
-2245
-4213
1949
3654
3463
1469
-4928
-3252
-4895
-2347
-811
4497
4755
3247
3368
-1972
4105
1516
925
1065
2388
-4118
-2278
2101
1530
3430
-1656
-3497
1000
3689
-3416
2982
-4042
2517
4976
-2348
-2112
502
-1443
2824
4757
711
-150
-2117
-1093
4690
-4239
-3466
-4301
4251
2089
-237
-3620
2940
-4375
-466
4805
-4951
-425
-4940
-538
2229
-1422
4833
-1135
-722
-2111
3318
963
-1119
100
2984
2605
-3616
-22
-2383
-607
787
-2029
1858
3863
-3753
880
-4092
1729
-3325
-4389
2275
-4675
-3545
-1260
-582
2246
-2543
444
1135
2814
2203
-2025
-436
1790
-3550
4361
-877
3335
4493
-4525
-829
-3318
-4309
3876
2717
-2215
-3763
1998
-1972
-2745
4368
-3538
3903
-681
-3350
1622
-3436
666
-809
4562
4622
465
1367
4161
4528
-608
-1342
-4373
3100
220
-526
193
3912
1001
2840
1651
-2339
-816
-1102
1013
2582
-971
-1368
1519
-2647
3592
2366
2656
-2122
-2079
3112
-3523
-3214
-4908
2473
-3103
4196
-437
-1597
870
-3260
-3929
1887
581
909
-242
-2035
-2197
4395
2267
3451
2066
-1565
-3219
3986
3979
-115
-1749
4415
-360
-4997
-4673
1094
-3253
-1892
-2428
1423
4679
830
219
3805
-4715
1873
4833
-314
4960
1358
3332
1196
3820
2083
-43
-3947
-1588
-2617
75
-4196
-2831
439
-4702
2497
212
2788
-1395
-1838
-26
-1232
-1870
237
-3005
4097
-1875
-487
3538
-4341
74
-3794
726
-1260
3181
-4973
-1337
924
2554
1433
-3931
-2808
176
-44
-4784
-3061
1600
1273
-1797
-495
-1553
-278
-1321
-1099
-4683
-2948
-1722
2980
4269
-3393
2016
-931
2602
4256
-1030
410
-1460
-1189
1598
1473
2655
2762
1673
-5000
3311
4650
-3826
1206
4581
-906
4437
4938
631
-4184
-1252
-1877
1208
4953
3429
2710
4286
-2539
4991
-1484
1625
189
-4282
-1921
4754
241
-2795
442
-2319
-1085
1275
-2115
-368
2777
3824
-535
-74
-800
1468
-3157
1251
4172
-937
-2422
-1151
-2348
4873
1143
1475
322
-2872
3057
-923
2943
3346
2561
-1581
2428
2139
4974
1101
3033
3263
-1019
4333
3667
-638
3094
-3070
191
3016
-2707
-2546
2523
-3333
-2176
-1094
-1468
802
1748
1803
841
-3700
1459
-4038
1895
2407
4050
4803
-4812
-1485
-3417
-4047
2752
477
1379
4700
4101
-1722
1072
153
956
3367
-304
-1979
970
-194
488
-952
-3390
-2017
4485
-462
265
-42
3804
-2925
981
-2848
2539
1211
-1776
490
-3021
-75
-1411
-4200
3439
2433
718
-4158
2014
-1086
4185
4183
-3737
903
1948
3273
-3148
-3804
1709
-761
1336
-4849
-287
3867
-732
-2641
-2054
-2826
833
4135
2037
-2924
-271
-2264
4451
2545
-502
1247
4172
1743
-978
3341
2070
1986
3847
-422
-968
-1279
-80
1959
-3707
3236
1832
-4772
-1724
3739
-4707
4818
-1998
-904
-3701
-4227
-3730
1906
4249
-3476
-4903
2036
-2663
4618
584
545
-1406
-1008
-3683
-251
2007
-4612
2681
-877
-3331
136
1384
2245
-1347
1881
4974
-4174
-1581
3277
4991
-1244
380
-4141
493
-3530
-3524
1478
-1565
4092
4332
1584
-2129
4150
-1111
1561
-1357
528
-1209
4035
-3606
-854
-3480
-1948
-3325
1988
-2254
4130
3848
3441
-4432
-1346
-1998
-4587
628
3447
-431
-312
-4225
3486
645
288
1211
-2699
-252
4434
-3971
3881
-727
866
-3380
2558
1530
-4350
4141
-285
-4958
-4640
-901
645
2441
-3154
2965
-4932
2946
-2929
-2696
-3322
2051
-1723
-2169
3067
-1221
626
-4921
-1222
-247
-3688
-2595
3982
1407
200
1519
-4815
-329
-4326
-389
548
2665
-3533
-3395
603
-1282
3827
-744
-2136
4023
2277
-979
3296
453
3024
-3267
-3469
-117
-3800
296
-1173
-633
-1886
1811
-475
-2827
3558
3471
-4384
1245
4331
-2153
1861
4515
-831
-1664
-3679
1418
1273
-12
4662
-1927
-1618
4965
1655
784
3076
4142
3
2556
-4744
-2961
832
3636
1911
-1919
1608
3134
4927
895
-3045
2732
1956
-1608
-3553
1809
404
-1235
3103
-73
-2509
1922
3723
1359
149
-2595
-466
3752
4983
-4281
-3521
-4714
1096
-1681
-1722
-1910
4390
3573
-1304
-801
-3462
3716
-1427
2009
4551
-891
2362
-4675
-1221
2140
-1092
4646
3107
-1095
4732
4262
-4445
3962
1993
2308
1218
-423
-4621
-1232
-1215
-4350
-708
-4813
-3528
2226
-3518
3111
-4144
-207
3481
567
-524
4460
4977
3786
-1645
307
-2915
-2837
4630
-4920
-2499
-4440
-4133
-4859
2524
-4777
-820
-2594
-1033
-2523
2810
-3321
-1415
-154
-496
-2818
-1580
-2850
-2286
-2455
2550
-2248
4606
-2947
3177
1536
2161
1156
3617
-2919
4746
3595
-4477
-3832
3365
1374
-4383
-4988
-2568
1767
3648
-1896
-475
-2387
-2931
829
537
3910
-2493
-1875
-3385
3728
-2832
-3817
2727
-2320
-4084
4988
2892
-3635
-280
-3735
4967
-1199
1973
-109
2179
2627
-631
-1034
4027
-3338
-4056
-4561
4891
-2652
1393
3519
2837
1896
2758
-2906
3192
-1941
-2827
-3718
-2334
2464
-4595
-2910
-3352
-4893
-3010
3242
1532
2657
-3061
3114
-4670
4169
3489
-1651
3161
-197
-2247
1963
4832
-1359
1239
3522
-4650
-4234
-3307
3329
-4628
2725
-77
2738
-2737
3603
908
-1478
1882
2498
4532
-4116
4317
105
-4953
-1160
-2686
-2588
10
4154
-1984
1710
742
-4849
-2183
162
-4853
2334
-1119
612
-3473
-4745
2214
3595
3872
3476
-2580
-220
-3864
-3477
-3387
548
-2816
1745
2686
3356
-1231
698
4670
-954
-1582
3181
-1824
-770
2798
-444
-1899
-1015
-2509
-3537
-945
3716
-1926
60
1084
1040
-616
1305
4300
-1365
1952
4087
1831
-3961
-1583
3383
-2357
-2681
1027
4974
-196
2012
2892
825
1412
-389
-1184
3235
1872
3247
-3547
-4916
-4962
3454
-376
1969
-2646
-2313
748
1056
673
638
2223
2884
-2142
-2361
-1682
-1152
715
50
3424
-2316
555
1636
-2479
2377
4068
-4047
-1833
-2573
2328
3094
-2724
-4890
-411
-1214
-572
4332
4965
-1881
4012
-3814
-787
1694
-4516
2061
4339
-1045
-3808
-4566
1098
2945
-3942
3339
-1109
-3847
-838
1620
-4492
4886
2337
-690
1853
-1162
-580
-543
4038
-1363
4103
4159
272
1525
-75
4973
3099
4678
4480
-2835
-4289
-363
-2138
-4810
-3185
3295
-2569
304
354
-3194
-2921
-3245
39
3220
-4876
-285
1494
-1240
-3551
-891
4597
660
-975
2271
-4174
-4155
-1
577
1013
-1846
-2428
-2465
859
2678
-1849
-121
4346
-1209
-628
3117
-318
-2510
-3863
-3492
-4487
-1246
3251
-571
3615
4744
3444
-3294
-3897
105
-3049
1851
1802
3850
-3588
-3192
4509
-755
4928
2702
-2125
1705
-3998
373
4810
-2829
-2614
330
3300
3533
1797
2106
2162
771
-4055
366
849
-331
1326
-2044
-4231
-3073
-3676
-3716
-4335
2506
-4663
4790
4666
-1318
-1416
3240
-3771
-230
3899
-1754
1129
-358
3718
3282
-2283
-4942
1734
-2380
-188
2686
1507
3328
-2536
742
4970
-3863
-4728
-4572
-1626
2320
-1613
145
4579
2403
3343
1289
4149
3812
1832
-2940
2231
4585
4579
-2749
-1013
-2691
1685
2737
4098
-4642
4244
2266
770
4037
-3746
-4080
2769
502
-4054
-4169
-2064
-1243
-773
1426
-1762
-3742
4421
2838
3732
-3542
1395
-1538
2593
-2400
-1555
-1445
1841
4999
3522
-607
987
4731
-1676
807
2451
1453
-4315
-2089
-3591
-4587
-2318
-4061
2975
3758
375
605
-1772
-2222
-4199
1436
-4276
-2265
509
2331
-3764
-3392
-3907
3993
1014
3860
4037
-3503
3086
-341
-4118
1839
3507
-4172
-2269
4329
3284
1288
2137
-3958
-2566
-2173
-2059
-3580
664
-622
4415
3501
-3640
937
-4460
911
4625
-3015
611
-2494
408
-4601
2148
912
4160
-154
3443
-4076
-4297
264
-4848
4434
3711
1773
1213
473
4147
-4168
4656
-234
4500
960
1475
-2999
4256
925
-3548
480
791
-4523
4306
-3931
3666
-1037
-3755
-697
1376
629
700
-492
4845
-3605
1120
-1440
3124
-2761
1799
3914
389
2769
-156
-140
-2905
798
-2866
-3399
1649
2753
-4714
-2784
-246
-2228
-427
3988
-3116
4649
269
3834
-3379
-1321
-5
4107
3038
-875
4726
-4394
3559
3509
3604
-2887
1922
-1380
-1081
849
1958
1986
1634
-3042
-374
-2491
-1072
1213
-53
-2740
3307
2529
256
-2980
-1510
2011
-4715
645
4420
-759
-423
-2219
-4945
-2033
-3626
4761
-1707
2768
4031
-1797
-2643
3820
2796
1512
3494
1807
-3759
-1444
-2177
-871
2166
-2335
-126
3200
-3330
-2231
-1742
-3296
4768
3448
2164
2992
-1323
2541
-275
1791
-1568
1639
-4578
-2946
-2736
1604
4923
897
-3451
858
-4620
298
-385
-1020
3947
3485
813
787
2467
-1706
-4994
-1864
563
3722
-260
-4127
1708
-3027
104
613
3682
267
-625
-3067
-2262
988
4577
2448
-3557
1154
3812
4428
-1924
-2275
3400
-3522
3962
4452
-2672
-3597
4149
-1085
860
-2652
3690
4192
2100
894
-2049
-3471
2654
1326
-30
-3761
-4712
-162
-4105
-1888
-3374
278
-2774
-3017
1106
-3278
-4083
-2754
2591
742
2986
-3793
3110
-178
3060
785
-4232
-3808
2800
-3175
-3427
-2640
-969
2686
2980
-4728
-304
-2295
2989
3091
-4878
-2745
-2318
1887
1393
1270
-3925
-2360
-2889
-1832
3669
-1373
-132
-726
-2859
4402
-4350
3807
-2218
4646
2368
-3612
2412
-975
-2550
-37
2604
1755
459
-4191
-2010
-2704
633
-3179
-2729
2356
780
193
4577
-2287
-273
4865
4441
4300
-4552
-4533
673
678
2004
4980
-4418
2409
-339
-481
2744
2133
1229
-2123
3530
-684
821
4012
3348
-4241
909
1044
2325
-4586
-4710
1840
-1491
-1429
3841
835
547
-2165
-2937
-4646
2598
-2680
-3542
905
-1403
-2533
3793
-176
4796
669
-1740
3225
-2934
-2159
-1704
3904
4360
-4356
-656
-3535
245
-3341
1010
4718
-3099
-1713
-522
3199
2351
-3070
-4893
4926
-3585
1387
4339
-407
-2477
-1914
1026
-3085
2356
2206
4394
3544
-433
-2692
-3000
-3136
3616
-3209
744
3015
-777
543
27
156
1907
3808
-4192
4349
-4441
4194
-2672
-459
4846
4059
-2958
-2834
-4726
4832
1840
158
4781
-2208
3164
-4354
1607
-4235
-3501
-1066
2285
306
2070
-884
-30
1532
3813
301
-2554
1973
2523
1297
-3408
4885
913
-4450
-2152
-3023
3623
-1714
-2300
115
-2913
4014
4578
-1751
2501
3557
1218
-3135
-3991
-2946
-79
4301
1124
-2670
-545
-742
2538
-3836
-199
-163
-4510
1322
-2808
-3399
3899
-2526
-3638
3292
-3414
4569
-1381
-1750
-2215
-480
4827
-2796
1353
-1502
1700
3023
3812
4769
-3241
-1100
2094
-3180
3146
3566
2839
-1113
-3188
1790
-3391
4878
4775
-2067
4026
-2409
1039
-999
-2816
1553
1389
929
-4625
-3521
-3966
334
-2604
-4192
-906
-1494
-63
198
4296
3074
-4528
-3271
2398
1566
-2283
769
-1911
597
363
-3169
32
-674
1728
-4579
4214
-4164
-2746
-2372
-1989
4238
3758
-2376
-3021
632
-4841
-2792
-3378
-4055
-1018
2199
-4381
-4120
-1539
-1588
-4194
-4185
-4193
-530
2914
-2794
-1557
431
-2188
-710
513
-3799
-2507
-839
-957
-2666
-2409
2720
-359
467
60
-4381
1193
4601
-2679
491
876
3830
2739
2519
-4784
-1744
-412
-3857
-3686
3677
-4515
-1521
80
55
-1316
-1511
1999
-3083
-1655
-707
-1278
4643
-3059
1248
-3519
1013
3776
-3492
-4863
1894
4467
-3256
4916
-717
2157
4681
3376
1133
-9
-185
-3454
1567
-3560
2367
3248
3161
988
-199
93
4376
-2606
-1178
-124
3364
4267
2460
-4970
-1860
4999
-945
3058
3840
3821
526
754
2238
2907
-4717
-3493
-795
-3766
2371
3799
3519
-1895
2506
-974
-4471
2540
4654
-4882
3979
4851
278
386
97
1797
-2557
1875
1686
1458
-4077
4397
-345
-2442
-1123
-435
-932
4808
-2918
-3853
-3495
-1315
3875
229
-2520
-3767
172
4427
2503
-2581
4864
2055
-4342
1835
-4418
-703
3397
3847
4943
-2152
-662
-48
-1331
984
-2487
-4191
1522
1701
-1283
-4089
4201
4657
2414
1359
4441
-3722
-3332
4549
-453
-4398
-411
1454
822
-92
2831
-664
-2523
4225
4486
2698
-522
3
1882
4220
3980
-1818
4064
72
3795
2625
-1418
-1354
1737
578
2162
-487
3798
2303
-4380
4587
-1343
1349
1594
-3167
4697
-1127
-3140
3849
-1534
-1065
-4747
-115
-3224
1816
2848
-416
-217
-4129
-769
-3081
160
-4050
-2681
2633
-4357
2365
4989
4561
-698
-2730
1919
4424
4579
325
3285
1366
3331
1435
-698
3396
-2936
1611
4934
1577
-4000
1935
-96
4232
3666
1968
2962
3786
2591
3277
2290
-2804
4740
1679
-1109
494
4516
3431
-4950
1485
-566
-3577
-3786
-2228
-2044
2910
-1728
2674
-3296
3949
-1475
-3565
-4276
-1847
-1197
-657
3174
4724
-1337
-4132
2871
-4924
301
-2862
1782
-3632
2227
-3716
4247
3226
4559
2452
2103
1122
-339
4302
-2418
4183
2093
614
-4232
-1112
1364
-596
-3298
-4460
2586
1548
-3820
4657
-3293
326
-3770
1121
-1617
-798
1946
2296
-3664
135
2111
2294
4666
4561
4119
4666
-2388
-684
4363
1405
2801
-3144
2700
3802
-2718
2783
3714
-1703
-628
-1473
-1180
-130
3157
411
1054
-2723
-3753
3184
-3710
381
-3599
-4461
4253
-3792
-1893
-4511
-720
2919
2449
987
2405
884
4001
-894
1308
1610
262
4856
2024
-4262
-4621
-3746
-529
571
-2743
-1213
-1482
-4772
434
3669
-798
-2988
-4154
-4130
-506
-3251
3894
-421
2794
-4469
-833
-59
-2570
-3372
-1500
-4601
-856
674
-2524
2206
-3776
-2396
305
-3070
800
4302
2945
2777
-2915
4119
100
4079
3283
-677
-3084
1103
-3765
-2374
3149
-1621
4656
-178
1049
-4788
1226
1582
-1894
-836
-1791
-2421
1782
-1502
3400
-4863
-1860
3823
1330
3305
-4397
2303
4251
-2739
3699
-4724
-2726
-3095
-541
1741
-764
2966
1803
-4803
4128
-3269
4817
4366
1221
-3863
3860
-3893
2181
-360
-887
-480
-1644
-4972
2621
207
-4470
2467
-1782
1403
4708
754
-645
3206
-694
-1332
901
-1853
57
1595
-825
175
-25
-4602
10
1052
53
-1157
2700
-818
-272
-1828
3721
4407
-2846
-3575
4919
2583
3719
3205
638
2439
-3395
-1930
-2013
2132
215
-4770
-294
2421
1960
3745
2992
-1099
-605
-4306
2726
-117
301
-4
3233
-3523
-3192
-2125
-289
-4597
2319
-2058
114
-3287
-2241
-1566
-2263
-4349
4844
16
2835
1997
1086
-4200
-2864
4477
-4799
-1513
-3660
3679
-2751
-3406
1648
-4495
-2913
266
825
234
4195
3263
2654
-4637
-748
-3438
-2383
510
1911
2846
1117
1989
1089
3611
-1343
149
1521
3255
3434
991
-2427
989
-4723
2914
-2515
-1139
-399
2079
-3901
3225
-3814
-2566
4288
-780
-1254
-2667
4914
201
-2417
-2129
-4140
-2466
-3557
-3517
3151
-3231
503
4865
-3272
3241
4656
3942
-4477
2254
1237
2688
3945
4109
785
2144
-4338
3797
3916
2651
-1829
2784
-4305
304
1211
-4330
-2929
-2115
-3858
2075
-3986
1552
-956
1051
1054
-2898
-1966
-279
3482
-261
-3612
-1024
3416
488
-4702
-3035
1201
1589
-529
-2099
2778
380
1612
-527
-976
3299
1843
-4550
4792
-3239
-659
810
-2691
536
1611
-3300
-1276
1829
4793
-2953
697
-1707
-952
1842
-4957
-2033
3771
1646
-3931
-3292
-2238
-3668
-1406
2944
-1925
3906
4191
4103
-1056
3689
4944
-2420
3730
4190
850
-2371
-815
3584
-2437
2968
2981
-4873
4523
1477
1933
-2376
-448
-4106
-572
-3140
2449
3308
-2873
-4418
-3492
1400
-1866
1732
-3613
4550
2407
-3545
-3251
-2646
-1798
-4460
-2346
183
3388
731
4657
-4894
-761
-1519
3634
4384
4084
2769
-467
-1904
1433
2655
4818
-3048
-3512
1009
61
-779
-4110
-692
-494
3556
2484
-3363
581
-4067
2422
2476
647
3416
3704
2269
-2178
-1807
2995
633
-3491
-4265
697
4037
-303
4319
-1777
-1586
2948
-4930
1092
-1825
-681
-4061
-2304
442
-175
4400
4293
287
4722
3697
3691
770
1217
-4308
-3159
1768
-483
-1921
-1025
-4419
-4593
828
4852
1256
3751
-2076
3472
2651
3625
-1154
-2269
23
-1716
1691
1855
3586
-2593
4784
1404
-1797
-4707
-4599
-3651
2773
-2868
-1934
-4623
1251
-3476
4609
3289
-647
3021
-3562
2125
3189
3589
-2039
4385
2885
1372
3078
-4639
-1937
-1150
-1810
2300
-3988
4060
4086
3786
2117
-3453
-2402
3189
1834
-2534
-1941
-4355
1190
4464
1839
1561
-2087
1853
-1903
2947
-1066
-844
3123
3111
-420
4833
-923
2961
99
3926
1877
3980
-1500
-4790
-786
3459
-417
1805
2662
790
2227
105
2714
4591
-1257
-2477
4895
4365
-536
-4671
856
-1647
-2284
-431
2947
-2362
4801
3671
-2374
-2825
-2357
2313
784
-3624
858
-890
-2819
-2033
-2813
2825
-3905
4897
560
1795
4742
130
3530
3009
-1717
-3177
1474
-1973
3169
2497
982
-1299
-4887
4380
658
-430
2754
3775
4268
4497
877
-2796
3676
1583
-3156
4990
-2581
141
-4846
-3901
-3240
3487
1128
1244
-2991
-3381
4349
2036
-2453
-3870
-4109
-96
3959
1890
-4110
2119
-3556
-3473
-3135
3329
4148
-4526
4348
4151
4479
1463
-3461
-1685
-2352
-4706
-1752
4459
-515
-1965
150
-4737
233
-268
-1622
-3558
-2912
-3734
2498
139
-2881
4909
-4186
2251
-3622
1447
-938
-4475
-3433
3666
3859
-3781
-2178
-3878
-1875
2727
1260
-4395
-1446
-2662
-893
2238
145
-1729
-4741
-2761
280
16
-4469
1574
-980
1968
-1632
3936
-3427
-3260
-3643
-2103
1085
-2138
-4783
-2108
-1589
-3329
379
4118
-1564
-1048
-2479
-175
-2953
-3974
633
-1694
266
-612
-1990
1
-1316
1422
205
1375
3685
-3777
-350
-3132
-3141
1219
666
2437
4476
2239
4859
1424
2586
-718
-799
-2416
-3066
-2493
2449
3677
2252
-4186
-4427
4862
1124
-2949
-649
1947
1734
-999
4500
3487
-1056
4356
2895
2995
-1560
3595
-2750
-3729
-4978
-2347
710
790
1720
-4701
3587
1705
45
-4033
-1917
3130
3459
-4535
845
3883
4992
4500
-1891
-3810
-2970
3310
-1587
4560
-66
-2954
1548
780
-2844
1011
-335
-516
-3519
4867
2074
-1369
-3697
-4408
3932
-1456
3026
-4763
1620
3127
-716
2055
346
2682
-2421
-1779
3828
-4216
339
-2378
4713
703
1774
4394
-4701
-1450
4779
-630
-473
-1172
-2059
733
4942
-4409
2208
622
1325
-3772
3069
-936
-640
3461
4168
91
-1284
-4155
-536
-217
4647
-3840
-2952
-783
-2844
-1204
-2063
4659
-56
-2954
1051
1873
-2586
948
2644
-1004
-2787
-4559
-4621
1732
55
-1488
-4642
496
-3444
-105
-2280
-90
-3507
3586
-919
-2484
3995
2738
-3934
-3481
-1081
-1327
1424
-1671
2581
3832
-3624
434
-3763
-539
-1271
152
-4279
66
-419
1430
3316
-735
-565
999
1923
2173
4073
3958
-2295
4861
-220
-4018
1065
-1068
-1476
3147
3148
3415
-3657
-775
-3312
3443
-1117
3494
447
2924
4162
2888
-4374
4353
-3602
-3340
4513
4396
-717
1120
-3374
-2798
2333
-2347
-1408
-1781
-4428
2079
-25
-399
869
4232
-2500
-3796
-4925
3219
-2341
881
-4702
-4552
-3952
-1075
-1990
-1954
-4424
552
4554
3940
4484
-4655
-628
1134
-276
2529
-335
2242
-3003
1567
2713
3296
-638
-2208
1385
3190
-494
-3599
-1028
-3362
1280
1864
3881
-1083
-2521
2788
4345
1828
-292
4986
-183
4426
-4390
-142
3637
-459
3979
-1589
2176
-1570
-578
-2396
1112
-1353
2779
-1728
-260
1019
2319
3214
-4795
3210
-2176
1029
-4713
-955
-3357
-3655
-893
1356
-3659
-4589
-823
1894
-4557
4105
-2782
-1508
-374
1231
-2244
851
-3560
2426
-3091
-315
-4972
-132
4011
-4574
4539
-71
-1117
-4963
-1271
-1741
-518
4785
-3971
1239
157
4636
2532
-2662
-1937
-2227
3040
3549
-1891
-2310
2889
-4529
1278
-4512
-1480
-174
4151
2548
1694
3414
2870
4520
3691
1127
-4036
3829
1383
-2309
753
-59
-4066
4762
-2674
4094
-2776
2746
-811
3166
-3802
-3969
2705
620
-2778
-4961
1604
-1296
13
2220
-763
-784
-4947
3676
594
4520
-1104
-335
-3224
-2294
1286
672
1022
4914
-2116
-4677
-2167
-3590
-4440
-864
-3039
-681
1563
2930
4152
290
1401
-2120
-57
1738
-4529
-4237
-2070
-4641
-4463
908
1298
-1029
1289
-1544
-3956
-1680
-4112
-1951
950
-818
4784
4773
-653
-4544
-2377
1456
3767
1783
-1280
-2206
-3916
1234
-1444
-4435
4850
1516
-1603
4735
2235
-228
-661
2558
-1411
-2192
1551
-2531
-4889
-238
-4269
1092
952
3945
460
-3490
-4358
-1727
-4980
-3834
1985
2740
4370
-4005
4210
-3265
-3524
-3271
-3141
4585
-3398
4912
-1951
-652
-236
-516
1684
3231
-39
205
1135
4758
-4442
2603
-4665
-932
817
-3275
-320
4208
250
1039
-2525
3836
4892
-1122
303
-1377
2611
4610
1589
2803
3945
-1204
1204
-3893
-2010
490
4540
-1475
918
1884
-4025
-4706
-1842
-1418
1790
-1697
-1245
-4874
1505
-3124
-3224
-2091
-120
1350
-4425
-4044
-803
1034
4725
1128
-1204
3887
2509
959
-3981
3207
2194
-285
81
3773
-544
631
-543
3898
-2224
2406
-3686
-74
4859
-3394
693
-3126
3463
-229
-2228
-2788
4203
4625
-4609
-4459
2965
-2170
2988
2753
1840
1371
-3758
1347
3059
80
1260
-2500
3787
501
4305
4454
2941
-4612
3168
4165
-1968
-3925
4251
-1373
908
-4433
-119
-3571
2853
-3433
-4876
-4500
2971
-4577
3232
-2626
-218
2729
-4273
2889
4317
4148
-2416
-1973
2412
-1041
-1788
-1857
1624
-3357
3589
2361
4390
-3077
-3677
1076
-4538
277
-4137
-4954
-3493
-1705
1341
-3276
-3919
4510
1293
-4098
2336
3107
4694
-289
-1412
2761
-1806
-3340
347
1024
-3630
2402
-3847
-2378
3645
548
-771
4241
-2654
3816
-1621
2140
-3905
-4233
2861
-2140
2757
238
-268
1105
4133
3610
-2750
1222
-176
-1230
1805
1279
4585
-939
-601
-4767
837
505
-3477
-4541
3153
-4477
2056
-3811
-1209
-4465
2323
2480
114
-3600
3110
2056
-3061
-2445
1984
-3289
-1039
3454
-504
-1550
-2372
3622
1961
1898
4198
-785
-1433
2282
-3081
1881
1247
-4438
4824
-2966
-1489
2276
-2197
4763
4022
-4044
3026
-2513
4236
-2357
3702
-2516
-1408
-4640
2120
3387
-145
2791
-1082
-4644
4365
-1747
578
3471
-3218
328
-4796
-3060
-4769
-4788
-4166
-2712
-1174
3948
-2606
845
506
-2601
1068
2614
-1948
3443
-3619
-1418
-3501
-3973
-1840
-2720
2557
-4918
-3944
-3032
2042
-2651
108
725
1723
2044
-2979
3936
-1923
3724
-2598
2906
-4534
-4507
4298
-4335
-3362
-3785
-2825
-2684
-1339
-3274
2972
-1894
4727
-4965
-2177
4442
-930
925
4495
-3559
-506
-3085
-4662
-950
-4933
-4261
-2670
-4645
-3616
3849
-1188
1160
-4614
2291
-4795
-2240
-3965
-2062
222
2324
1157
-58
-291
4291
-4472
-887
1189
2115
-4503
-715
3998
-2036
-1852
4866
-965
2914
3507
-1193
-402
-161
2852
-3108
-88
953
2131
-4189
-4694
539
-2824
-2174
-4708
4564
3183
-2900
-2035
-3540
3617
2778
1890
4108
-3741
1005
-1494
-3512
-1407
2689
1431
-4988
-3510
2722
-2553
-4219
-4349
-3054
4420
723
-4382
4578
-2535
-354
-3506
2159
-3046
-3123
-4169
-3664
4107
-4160
-433
-4759
-2376
1424
716
1634
-3194
-1447
2786
4756
2750
3140
1619
-1702
3074
-2686
-1924
4307
5000
-756
2444
-1436
-2922
1245
2044
-81
-1003
2509
-643
2296
3603
2687
-4130
794
3444
274
1244
4333
208
-2423
-1057
-1031
2568
-1294
305
4026
689
-1164
-1177
-1382
-3413
-4918
-298
-3778
3973
-3264
1523
-2726
-1732
1624
-824
-1715
2872
4853
-1670
-1698
697
448
-3180
-4571
2991
4595
555
-3924
1477
3696
-1181
2225
-4646
596
-3896
-445
-3847
-442
-4450
1687
-1917
3488
-2814
-3880
1621
531
3794
-2222
-1814
-733
-4138
379
-3620
-2466
-803
4532
-1665
6
-2161
311
-2159
2897
4672
-3595
-4490
2021
-3802
-4905
-1608
336
-2836
-647
-3534
-536
-1191
-2489
2022
2164
3570
1973
-1383
780
4443
-4782
-12
-4567
3031
-2423
-400
-1462
1183
649
-4549
-1204
2584
-4935
2286
453
1207
-128
-3849
-1240
932
-3637
2854
1104
-1820
2386
-3941
-3751
-1766
-140
-942
1635
-4712
-1462
-597
2825
-2616
2852
3183
544
4783
-3503
-1286
-1631
-1067
-4253
-1540
-2191
-1051
2225
-2344
-3003
65
-1270
3830
2495
4879
2778
-428
-92
2214
-769
-4674
-4824
-4460
-3485
104
2082
-784
3763
-3251
-422
4454
4369
2505
-3016
-1515
750
-1193
1015
-2388
-2836
-572
1348
149
4114
2342
-3644
455
2711
-1759
-2226
3295
88
-2689
-789
4251
1631
2436
-4163
1635
1391
4426
-2273
-4030
-3894
-3479
-793
-2432
-2696
4969
2527
2904
2493
3360
261
3845
-36
352
2112
-1872
2667
3553
4929
-768
-3095
-2281
2010
3307
-3249
2765
1429
-3699
758
-3032
3664
1016
-3783
-2782
2294
312
1307
-1897
2261
3592
952
-790
-2854
-1290
-1274
2671
-2832
3901
1425
-1939
-1092
2836
2911
3690
-186
-2356
-1714
-906
-534
1815
-71
3111
367
1392
-3978
-4895
-2122
-858
3701
3491
-614
199
2507
4205
-1860
3999
2448
276
-1084
-3175
-4725
885
-1837
-1839
-3614
-2660
1062
-120
-3160
3663
483
3227
-2958
-3725
-4710
3542
3194
-598
1947
-4011
-2563
3448
3022
3385
-14
-4453
249
-413
1372
-4405
1093
-1828
-3179
-2624
2134
-625
-3423
4082
-3882
2639
-3795
226
-3648
2373
616
-2286
-795
4107
-2005
-1795
4216
681
2917
805
-2542
962
4657
-231
-4680
1046
-1268
512
4358
3832
-2272
-4823
3490
1808
656
-1644
2336
-1578
-4069
-3350
-2614
-2778
2384
-333
-3254
3399
-875
2099
-1486
-3319
3760
319
-412
3370
2751
3152
1210
4838
2673
428
-3416
442
-2398
2430
4653
3319
-4475
-77
4714
3889
3781
2291
2094
1587
3851
-3221
1661
-4981
-2484
-1420
2649
550
-3859
-3301
-4500
-968
-4551
-4486
-2066
1129
4782
1775
-4957
-3781
-4660
-1910
2870
4791
4383
2649
-482
-2969
-4162
1874
-4045
3897
-555
2802
1641
-4259
4163
-4156
2090
-4284
567
2338
-4271
-2304
-3066
38
1029
-1150
-3102
4608
1656
-1623
-764
-2648
1880
-2113
-4330
2406
-2826
-1368
-4608
3126
-4574
107
-832
2619
-585
4545
183
-1006
-2264
634
-1417
2495
1125
29
1034
592
-3364
3129
1916
-3573
-4734
2179
-2293
-2160
3958
1194
4170
1606
-4688
-2229
-4277
-2420
3068
-1154
-2158
-2960
-3214
3445
-2683
4899
-249
2657
2867
-3663
-3287
-3662
3959
4243
4295
698
-1319
1562
-700
-3903
969
-3319
912
-2400
3213
-1235
1048
1664
1847
-609
2986
4540
-289
48
603
-1446
-1687
2254
2003
-2355
4147
-1651
779
-4558
2593
1937
-2449
1874
330
384
-4060
4599
2380
-648
2173
1852
-3049
-2105
1518
877
-982
-3920
4621
4931
-4428
3699
2036
-2257
-926
-3345
1536
4718
-1490
-4808
-1357
588
261
79
2621
678
3073
-3494
-484
-2275
-60
4330
4090
-2795
-499
-3583
-4615
-3110
-407
129
1776
-418
150
3267
-3473
2426
-4160
1620
1608
660
-3910
-1394
119
-928
4197
3470
2711
4103
-1008
-4282
677
1848
1493
3210
-3759
2524
-984
1999
3304
-2851
-1177
1342
-987
-93
-2178
1207
-4168
-4194
-2446
-2533
-2378
2137
-2070
-2894
-2012
1051
4150
1790
-4589
-1230
3446
2205
3612
-1231
2108
4949
935
4805
-4847
4700
-3620
-1009
2470
-1013
-1276
2506
-3462
-24
2175
1622
-1177
-4999
-559
3785
4209
-1548
-4155
-3492
-3509
-3930
4111
427
2093
-362
-1324
-3698
719
-2676
-801
1213
-2028
3583
4517
-1171
3347
439
-2220
4737
-2584
-795
1912
3604
1916
-1727
-619
3783
-2713
-3727
3915
2103
-994
-1887
885
4830
-1529
-2828
3285
-4911
3760
513
-3604
4083
-1164
4744
-2240
-4684
-4600
2903
701
-4928
4899
-1822
-3947
-1369
-2799
-4472
-2816
216
4328
3650
2149
1175
2309
762
-1027
1063
249
-4306
917
2427
3091
851
-1782
729
2550
1928
-359
1707
2212
4559
-1728
582
-4277
-2984
4462
-466
-1924
1093
773
-264
-869
1701
3079
1264
788
1385
3845
-1904
-2352
-3522
-4119
-4905
-967
-746
283
-2947
-3879
-2559
-3857
4525
-2965
4016
-415
1892
-3279
1289
798
-1429
2991
2748
-1720
3237
-1238
4057
2042
2874
2824
-420
2914
1571
4980
-3015
-538
2076
-4778
1231
-2630
4680
4871
2974
3950
-2381
4355
-4058
2652
-2357
-4023
766
4388
716
4631
1835
2477
662
413
-1618
-4639
3866
2658
-3922
1364
-2502
2711
-481
4240
4540
4850
-3761
-4254
2228
2489
-4911
3908
-3023
-3247
-4993
216
2110
-1690
2525
665
2391
3409
1093
-3453
-4493
-1913
-3673
3906
3492
-4155
1042
-918
897
-3925
-1166
4433
4382
-982
-1460
-3725
3324
-2335
1552
4094
-4946
4241
-1655
-4953
-4862
-780
-723
-3047
2797
-1194
4803
-1747
3042
2005
-3781
3713
1414
1335
2555
-4122
-109
4671
2791
-1860
-820
-220
4871
-2501
4768
1582
1761
759
4309
1452
24
-1106
-278
-1713
2869
1763
4954
-4896
3346
4905
-1997
826
2718
1957
-4501
4401
-3834
-2599
4957
1442
-2386
-1566
1657
658
-2970
4729
2824
3594
-3656
4009
2354
-4221
4490
-380
524
-1536
-1114
-4974
3283
-2377
-710
1465
1598
2460
-2180
-2989
-1075
-711
3166
3300
-2030
-4083
599
1914
-3893
-3657
-4952
2984
2474
-4018
1053
-12
-1407
-144
-1958
3739
3590
2469
2977
1618
-673
3011
-515
995
2584
-2617
-2162
-3516
2507
-4942
3134
-3992
-1376
4553
-2826
-601
33
4883
-449
-3994
-3428
-4623
-151
4302
1422
-659
123
3343
-262
3471
3726
626
-3328
1962
-2273
-4749
-82
2858
4196
-93
-463
4039
4078
858
3811
1931
1139
389
486
-4830
-406
-4929
-2536
-3677
-2772
-1831
226
-430
2355
-2586
-3394
4600
-2309
3598
1697
4628
-757
1070
-628
-3467
3662
1635
4678
788
-3172
-2517
-334
-1149
4630
4209
-4781
-4475
1921
102
-2651
1722
-4363
-3666
264
4889
-866
-1201
1825
4054
3155
4066
4525
1875
3877
1228
-297
-1356
3691
-3251
2919
3072
-2200
-3857
1175
922
-4151
-2098
3257
3601
1421
3309
-1839
2685
2966
2552
-996
-3459
2509
1435
-2265
2106
2088
1759
2435
985
4962
2310
2024
-1794
-3356
-2591
-4676
3470
-599
-3563
4554
854
-2769
-239
-3529
3790
637
621
4764
3905
-3797
177
3145
-2660
-3721
-3321
-231
1977
4961
315
736
2286
489
4191
-1818
725
564
-4208
-3958
-920
-2345
4877
-2734
725
-2723
-370
-4167
-4791
3868
2917
4414
-2078
-3540
-3667
956
3178
2212
-2813
-743
2048
-2071
-1547
-1213
2747
4130
-3060
-4259
116
-4691
-72
-863
3411
-3492
1343
-283
-3704
293
-1081
-115
4485
-2038
447
3842
-3647
3312
4842
-3036
3534
-2630
3990
-4693
549
-1283
2880
-2158
323
2277
3256
-4131
-2289
-454
-2549
2067
-684
1894
-609
3228
-2383
-1499
-4326
494
-3545
4694
-1513
1376
-3364
1110
-2322
669
3087
-1470
-1755
-1323
-3970
-1418
329
2060
3851
2204
-4335
4553
3309
-968
768
-4152
-1473
-650
-2411
-4933
-610
3639
-313
2131
-181
-1253
-1475
-212
-3983
-665
-2142
-629
-525
2858
-1259
-4188
-798
321
3348
-3393
-2183
-3279
-1772
978
86
2390
1632
-4566
-4110
-1442
-4312
-265
-3414
-2704
-577
-1849
-4482
4240
-176
3107
-3647
2146
2439
1827
2889
2746
877
-836
-3145
383
-2509
4604
-1707
3800
1993
2386
4793
-2603
327
-665
1869
-2128
3702
-1232
1760
1323
1193
3937
-680
1076
642
634
4058
-3966
2095
-941
-4258
4005
-4910
2838
1143
-1357
2684
-778
2356
457
-1501
2498
4800
3482
2551
-3221
4897
-4733
3991
892
-1456
-1403
-318
745
532
-1568
542
4807
-4899
2602
359
-3268
4129
-4649
-2918
-1077
4111
3578
3353
1193
4096
2302
-2870
4864
-2982
4931
-4463
-4001
1365
180
-2672
2153
-3015
2842
-4230
-1976
2784
2367
-912
1960
-3289
2868
86
-2755
-3723
-2364
-816
409
384
1505
-4875
-2468
60
-276
-558
2949
3427
-3549
4239
4866
-1462
-316
-3458
1702
-3891
-3600
-3008
4241
259
-2602
-2370
3393
-891
-2279
-1529
-1435
-1480
-1553
765
-3263
-745
1469
3498
1984
4245
-3180
-3132
-3764
-3072
-1266
3212
2229
3082
338
-3189
-243
-3198
2422
-4586
3655
1947
-4035
3929
-2086
4595
3876
-4481
-4732
-1278
-4756
3370
-3046
-2854
-210
-4912
3059
595
-4673
2112
4837
2821
4796
-734
-128
-4319
-2520
1537
1527
3830
3310
1591
-4831
3622
-2228
-4315
-1904
2573
-3972
-1765
-3786
-3082
2386
-4180
-2318
1351
-3893
-3333
2332
3872
-4386
-257
3547
-4344
-3390
4139
3485
3058
3837
-421
-4021
4003
-4693
268
784
2066
-2652
1150
4883
-699
4848
4021
250
2269
-3593
3163
-4189
-1942
1635
4240
3868
3880
-2111
-4686
3782
-2973
-2710
-516
2340
-72
-1853
-4378
-2311
4907
4152
2710
2083
-4719
4551
-4655
3031
-4769
-3626
4210
-2313
-3104
-2084
2968
-2784
1724
-1788
2164
4422
1336
2279
3699
-2115
-4065
208
-2960
1537
3390
1281
3945
444
4578
-1125
4024
2491
-3036
-2425
1534
622
-2281
3268
2801
2272
4799
-4995
-4384
983
4331
2165
1547
-785
2106
2091
-363
392
4841
-169
4725
-3507
4810
-1758
1333
2555
2666
2392
4036
873
-720
-1477
-2326
460
2164
1069
-577
2417
-4573
940
-174
-4647
1717
-651
-2377
-4460
-1284
-2296
4381
-4534
-1282
695
4007
4297
1351
-2205
1736
2981
2423
2384
-2064
381
3630
-2520
3876
-2431
-2861
3294
-4755
972
289
-963
4005
1309
-2232
2690
1494
2908
-2090
-3878
2807
-4021
1029
214
1350
1774
3551
1183
239
3654
-1183
-2150
2294
4770
-2120
-4751
1920
-2580
-694
-374
231
-2825
-4978
1735
4989
4476
990
801
-1374
-3401
4216
584
4825
-1782
-4358
4384
-4983
4154
-3173
4713
-2243
-2857
-3697
-1272
-985
-4714
3408
-4799
1139
-2228
4546
-1831
-4187
-1325
-3508
362
47
-500
-3171
-1959
-547
4907
1162
938
-1409
-1040
4469
2142
1204
2993
456
2291
-3168
-3155
-3197
3165
-1835
-2154
-4021
1135
4095
3864
3307
3631
-3878
-609
1247
-720
1480
-2051
-1689
1706
-2774
-2762
580
-842
4854
-2139
2333
765
-3874
-1428
-307
-1907
-1878
3795
1560
-1025
-2836
3569
-3965
-423
-759
121
-3823
4292
-480
-2927
-3608
1662
3108
-2572
2025
-417
4338
292
-4591
-4882
1612
-2651
-1890
-2092
4673
-700
2300
-3438
-3082
4067
-4612
-4004
-1250
4579
3638
-158
2710
2350
-3214
2459
-3393
2549
1851
-1624
2999
-624
-3344
1985
3973
1037
-1594
-761
-4174
-3536
-1204
2612
970
-543
-4842
-1266
3005
1386
-786
-3950
-3480
1151
359
2362
-1148
-173
4171
3555
-3679
-1097
-4729
-329
-4685
2779
2486
-865
4617
4130
-3214
-4936
3280
1260
-3217
-2184
-775
-2676
-510
4259
543
1042
-647
909
4091
-4739
-4125
-3980
-2517
-549
-1382
-2144
-1185
1620
-1201
-500
-3837
-2361
-395
313
-294
-3796
2053
-750
3146
-3992
-355
1805
-3861
1177
3571
4859
-3896
-4361
4589
4509
1753
-4804
4796
2055
4293
3611
3975
1542
2211
-3898
-4633
-1469
4857
-4915
-3291
-2025
-4039
3092
4995
-3154
4592
-3683
3334
-4067
-2574
2036
-3218
1489
3433
-3644
-2927
-3965
-1935
-2953
3957
1533
968
1622
1233
2410
34
-2220
-758
-2666
-1351
-4819
-964
-2583
-2898
4312
2996
3815
262
-3097
4559
-3596
2232
406
1433
3274
1887
4999
2730
966
-4880
-2159
3462
2257
-658
3532
-87
3234
-1489
-1416
2696
-4608
1299
-968
-1903
2538
1898
-3129
62
4969
-1961
1090
1897
-1889
1264
-1015
-383
2022
163
1487
3472
1478
-2927
-279
-1090
-254
-4365
520
3084
2504
1532
-1576
1173
-1153
265
1833
376
2572
-2999
1077
1206
2914
2342
-4560
-3285
1359
3554
2798
-2290
-3703
2709
2711
380
-2312
-285
3992
158
-4472
914
-2513
-972
3267
-4859
-4270
-4337
1582
-1263
1939
-4839
-41
4977
-900
-4328
-3600
385
-2510
4004
997
-2192
-2670
-4698
-2559
-4570
-2986
-2355
1183
756
3229
-2968
4313
-2281
-3023
-1974
-944
-1092
-1696
3448
-4294
4326
-899
4572
703
-2786
4884
-3182
4369
-3181
508
894
2164
-1257
2225
-1066
-4700
933
111
3176
-2717
3553
83
3993
-4241
4891
-2243
1364
2935
-1835
-4737
-1012
-4739
-4449
1305
3451
1785
798
-2590
-1282
676
-331
-4843
2872
-4064
3609
963
-4354
-3075
-409
342
4965
3930
634
4469
4306
511
-1023
3018
-2960
-1155
365
4623
4378
2310
4676
1914
-75
2169
479
487
-630
-2351
-2691
4604
85
-1152
-3715
-4268
3033
3890
-34
976
3841
-418
-3117
4193
4130
425
-2195
4661
4689
-2549
-4557
2450
-4418
2829
1141
-752
905
3432
-1163
255
-685
3643
2229
144
-3076
-2166
-580
-1300
4642
-1632
3441
4470
3914
-2359
-2758
4167
-4491
-4903
1029
-4871
-4443
4096
-3089
3776
-950
-633
5
-3854
-1407
-2528
-3861
1692
-1450
711
676
349
-3993
-3078
-2320
-2186
4967
-1129
4932
-2099
-3512
2484
3050
557
3736
3203
1548
2615
-104
-4432
4927
-1867
1921
4900
-1374
1212
-722
-3543
-1188
-106
-4614
3022
-3928
-1577
-1336
-3072
3510
2761
681
2083
-156
-1736
-736
-1786
2192
701
3412
-1540
753
-1963
-4273
-2404
2915
3945
-1408
3103
79
782
509
3266
4147
4744
2678
3598
3102
-374
-3739
1887
-1758
4781
4910
-4246
2044
1638
1199
-1710
3119
4721
1551
-2807
3022
-3121
-968
-3645
1902
-774
665
-404
-1192
3489
-2072
3648
4458
2647
900
-1601
-3040
173
-1034
1304
4323
2225
-141
4981
2970
3132
-1651
3921
-1570
-3942
-3977
2870
-3401
891
-3657
-3053
-2999
1544
-445
-548
3362
952
-2603
2107
2295
4802
3031
-199
1815
3269
-4387
1016
-357
4386
-3491
3519
-3085
-293
3406
-3784
-1400
-2350
3448
1304
1600
4133
3420
491
1599
-1025
2988
-572
-4901
-3626
-1280
-4600
-4326
3883
2146
1455
-1094
348
-3728
-2331
3146
-1725
4076
4700
3973
181
4490
3167
2162
786
-1503
-4403
-384
-4074
-1024
-621
-1148
2219
-886
-2336
4609
-354
3997
-1759
-2769
492
233
-1171
2768
132
-2066
-3116
-2715
-305
562
-970
4146
2660
-4714
-130
1449
-924
4578
1462
4548
612
3215
1761
-1401
-1432
-3638
-4670
1798
3491
2435
-2949
-2506
-4534
1100
-1574
-1944
-1522
415
-2767
2811
-2518
4981
-2801
-4362
1628
2253
-3601
744
87
-1989
3567
-1076
3496
750
-4662
2717
707
4934
-4496
4915
-1585
-974
-3857
4037
-765
-2142
-3007
2678
-2165
-1352
-3456
2688
-1601
1071
558
4018
-2952
-4520
-2460
61
-955
-4818
993
3606
3984
2672
3618
2303
1699
-3911
3911
-1483
-842
-3909
-1651
-578
1117
-2826
417
-2647
4918
-4706
-2216
-3183
4614
-2739
-3139
-3061
-1272
2940
777
4633
1337
1091
-3274
-1825
777
-4875
3151
4615
4832
2114
2963
4361
-151
-3277
-1603
-3627
-3636
3271
1953
838
1471
882
1284
-4910
-306
2215
4630
-2585
4076
-2837
4019
-932
-1467
-4508
-1731
-3833
-1609
-448
4402
696
3725
-2170
2818
737
-4726
-3369
-1517
195
-4428
-3023
4208
4641
1427
-3137
-4409
3170
-1319
-1650
-172
-3020
4616
-1209
344
1870
305
-610
-1778
2101
-2597
-3880
-2686
3979
-767
-2531
-4334
-2361
2358
2285
-1374
2289
3412
4947
3215
499
-1007
-607
-1999
-1246
-2146
3953
4936
-4208
1811
-1998
-1224
-4899
-1752
1066
1527
1895
-4060
-2682
-1543
3825
2526
-2061
-3718
-3028
2916
-3195
4306
-3197
2836
-4223
-4369
454
3611
-1739
545
229
2158
2784
4776
-2082
-1523
-182
657
-2536
475
-774
-4796
-427
2339
-1739
2706
-3426
21
3825
-3593
1707
4509
-3851
-4081
2501
-131
-1405
4206
-4083
-4729
1708
-870
371
3706
-566
-1893
-3560
-605
-1088
-3712
3931
-3784
398
4282
1281
21
-4471
-4109
-4708
-42
4236
770
-2708
3535
1569
-340
47
-2685
-1827
2967
-3734
3796
3698
1812
2036
-4973
-1785
2043
2793
3198
1067
-4821
3829
3057
1691
2167
119
-1198
1041
-1810
-1510
4189
-463
-2391
1126
1492
-3670
-1566
-1429
433
4492
4261
4270
1564
1479
744
-2619
-1767
-1941
-1441
4073
-4839
2845
3569
3067
4879
1127
4070
4963
-4653
-2123
-1847
3946
-1192
4066
-238
-1032
-315
1366
-160
-1892
4474
-3997
1383
-1748
-2243
3404
-1266
-4054
-4558
-4818
-4057
-3117
770
696
2745
4421
-982
-3277
4459
-2367
3851
-2631
-3974
1520
1752
2167
-2345
-1308
-3673
1187
-4335
2275
1763
-2766
-2494
2180
-558
-4264
-2674
2806
885
2513
-1564
913
-2817
-3859
-126
1712
3756
778
-3214
-3787
-3579
3646
-4400
4336
1722
226
1319
644
1978
-3679
-3201
1434
-89
-1754
562
511
2910
1527
1813
3850
4950
3615
1699
822
3813
-1029
-2676
4242
-4522
207
851
-770
4863
-4187
-1228
-3900
-2977
-3503
4993
2515
2176
-3432
-1514
2024
-1263
4452
-1142
4539
1614
-782
3592
-1499
2712
-1142
1582
-2849
-4029
-3600
3632
-4912
2867
-515
3545
948
4683
-2420
1527
-804
3279
-2624
4363
-484
3222
3403
-4989
2040
3846
-452
-1113
186
1381
-3560
-2208
3265
-4603
1602
-642
2670
3604
-992
-4657
202
-3836
4537
3019
-4691
-4011
2719
-3983
-2423
-1586
2497
4889
3554
2647
-2843
368
-3941
527
-2188
2518
1381
-789
-3466
-2098
3319
384
-2734
1553
2634
582
-3677
2418
-2285
-632
856
-3126
-1035
3000
-2752
-1588
2336
-4585
-3207
-4764
1554
3410
713
4494
216
2107
-1250
305
2326
-939
749
-507
2971
678
-1214
425
-4948
3815
2823
2625
1765
-213
-46
-2374
-4638
2282
4751
795
-785
911
3573
4148
-2076
1617
4483
1842
2017
-4414
-2258
3740
-1988
3094
-1700
-2207
-2490
-1017
1915
-2170
3557
1333
-4080
1863
3439
990
2840
825
2519
-554
1100
-3900
1652
-4117
476
4505
-3421
-1581
2721
-1086
1309
-1128
-3304
-375
-2800
-2660
4510
-1041
-4665
-2766
904
4066
515
-3704
408
-3619
-1711
2951
701
1867
-2638
-1627
-4394
4873
-2092
551
-4708
-1474
3153
4849
1787
-2221
-690
2922
3418
-1162
-1615
1575
1576
-2334
2144
2249
-4920
-1396
856
-2594
4289
4774
-923
3432
2892
127
-1127
1674
1246
-945
-1209
-4867
844
-304
-3747
-3192
2915
-3446
-4294
-2143
-1362
4740
3815
-3066
4626
-277
3210
2519
-1830
-409
-2222
-352
-1457
-2652
-3600
2457
1951
-2354
4048
-4129
2957
1485
514
-1222
767
4661
-4363
-3309
-2673
3032
-141
-4797
3562
-481
1111
-4318
-846
-2561
-3675
349
4931
-2462
-3392
4958
778
4493
1596
-2314
3933
2293
-2066
-2984
-1071
2321
1213
1154
-3618
-796
4599
4505
4161
1415
-3975
2237
-2264
-3928
136
3710
-1811
-114
3126
-4966
682
-1693
148
-38
893
-1099
4979
4565
2052
-3141
2049
4382
4394
4566
4925
-3763
-4094
-2456
2973
-3415
-960
425
-1998
-4476
1348
-3414
-3512
-2076
1486
1504
2206
1140
2224
-2168
2105
-1811
4863
-1715
-3253
4672
638
2573
182
-4268
-1294
4629
2437
1586
1122
-3518
4110
-196
4069
2917
-3176
4854
-1847
3225
-2252
4958
820
-4980
55
1489
1527
-1613
2202
-4013
-2958
2533
-697
-2491
-2539
-4037
760
-2437
-672
-627
1223
6
1897
-1810
-2734
1034
-2300
4321
-263
-3506
2660
-2804
40
-1467
-2296
3030
3873
-3121
4100
4158
-2446
4631
3181
707
3960
-3001
336
-4350
2102
-3091
-1883
3971
-1544
-3829
4728
1238
-1188
4443
1073
-1242
-380
3919
-3355
4446
431
-4873
4824
2554
-2817
-4079
-1743
-3323
3983
4914
-1307
-3821
226
-3974
4230
-423
-1524
2274
-3325
-3714
1843
677
2054
-2918
-2849
-2161
1917
3962
1562
-3455
-4461
-1871
1847
-1345
3914
-2713
437
-4628
1885
4589
3565
200
1070
-1745
1289
-263
1231
-3384
-2178
3948
-3388
1682
630
3626
3237
-2972
-3156
3278
-3148
214
1823
1029
3721
-824
-605
-4599
178
-330
-1449
1088
-1446
-3246
-2915
-680
-1971
-1578
-4212
2118
-4376
4968
-4192
3953
-4763
560
-2867
-4599
-914
3393
-2282
-141
-4002
2005
-1807
4810
2730
354
1948
4319
4816
2995
1850
44
3786
1165
-3284
-4702
617
3047
4915
1786
3325
2888
-1698
-4833
2437
-571
-1604
-3247
3881
1747
-4985
-1257
-2160
-4080
-1005
-2786
-824
4920
2040
3294
-2862
-1234
-1315
1843
-1374
-81
-442
-2923
-2356
3648
-4367
-4746
1461
3643
-77
519
2868
1870
-3921
4084
-2722
2098
-600
-4674
535
-418
-461
3115
2097
-4458
-3073
1105
904
-4394
4213
-4233
-3558
-847
-888
-3595
3165
-439
-2010
453
565
4159
-1288
768
417
-3150
-3627
-4186
-4934
1054
-1923
-3843
274
-4623
-4176
-540
1591
-655
-2313
4988
-4164
-3250
-4415
461
952
-2139
-4503
-4296
1824
-4250
351
-2591
-4262
-4578
-4335
-2196
-2390
4063
1484
1400
-3140
3247
4558
3202
3842
1648
-827
-1108
-3281
2727
-2405
-3775
-4154
858
-771
956
-2979
-3397
-4439
-58
-1701
-2800
-3098
-2740
2938
-4079
-200
-622
-2592
415
4862
-2686
4230
868
-4622
117
4897
-1274
4565
1061
-4246
532
1522
4004
4051
4171
-827
-410
-4276
126
-650
-24
-322
-119
3576
-1925
3923
2170
-1515
-2039
4186
-1091
-3633
-3607
-2958
4118
4368
1830
3507
3080
4089
3782
-3728
872
1931
3612
-4656
-3183
836
4083
3377
-1830
-4159
-3257
2317
-827
-613
4413
-4919
-3936
3961
3959
3462
-182
3354
-998
1
-522
2857
1277
-1510
1649
3751
18
3688
-4923
3319
519
-2883
4247
2637
2817
-813
-2114
-3246
-463
1686
1810
4420
-1745
2774
4236
4064
-2216
3400
-3993
-4026
-1701
2770
-2995
4041
-1454
3381
3124
-1609
-2548
2055
-1619
-2844
2037
1589
-3246
-542
-1844
709
-917
3217
4093
3076
-1317
-2475
-199
-2077
4459
33
-2610
-2429
3646
4895
738
1579
-4219
-1709
872
698
2353
-4590
3992
2053
2807
3991
3531
612
-4794
3545
4547
2076
-1769
698
1746
2872
4310
-799
-3381
2146
2701
516
4906
4107
-1792
-4552
4311
1574
-3310
-4444
1755
1636
1586
2817
-2838
-1870
986
-2040
-1448
-1621
3144
-2980
1620
118
460
868
-2848
-1551
86
4775
-1919
-3648
3409
-127
1998
-2237
-1522
917
-3436
4184
-3647
2337
-210
413
1375
-4375
-4385
2340
4807
-3512
-4622
-425
3349
1946
184
-4738
3181
1283
4907
4166
-4915
4506
3258
4910
-2641
-4866
400
-2128
-3856
2302
277
4582
-2321
3467
-1844
-4364
-1371
-4848
-3856
1423
-1258
-1490
1434
-3632
613
-3941
-2010
-4666
-3146
-4555
-4359
1324
217
3713
2207
4456
4400
4817
93
4667
-2724
-372
-4686
-3067
3891
-2804
-1526
-80
-4756
-1551
1211
2472
1833
1366
-3223
2119
-4042
-4399
196
-2753
-2267
4011
-4515
-4365
2022
1784
4440
-3331
-2962
1703
2316
3907
1368
-883
-1025
-4613
-2775
-774
422
1740
-2263
4135
-4282
-1932
-3079
-2322
-3024
4891
2223
-2267
-2562
-767
183
-1134
1665
1954
4016
-1402
1623
1119
-4696
-4049
-554
-3004
-2401
316
-589
2304
3597
-4786
2138
-4117
-3801
-1756
-1985
235
-2803
4320
-4034
3605
910
4897
3066
3452
-3497
-3989
-76
4875
2367
4739
-2024
1846
-1236
4552
-2130
-977
219
-1427
652
1704
-3974
4830
-1899
1993
-4614
-3803
2904
-2191
-4823
-201
2526
-3969
-1110
983
-3207
-563
3942
-2958
-3882
3610
-3698
1085
3649
-4290
4264
3171
2081
1964
1195
-271
4914
-1387
2858
-2307
-1720
-1223
-1808
4722
-4169
3127
938
4888
4438
2827
4096
-2696
4304
-3785
4875
-335
3783
727
-1460
-476
4285
-4517
2081
4214
1183
1662
-2153
-1814
4638
834
2279
2705
-1139
-1351
3734
-423
1501
-1659
526
2978
-3873
4718
-2555
2056
584
-1642
-4528
-3996
-703
2860
-3847
-16
-740
-3418
-1007
4069
2287
-2753
686
-2395
-3778
-2036
-4170
2430
4959
-2311
-4319
1888
-3153
-3394
2527
-1756
4433
367
2474
3295
-3994
2598
790
-2916
-4815
3881
-2508
-2684
918
-699
2576
2243
-4115
-2856
4110
4712
1829
-806
3882
-1927
-4243
-604
179
-849
4591
303
-3053
-2220
1141
-3562
-2069
-1277
1438
3221
-2612
3190
-2305
-1879
-668
-3547
-3314
122
4876
-1542
-144
2342
3293
-3447
-3458
1270
-867
-2627
-1371
966
-3639
4971
1264
2481
791
122
-1495
2205
-4271
-921
4181
2941
-76
1026
-3376
4076
-2809
4164
-4725
4978
-4089
1941
-3879
-839
987
-171
4341
1128
-4440
-4717
-65
-2616
-3195
4919
4541
-1348
-1814
-4086
4593
4299
3907
4031
-2775
-4391
-4361
2227
-1763
-2343
-2711
2546
-1036
-3887
1071
-3802
-385
32
-3609
2783
-3659
4556
-4094
-3092
-3133
1369
583
2017
-4343
845
-1531
-174
-3123
2914
-4235
-4704
-1171
-590
-4276
3362
2717
-4565
2160
-1282
-2530
-2000
3520
4946
-3003
-549
1549
3367
-4667
-3037
2893
-4241
2751
3384
-986
-3365
235
3559
4227
2147
-2629
967
-4349
3504
-534
-1393
-1400
4240
-1484
-1834
1471
1310
-2789
4993
2280
1555
655
4264
-534
991
-2412
-878
619
2739
378
-1353
-3058
2253
-3156
410
-3429
-2482
1596
1099
-1171
-498
-2586
621
-1239
-4864
3280
-2320
3161
1982
1732
-3681
-333
2892
-4346
2433
4583
1455
-1201
-376
3291
4290
-4620
4294
4709
-2240
2126
1819
-2206
207
-1471
-340
-2052
-2810
274
-1847
-2513
2452
3884
-1481
-2751
3510
-1164
-2225
3142
-3733
303
4210
-4968
-3094
3172
3244
-1820
-934
-4936
1045
1602
-4897
3125
-2940
-1312
4631
2817
-4994
-1031
-66
-1901
-3955
1733
-4154
4471
-2495
-515
-2475
1717
56
-1878
138
-3831
3670
-2853
4414
-3007
121
-1048
-1533
-3833
-1844
-1894
-3310
4190
-4984
3835
3744
-727
-3279
1914
2286
-3488
-497
-4724
-3094
4714
-2003
3094
3453
-3309
-3306
-1147
4028
956
4232
-1191
1537
-140
739
2330
2164
872
4003
-575
4249
-3328
-38
3929
-1985
4155
-2969
2484
3724
1637
2460
1358
-2966
4255
2617
-4526
-4545
-1206
-4990
-742
3744
4240
-2895
-3545
3189
-294
-4893
-3514
-4262
2884
2293
3548
4742
-3019
-2363
148
-3235
-2975
-1829
-3606
4480
3750
666
1326
-727
-3869
3144
-1642
-638
-2577
-1685
-4941
4055
-4766
770
4379
-2623
-4415
-721
-1513
-4874
493
-3204
-2080
1759
2469
3074
-3210
-700
-1593
1517
-3624
-4615
2875
2658
-2405
-361
-4446
2115
-4783
1889
3890
-4675
2070
-373
-985
-2010
-2096
-42
1177
-3164
-4868
-628
-2773
2734
3805
1717
-1472
3195
2500
2181
-2115
-3024
-4039
3238
2623
-4884
3141
3368
1322
-2246
4222
1279
-3270
1429
-4449
1510
-462
3948
2996
-3554
-4183
-3715
-4468
3265
-4908
-4310
-3775
4650
2572
-1007
323
993
709
-2352
-2713
-1448
-1473
-450
-2546
-2106
-3758
739
-1392
3308
2750
2404
3669
2186
4265
4052
4229
-3076
-2582
1591
3012
-304
-2835
4535
1892
-4300
9
-1910
-4219
4787
-4506
345
824
-4079
4099
-985
-1825
2114
2437
-3929
1050
21
4108
1609
3165
-2916
-4815
-514
-616
-826
2000
-2607
3663
-2254
-2413
3541
4632
-3029
-1879
-3542
331
-4234
-1900
-4905
-4287
1284
-5
883
-3108
-4764
-3755
4273
-4054
1948
-3107
-262
988
1748
3489
-1649
-1757
2485
2990
-103
1521
2777
-3170
-1192
2999
-4516
-501
-4069
2857
-4311
266
-706
-3344
4210
-2092
4063
-116
3315
-4480
-3652
-597
3795
2893
4211
-2221
-1269
-1303
-881
694
-2219
729
2269
3810
302
4139
-417
-643
-1125
1858
3258
-1231
950
-4421
1914
-2940
-2382
-460
4849
32
-1414
-1712
3925
-3482
2816
-4918
-2510
1280
-2302
1475
3505
1837
3995
-1322
-4435
-3810
2850
-1508
1359
2386
-2877
4887
4518
-507
-2012
-2360
-4213
376
-284
2600
-2954
-3840
-1111
-1582
-3088
-942
-3193
-264
2734
2467
-3270
1380
4980
-2138
4709
-2286
-4028
3196
1528
2884
3232
2622
-3794
132
-2316
-4469
2810
4674
1160
2616
-2876
-94
1696
-313
3872
3223
-3622
2792
4576
590
4037
3897
-2772
-4168
-2679
2179
-487
3456
1168
3978
-4596
-1888
-345
3710
627
216
-40
3624
2750
2134
-2830
-4034
4222
-3426
2804
1878
3785
-784
-2349
3439
-1795
1205
-1796
2922
-4242
-2319
2274
2150
2163
2654
-1289
-560
-1704
-4474
-1986
2874
-2309
-3905
2658
-2672
-3280
3869
-1456
-4905
-861
3691
-822
-1292
-3656
-4771
-954
3596
3107
-4641
-3304
1134
-2368
-4202
-4427
4876
3200
-3321
-3056
3045
-2757
4096
-3733
435
-3470
-3368
4319
-2272
4799
1154
-3303
-4578
-1320
1650
-1562
1024
-2438
-3945
360
2247
-2712
-1292
-2548
2391
215
-3315
-4526
2823
-2998
385
4430
-3955
120
1551
4289
-3656
-841
-4595
-423
-3945
2267
-4142
907
1839
-4963
2491
-4081
-2629
-4418
2360
-4272
-2086
-4103
3797
-3591
4572
4135
-3738
3285
-4238
1664
-1523
318
736
-3525
669
1834
-225
-4522
3059
-1175
702
1972
554
-3900
3559
-1028
2826
-1524
254
3843
3993
-4041
-3997
-2774
-4314
-365
-4821
-2045
-2108
4131
-1544
-2375
-4354
2693
2724
2405
1072
2407
-3176
-4409
4005
-1943
3970
-154
-4303
3692
-951
-4178
-2381
2274
485
2452
278
676
-3887
531
2366
324
3781
1889
1780
-1520
-4929
2650
-568
2041
4557
-2180
-2084
4137
2120
-4810
1632
-3122
4023
3484
1661
-3770
1153
-877
-2459
4210
2058
-1753
3731
-4706
-2350
-531
-1560
-3784
-4257
2194
1776
740
3690
-1565
2589
-2881
1882
-2465
-973
2246
-2497
-159
-3679
3567
2066
819
2298
-2041
3912
-3211
1536
3188
-1903
-2238
2161
4065
-2733
-1749
-1044
-2586
-266
-3305
1357
340
-870
-4478
132
-3481
2873
-4694
-2273
3216
956
3064
-190
-567
-206
4201
-2657
11
4938
-4486
-4318
3675
-2364
-2912
-1108
4382
-1037
3070
-339
-1457
-1415
-3191
256
1388
3776
-619
-1725
910
-2435
-2598
787
4396
3428
1893
831
3305
2460
2147
3327
2917
3494
2075
-1096
-1952
-2408
2388
3662
-1551
1503
-602
331
-2657
2944
-2671
1370
-2862
-2047
-1177
1388
4530
-3962
1989
3888
-1200
1648
-1646
1471
-2056
-327
4188
-1160
-3662
4569
1708
1164
-18
-1361
-320
4967
4595
-1119
-1667
-127
-3487
-2194
2281
-3249
-3785
901
441
-730
-757
-294
-2327
-2809
1235
-1013
-2351
1223
-1729
-900
384
-87
-691
-2905
4287
-3877
2162
3106
3037
-984
3693
-4314
4161
-3499
-2329
-30
-1341
466
-497
-4988
-3550
-3635
-3039
434
-2148
-664
267
-3259
-1321
1581
-2807
-1691
4642
3345
217
3610
4960
1
609
2550
-2239
3415
3745
-3055
-4186
-726
3072
2419
-3701
-2223
3706
-575
-2078
-361
3702
-1379
-4211
4405
-838
276
-1242
-4554
3453
-512
1342
-4015
-3114
389
-4940
-4725
-3922
4537
-3807
913
4520
-2222
-4710
-4785
-3270
-3941
-1769
-3994
569
-3597
-4691
4636
1583
-3762
1341
1098
2988
-1347
-3090
-973
-2043
219
-4187
1871
3852
1295
-3150
405
1336
-750
-1165
2262
4342
3877
2491
4695
-1640
-4235
-3122
-3930
-3986
-2878
-2414
-2994
-1300
4248
3860
-2345
3495
963
-1260
-2581
-2523
-2575
3448
-2276
-1406
-534
1710
473
4358
521
-980
2042
-3397
4327
-3947
-138
2064
929
2977
273
4401
-3811
-771
-725
3768
-709
-947
-3676
-4043
4709
3595
707
1796
-4099
-4201
910
4639
355
-2184
-4188
-217
-4488
-4261
-4881
-200
3362
3761
1505
-2019
-3166
-2097
-2098
-4069
2904
-279
1543
-1378
2775
3014
-2224
4169
-348
723
-3403
1783
2792
1044
215
-4103
-3777
4026
2579
101
2236
-4393
-986
877
2807
4307
-2776
-2088
4087
4776
-2725
4241
-1791
138
-73
539
-3216
3339
-2349
4291
-4122
2750
-939
3747
3141
-823
4261
499
4555
445
3736
750
3580
-4836
-3037
1675
3218
-1230
3153
375
2102
-4713
619
-1492
-4821
-297
1963
-4745
-2336
-3722
3976
4337
-4538
4790
4628
809
-3862
2751
4456
2386
-2129
1173
1159
-4092
2761
4914
-3904
-1679
2571
789
-1337
-3466
-1962
3782
1533
-4569
1766
-2689
1252
1929
-3417
2052
-659
-2029
-4922
2601
1147
3320
-1672
-368
-4910
-3448
4328
-57
-1945
-2709
286
-4517
-3033
2567
-1497
4125
-3152
-1723
-4064
2533
-1763
-3616
-3431
-3075
-3517
-2762
1186
3056
-4554
3061
-619
-3579
-4429
-1923
3218
8
169
1283
-1456
2806
-2461
-2207
-1177
-4134
-165
2686
1140
2680
-2770
-4221
4575
936
-3270
-425
3870
-270
-2242
4834
-3682
767
-3032
-2847
3175
645
3749
3828
3705
3505
-948
1883
915
3621
-1086
-228
3450
3907
4039
-4134
-360
3135
4289
-4153
2762
-3869
54
4646
3527
-948
-1822
-1725
755
-684
-4696
3725
-4417
1691
-1717
3877
4067
-4526
3556
-101
-2942
-889
-3614
-3775
3525
1806
4808
1803
-4903
1159
-2113
3031
-2871
-1143
2576
-4441
-2449
-894
4838
402
730
3397
3115
-1785
2883
2113
-3009
-90
4285
4206
1194
1269
-2246
702
-4462
2897
-4403
1869
2823
-811
2541
-651
507
2419
3276
-3940
-3381
215
-2419
4274
-1463
-2724
1337
4894
-3233
966
-2106
2578
-25
-68
-2494
1770
-1046
2807
4261
-985
-3287
-2357
1973
-722
-2972
-3108
-1052
2731
-4019
2646
-2456
1607
-329
2355
-4209
415
-2605
3181
749
-648
3175
4196
-1136
-974
3196
1405
4912
-1131
471
-2433
1055
-2649
1422
-346
-1387
2110
1577
-600
-1154
203
4548
4752
2687
2921
-4819
3187
-3908
-4365
1758
2171
2086
-4747
-252
-4155
-1045
2062
-2630
-2722
-530
-152
-4436
-2507
348
-4026
-654
-555
712
1352
1372
2581
1951
-1431
1749
-2509
325
-4363
-1171
-3006
858
4333
-2934
-3125
-2447
1959
-2396
-3677
-1036
4098
3113
2266
-3701
104
-3528
3701
4245
191
-4354
3484
-3792
-1925
-1737
-3384
-4317
2075
692
-361
1034
-4023
1437
4074
3230
-4960
4297
3779
182
-1919
-2638
1018
-3601
3311
-43
4651
-2855
-2517
1323
4087
-3868
-3439
804
-126
-4265
3109
3283
4201
3095
-4261
-766
436
4887
2314
-4784
-2741
-3987
-1044
431
1289
-1325
-3041
4093
-3772
495
2719
-3210
2694
-1383
1328
-2241
-3782
3852
1353
1000
3552
-4150
3690
3211
3511
4232
1154
-2286
1570
2764
3226
2720
3907
-4238
-300
-4448
-4508
3897
-2741
2050
-1634
2826
946
4034
-2023
4625
-4915
-4451
2963
-4167
1407
1291
-1061
977
-1011
3327
-1499
-1681
1213
3300
854
-5
-3190
1444
-98
-2693
2618
-1912
-1112
1827
-2182
-2732
1023
2464
-3417
2984
-1782
2138
-1656
-1564
-1658
4639
-997
1352
2990
-1323
-2352
121
-263
-2734
1302
-2019
-2197
4948
4519
-1135
1714
-3092
4093
-783
-1550
310
-4708
2770
-2274
8
-688
-3615
3527
805
-571
1560
-4670
893
-4413
1026
-4495
3169
-3988
-765
-3530
132
-1824
3911
4963
2861
-2673
4994
-3179
4187
2825
-2668
1260
-222
4446
4055
168
-3622
-2153
-4866
-500
1558
1755
517
-4552
3042
4851
319
4521
4632
1010
25
-3937
3525
634
4234
2805
3421
-690
534
410
-2628
428
2654
1914
4787
-1213
2979
3310
-2003
-2798
-4215
-3210
-496
854
-1816
2537
4066
-3188
-3530
726
-1968
1603
-925
-2665
-3622
-1126
-1443
-915
-1534
3030
2118
2186
-74
3879
1903
-2546
2509
2663
2012
-2414
1953
854
-1850
2086
-321
1677
1720
-3799
2053
-1933
1193
-757
-2962
758
1238
-1933
-3068
-1933
2273
-853
-2668
1082
1976
-1524
2741
2360
4146
-4141
-3315
-789
2292
-3144
-2325
-468
-4245
2975
3437
2433
3260
-3280
2963
-2923
-4252
-2646
-3221
-3953
-1720
83
-3917
-4658
-3239
-4776
2669
-2483
-4861
3834
-743
-3266
-4134
4737
-2851
-398
1644
-2352
4375
4049
2301
1231
-1028
-1498
-3236
-4019
-4457
3422
-1963
-3973
-4683
-1148
1471
4447
2650
-4550
-4621
1734
-4694
1454
654
2819
3483
521
-1654
-2666
-1634
-1513
-2264
-4217
1150
-573
-2243
557
3820
-4747
1137
-896
-3885
-3098
2524
-1455
-1961
2133
-4974
-4426
-4875
3146
-4191
-3099
4300
-2554
4696
101
-1901
904
2685
990
-2848
111
2618
610
286
-77
-4587
2408
-1839
-4658
4345
3758
2015
-4330
-323
1841
2264
4504
1281
2428
3673
-2859
2838
-3247
-1084
-2754
-938
4812
-4630
-4880
-2357
2458
-2753
-3625
-810
4291
-759
1796
-2253
3289
3621
3844
4280
1487
-2821
-1319
-2062
2903
-3450
154
-979
-1903
2677
4553
-1777
2085
-4248
474
4237
-4539
-2136
3121
-3689
4437
-3791
466
-2896
1255
-4254
-371
-4863
-2710
1799
878
4738
4369
-1548
3255
-2622
2587
-337
-1249
3163
4540
1626
2613
2748
-3320
1784
3404
1741
126
1732
504
-3674
4026
3720
-4443
-3808
1364
4173
1322
-4790
150
-4158
-2849
-1006
2966
-72
-990
2269
2557
-858
4658
-3211
1652
3621
-4133
1117
-2360
1420
1229
-935
4463
1992
-3068
1115
3
-1737
4992
-2805
2628
866
-2808
-1757
-4541
1546
2157
150
-158
-4585
-450
3573
-3927
-759
-1291
-4698
166
4126
921
-1017
4918
-2028
4192
842
-1580
3199
4751
499
-2079
2463
3297
1523
3135
-1908
3386
-3080
-3714
3227
2011
2393
-4599
303
-945
2980
4304
3573
411
-3775
4142
3441
-3806
-3370
-2174
2742
-3454
2859
4156
1147
-1605
1335
3577
1821
-324
2485
-800
2881
4297
-1929
1379
-4737
-2647
3948
-4204
-2112
2610
2967
1074
-1496
-3311
1899
4042
1996
2075
-1925
279
1152
2213
-3109
4446
-3072
-4897
-2089
-603
-3126
3326
-3189
1277
-1310
942
-4546
3223
-3865
764
-2881
2252
-4257
-1600
1320
2748
2834
3854
4693
-765
-4645
3801
-1078
-2074
875
-2777
1395
-2252
673
2920
-1636
-3160
4770
-2284
4794
-101
3213
1465
2899
2933
-1826
4317
1546
2639
2439
1883
2825
2149
1151
-2814
86
-2197
1446
4616
-2136
-4296
-81
3080
-3598
3794
-2489
-899
-2459
505
-350
-1368
-64
-1901
1177
4656
3161
541
-3909
-1117
-175
4754
-2303
1116
2796
-3370
4033
-2458
-44
-3744
-4797
1084
-147
1649
-3717
-2778
-4432
3880
3889
1673
-1552
-906
4260
-2876
4208
1972
3195
1192
2365
4610
767
2313
3436
4179
-890
-1133
-4165
3799
-2098
-2572
4440
-1993
3683
3602
-4044
3082
-4635
2564
3612
-2757
-3280
-2488
1805
-761
3619
2704
-933
-2976
-762
-4437
3728
4994
3439
-2819
-940
-3309
-674
965
-4799
1089
2595
4031
4315
2320
4513
2933
2010
2654
-4049
-3618
2032
-2846
-750
-1703
-3273
1838
1543
1898
136
1557
2444
-3425
-4226
406
-2430
1267
-3512
-190
2531
-1629
4668
3246
-1672
429
-2187
3366
-2394
2613
3659
-304
4105
-58
-3904
-4596
-782
-3981
-4701
150
-126
2253
3471
-3119
-871
4023
-1940
-786
-2502
1190
1244
-3829
-1811
-745
-889
-1806
3078
4048
-1109
4965
-634
-4240
-643
-2189
474
573
3150
4544
1850
-2606
-2688
-2954
-2241
-3243
4515
2874
-4606
-4186
-2104
3703
-3847
-721
-4455
-4449
-593
-3993
744
-4831
-4734
-2112
-4864
2858
4221
-1265
-1033
-1673
3770
-699
4994
1490
3839
-2264
3165
-1919
-410
4499
-4053
-4972
-2827
-452
941
623
2447
176
4749
-2109
-3375
-2094
-2563
4813
2589
875
336
2297
-2490
-4743
932
-4179
-877
1693
-3450
2774
-2148
-3450
610
-3509
4039
629
2007
-1658
4289
-893
-911
-1740
-1648
3108
4605
159
-823
-1000
862
-1243
3177
1449
-4792
3680
4293
677
4672
4800
2567
1872
2038
-2027
-3309
1510
-2713
1936
2890
-1199
905
2348
4911
2999
-3395
1334
-3972
-4592
3879
-403
-2601
-520
3205
1097
581
3217
-4291
291
2407
-1709
1716
4200
2820
-2661
-3081
-2376
3772
-2623
-4928
-4904
-893
1182
-3453
-2984
497
459
286
4740
1337
-3655
1263
1752
-1196
-3413
-1949
213
-3875
1118
-3762
-3724
1027
406
-1119
2243
1495
4076
-2018
3956
-88
-3337
2620
4771
3932
1401
-145
669
2747
-3684
1565
2874
-1505
2315
3889
-1421
2146
4480
-2773
-1123
3936
1825
1758
-3459
-824
3190
-1601
-449
-3011
-4245
-4809
-638
1272
865
806
-67
-1110
2816
3272
1041
-971
-1510
-2442
878
2567
2934
1475
1475
4439
1585
-1915
2079
1588
1971
3922
-1207
923
3782
-3435
2394
3519
2433
1251
1348
1058
2842
-1356
-359
-1028
4187
-1116
-586
-346
942
-4199
2197
-2234
-4944
-4704
-4996
1660
1928
-2155
-351
3285
-4932
-2900
-3921
-1096
-1078
3937
3030
3915
3691
-4772
1913
1993
-4481
-4595
-2246
-4710
3812
3921
4898
-3967
2925
3314
-3193
-35
1214
3666
3013
-865
-58
640
4556
-129
-540
-4279
173
4972
-883
4845
2197
-4257
-1408
-4753
4780
448
837
4188
-4495
-893
-3057
-2892
-2821
-1021
-429
4135
-2757
3199
4785
2597
-1156
3829
4361
-3979
-3409
-290
4597
4882
2400
4797
4454
4523
-1710
-4721
11
4771
-997
-1285
3077
2965
803
-3803
-3527
4461
-4622
-671
-250
2574
2090
3217
3746
1537
3822
-3239
-3964
3619
-2753
1085
-3862
-3453
807
2548
1578
4443
937
3332
1539
4836
-1952
-939
3334
-3307
-351
-1887
2978
-4964
-3702
-2091
-4532
-724
-3103
-602
2339
2879
1662
-891
3316
3721
3531
-65
-417
1670
-3664
-740
-2996
-4307
3459
-4599
1547
-3896
2832
-3586
1529
4603
880
3244
3714
-369
4721
3467
1801
-1243
-4465
-1944
-3192
-1888
1929
2189
-2890
1948
2035
-3519
3582
-1982
-1353
4462
-2697
888
-1068
-2824
280
989
-1389
1262
2660
1165
826
2790
-377
-2179
3143
-4173
4116
2997
4455
892
4015
-4931
3398
2573
-1082
-280
2022
-3552
-2888
-3088
-2127
-81
3041
4009
-2969
-4799
3234
1326
4958
1579
3879
3610
-4952
4456
2405
478
-2977
4565
-1462
-4056
-3174
2069
4603
-3072
935
3083
-3736
-4306
-1026
3116
-942
-723
4581
-785
-1764
-963
4380
3623
-76
-2964
2974
-1182
-1188
2664
-523
-4579
2704
-3518
1517
2581
551
1734
-2274
3137
-1150
-1559
1296
177
1363
2915
3704
-4694
2349
732
-3229
-4464
-2393
948
4202
-2818
2159
2315
3460
3829
-1095
-3154
-1350
-3309
2387
-3062
-2793
-3538
1713
-458
2411
-3465
4584
-3370
-1180
59
2927
-3721
1726
3684
4439
45
-2291
927
3957
3934
-3641
-4456
-4704
-385
45
-4528
-2101
2194
-1139
1399
-2379
-2424
-3521
3319
-4169
1255
-3184
-4369
-2973
3876
-4298
2512
-4796
4303
-1775
-819
-641
-4548
-2620
-136
-2213
-1570
4165
517
2859
-471
1538
-2718
523
-2430
878
932
-793
-4087
3698
369
2185
1404
-372
4469
-4806
1760
2181
2881
1905
2403
-2962
1027
-197
1772
4863
4076
4903
3406
3469
1539
3043
1200
2268
381
-4878
-1189
-4515
2496
-2654
2509
-4862
-4303
-2220
-2459
2477
1414
4856
-3629
-3496
497
-1274
-4355
-36
1960
-2738
4808
2923
-2350
162
4452
1326
1065
2659
1988
3825
-4704
-463
-4598
4633
1502
3187
148
3579
2089
4989
-2274
158
-3815
-3257
2850
2497
4924
3349
-2661
-2237
-1781
2319
-1098
-1084
-1570
-4432
2150
-502
4670
2187
-4108
-806
2720
-4117
3197
-2833
4020
455
2394
-4146
1921
-242
-15
22
1334
4377
-4800
1508
2247
-4771
-851
-2806
-4344
-3796
-3820
3830
-4614
4828
3875
-3959
-2648
-2946
-4275
-2355
3666
-124
-3238
-1839
-4946
-285
194
-4569
4939
3945
-3693
-3857
-4813
-4404
410
2466
-678
5000
-518
-922
-541
2643
-1773
-753
-2750
-4301
-1813
-2334
-4919
4802
3183
1380
3577
2018
-304
4343
4930
-3165
386
-3793
-4710
-4954
929
-3854
1701
-4580
-1505
-4421
-303
-3350
-4505
102
3826
4818
102
-4231
4025
-2487
-3374
2841
3332
3646
514
-2379
-3135
-1230
3298
-4515
-4910
3193
1805
589
1444
-4913
2876
-4223
2711
2579
-2946
-2364
2534
1714
2208
-4249
-4726
3284
4484
2284
3690
-3909
1973
2336
3960
-792
3723
-2765
-188
4728
2909
-4419
-4899
-3810
1047
-2061
-4432
-2027
116
-1193
99
-3520
-895
920
-2896
4018
2114
-3321
-4663
-3608
-4740
3770
-3524
3743
-436
1162
1427
2765
-2574
-733
1882
4585
2494
-2276
-4291
210
524
199
-4727
-3763
1990
238
-3993
-3265
-1997
-2924
-1166
574
4012
456
-4908
-4998
4532
-541
-2657
690
1581
2967
-3951
-2420
-2367
-2352
53
-1735
-4004
4601
4236
-1785
-1226
4296
4692
-3692
-1915
-27
-1730
1758
1091
3432
340
-1300
3827
4124
-859
-4941
-4914
-1384
2589
-1308
3577
2933
24
-3674
341
1519
-2532
1765
1942
2620
-2006
4223
-4429
1374
-2883
888
-764
1212
-1718
2595
1394
-4641
-3574
1275
4388
1567
-4160
1882
4627
2988
-3311
-2279
1348
2796
-3643
4446
-3637
4878
-1500
4036
228
3038
-2247
-767
-566
-3662
-4376
-2069
-1632
-3217
4950
-873
2264
-2890
-3370
4062
842
1784
-3115
4921
102
-2842
1764
-1445
-2987
687
-1245
-2392
1170
-3912
4149
-2738
-1702
2529
3741
4305
3314
-950
-814
1268
2944
-1352
-3334
4982
3628
3812
626
2468
-434
4501
4480
4996
-3628
813
3850
-4564
3007
314
-953
3586
4968
-4545
2686
-1420
-300
-1244
-4762
-781
4953
-2430
1598
-1064
1015
-3091
2260
67
-488
-3209
-2553
4420
-2954
-3418
1427
-4768
-2170
-4890
527
-1833
-1277
-1519
-2754
3492
530
-4675
1705
-951
1716
4952
-4281
-3238
-2402
-1171
764
97
-3439
-1341
620
-3362
-1988
-849
4194
-4755
2985
-1941
1609
4583
-4823
-3102
1901
-3293
-4584
-4477
4729
3523
4689
-1878
144
-3638
1020
999
-490
284
2201
3455
744
-4516
182
-2368
1264
537
4959
-4709
1449
2441
-939
-4425
-4765
298
-3563
-4134
-974
-3249
-1944
3962
4021
1235
2692
-1851
-219
-3135
-1950
-2453
-3185
-929
-3606
-4646
2714
4505
995
2105
-4399
-691
542
-792
-155
428
4795
-3927
-204
-3532
3539
-801
-4034
1641
-2353
3582
1266
4822
895
-3131
1150
1934
785
1674
2995
1619
3162
-308
1751
3084
2243
-995
-1857
-3611
-3110
4628
-247
-2807
4603
285
1456
-4228
-3898
-86
1924
-2711
-1341
-3962
-1370
-1812
2430
-2430
-69
4038
2244
4165
-2696
-252
2085
1736
111
3102
-4561
-1894
3504
4173
-4463
-1705
-1925
2694
1635
-1709
4897
-3969
143
4841
-3805
-2237
922
-2330
-4361
2935
4176
-2057
1655
3852
2379
4711
-324
686
4627
-1828
1695
-3622
3147
2387
-4065
-16
2837
2383
-2656
4542
-3716
-3967
-1824
4898
-1067
3855
-3411
3291
632
-3835
-2430
-3557
-3649
-4048
3676
82
478
-1742
-465
-3267
-657
1954
-2209
4286
-994
1210
3279
-3167
-325
150
453
4720
854
3898
-2174
-3727
321
-3518
3296
4298
-158
-1537
-4915
-1035
1158
3468
2418
4174
-87
4537
1030
-3442
-3561
-1411
340
-1092
-579
2623
-3198
2307
-1040
-917
-1039
2551
-3669
-1717
2837
-2918
3385
3529
-28
3227
4397
3529
-1619
-41
-3654
-4431
-2303
-3358
-487
-2562
2605
-3142
4644
-1188
3225
-221
1591
413
-4208
62
4982
4182
-1167
-506
-4945
1197
-378
-274
4946
4838
3953
4138
-4464
-3605
720
-4079
-4233
1825
-557
-2947
169
180
914
-769
-3063
-1754
-142
3924
3850
-2782
4068
-959
851
4106
-4195
4303
1051
2808
83
320
3683
-2484
-1368
-2175
-4930
-3641
2615
-690
-541
-833
-328
1290
-266
-4664
1252
-3232
1039
3976
1170
-3793
-1413
-2549
-2011
-170
-2541
482
3508
2234
-631
992
-3295
-2997
1767
-3901
-397
-2802
3988
-3870
2040
-3058
-4261
-1539
1909
-3638
-2566
-2537
1270
3145
806
-4308
2598
3477
22
-4954
-1263
3117
-1206
4075
2144
-3557
144
-1264
-3026
-4415
4972
-3853
1019
1442
4833
1065
-4341
710
-1614
4051
-4034
-2413
-319
2988
-2286
2963
61
2716
-1706
3483
2941
3317
2826
37
-2451
-3039
-1093
4327
-2240
-1186
3504
-2858
33
1292
1723
-1390
-2020
4130
-4368
3805
-3192
-1012
4677
1909
-2345
-4086
-2811
-4967
3306
-2251
-3037
4021
2960
1303
2692
227
-315
-1670
-4334
-2703
-2136
1322
-4327
3333
657
-3532
-2530
4038
383
1826
-1538
2346
1180
2052
3092
-4645
1876
4787
-176
-2226
4533
89
-1674
-1241
444
-2863
4628
105
2364
-623
1701
-3125
-3605
3627
4835
-4498
-4836
-3062
-333
4094
848
3970
3606
-3721
397
-4242
-2906
-1307
-3248
-2747
-3682
2458
4063
-1046
-1669
3780
-1114
4527
220
-67
-3016
-2627
-2906
-2924
4169
4170
1605
-4064
4623
-4131
-2708
-19
-3498
4049
3148
-193
4233
-352
-3933
1396
1959
2909
-633
3255
-2090
-4824
3498
-4311
146
-4563
-3112
1054
-3821
4408
-1064
-4711
-4167
-3628
969
-3383
-563
-3593
4764
-1558
-4430
-396
4896
-2573
-2633
3195
-3882
-2800
-1300
4017
3365
-999
2332
-1878
1770
2003
3177
-353
-1981
-1390
1601
-1044
3017
-430
4949
4344
2810
-2922
4110
-107
-4287
-3412
4515
-3287
12
2454
-4985
-4805
2221
-3717
3366
4984
-1826
-710
3074
-3102
-1873
3029
2654
3676
-3912
-4353
-4732
-4019
-231
2076
-2387
-4949
-1097
4725
3181
-2086
-3734
4970
3459
4581
-1294
-89
3986
-1765
-10
15
69
1733
3278
2221
2929
-1985
-4058
-2530
-3681
-1605
-2195
-3832
2015
-3867
-4478
4231
-2307
2496
2446
3381
2350
-2599
-1016
-2063
3795
-2845
-4849
3901
2078
-2175
-1909
-4260
1283
3906
3602
-3502
-1253
-4246
-4522
2480
-3915
-1762
-974
366
2066
-617
-4585
4749
-2691
3170
2050
-1418
4998
-4258
-760
310
-2154
721
768
1374
-1839
-1139
4819
-3273
3239
2274
-2318
-5000
2750
-224
-553
-762
-994
-12
-1809
2945
-3159
-1351
-2180
3717
1472
1273
4542
-1704
-1993
-3091
-1193
-2972
2924
-2023
-4024
-644
251
-2824
-1164
-2835
-4656
3951
2705
-2698
-4779
-4093
1376
2298
2289
3770
3682
-2877
4707
401
2460
-2220
732
-3802
-617
-3990
-3168
-430
-3710
-2437
4803
4236
3524
1990
-4001
2443
-3529
-3322
530
3101
-3912
3963
-4401
2533
-1523
3258
3977
-1649
3282
2369
-2048
2495
-1664
3660
-3935
2614
2816
-3797
3985
3589
-2558
-2903
-613
4878
-1419
2889
3544
-4468
1600
-22
4852
-1651
4946
1177
409
2927
1523
-3180
-1807
-4329
-178
-1561
1411
-1455
-1243
578
3721
-165
-1691
1311
2365
-2601
-623
4123
-3993
-4557
4458
1174
-3792
3768
-3420
-1084
332
-4022
3384
-3212
-4619
-1173
2891
-4429
3517
4202
-4237
-4000
-1121
3739
-3152
3327
-1653
2514
-4427
2228
-3663
4972
-834
-1914
-3658
-647
3701
1829
-4364
2909
-4712
269
-3888
4329
-748
1545
-2193
-479
4956
-1880
561
-4900
4962
-2987
2986
207
-3422
1211
4003
1002
-3483
4290
1362
-432
-2983
-274
-4848
3828
957
-3905
-1529
-1976
4892
-914
-2871
-3250
1546
4612
2714
2742
-1918
2012
-91
1539
-4125
2537
-3890
2607
-3724
-3566
3018
1843
2301
3996
2198
-4612
-4229
3947
-3704
2754
-1281
1811
4514
-847
4760
749
873
-1868
1370
4232
191
-60
-1905
951
-659
644
4116
276
2023
-3032
-910
-2461
1801
4224
-3989
-1919
3224
4289
-4484
725
-4156
-1031
-2518
-4937
2384
2216
-626
-4245
3022
-494
4757
-2121
4698
-818
-3961
1324
2341
-2007
-586
4236
-2134
4336
302
4614
-128
-4735
796
-3115
-18
-3675
733
-2987
4410
2138
1411
-3743
-1115
-1546
-1034
-1474
-327
2836
3445
3290
239
-3099
2476
-2895
3598
781
-4031
2273
1179
-171
2501
944
-422
4568
3497
3290
-1379
-3676
-3635
1844
1308
-909
4932
-973
4246
-4489
-4500
4339
-2474
3881
2800
-4988
-1726
-574
-2476
-4948
1183
3610
3410
-2799
2110
-642
1441
-67
-1173
-2739
4001
3997
321
-1765
4701
-3343
442
443
-4651
-1940
1769
2460
-4547
-4586
-4436
-307
-751
-4771
-3268
2863
-434
2507
72
3705
2725
-2255
2708
4273
143
2257
99
3075
1619
3326
3336
2441
-4237
2806
-2099
4447
2484
-1103
4406
50
3698
4085
-3495
-3966
-3775
2250
-782
-3875
-1214
-1189
3817
1384
-1662
-3591
440
-3567
3075
777
1259
-3834
-1159
-2544
2726
197
217
-4412
3460
1053
-230
-1512
-723
323
-4933
2141
-197
388
308
4187
1389
567
3556
-2590
4506
3299
4464
214
-3444
1716
2826
3334
-858
-3014
-1064
-1730
4494
1386
104
-1692
-4918
-2502
4530
1664
4351
544
3125
344
1531
-3639
1417
-121
38
-2703
2917
4081
-1023
-2706
4754
3515
3564
4782
-3075
1248
1
719
396
4750
3927
1321
2766
1058
3405
2506
-3769
-2251
4411
1648
-3096
3825
4216
1255
-4857
2677
4877
-2479
-3688
-714
-4601
360
-3616
4565
1367
560
2868
3459
1873
-1270
3250
2180
3765
318
-2365
-4600
-2010
-4553
1345
4974
1757
-4314
3278
-30
3013
4320
1145
-1463
2596
2714
-1466
2060
789
-4057
-471
-1908
-2559
-1419
-1315
-4968
3169
4765
1644
-4757
3212
-1217
-1603
-1991
1292
-4476
-386
4314
-4105
-1437
1045
881
1820
3499
2744
-3564
4169
813
-3434
-603
1770
-3103
-2003
1988
1676
1279
-1925
2076
1868
75
-796
-4973
1985
-4997
4809
-2454
-1034
-4088
2677
-2377
4018
2156
3959
4808
-750
455
4573
4325
-217
-2684
-3208
-256
2768
1436
-490
-1214
-1583
-141
4543
4377
-1999
-3978
-1662
2236
-4425
4003
477
-1134
-3217
2225
-40
1110
-114
-279
2696
-10
-359
-683
-4760
-3621
1216
4690
1482
-2782
3948
1464
-4899
2977
-3035
821
4501
4420
-4679
4205
-814
2928
607
-2994
1341
3514
-4325
-1198
-2924
-2445
3066
1159
-3830
4198
1100
3024
337
2143
3711
-3355
-661
4792
4861
-189
2044
4993
2131
-1751
4104
2695
-3220
4124
-1679
-1049
-2666
-1636
3608
-4518
4232
3285
994
-1771
-1786
-717
-1975
4244
-3567
-869
-2542
-2158
1910
3680
2051
3844
-4243
-4993
-835
2956
-3592
-356
-3072
-4131
4369
-4343
-2132
4857
2978
803
-3732
4531
-3792
4167
4699
2710
4412
-762
1342
1405
4290
499
4992
4818
-852
3139
-204
3012
3332
3104
4033
-378
-3688
-1687
1429
-904
1252
2
1587
-2081
-1602
1249
816
-4925
3072
41
2878
2776
3436
-963
2969
-1862
-2087
4268
-4102
-1538
-1682
1604
2930
3255
4512
-2335
2902
2909
-1343
-1557
-3409
-2341
-21
-4554
4562
-2160
-1060
-878
-4635
4778
2441
501
1362
-4041
3871
1201
-2519
1779
-4967
-882
-3311
-2265
632
2388
2662
4512
4453
-1484
3512
2831
-2301
108
-2957
-997
4443
2941
-4046
664
-4466
1064
2635
3819
4092
740
3903
1398
3414
235
-2495
-4567
2647
173
-3798
-4879
-4982
-2757
4236
-884
-2654
1018
-2068
-84
4449
-3939
-2390
-2064
-4222
4479
1919
4503
3676
-4668
-471
-3091
571
4256
-3361
1254
1551
-4014
3603
-3003
-4096
-1033
1708
-4117
-3865
1541
4100
-3263
1501
974
4141
430
-3627
-2003
4011
658
-1464
-2339
2963
1062
401
355
-2112
1924
-2658
-4734
2386
1361
-4082
980
716
-2468
-5000
-1547
3240
-673
1092
3401
-3467
-1991
2055
-1645
-4681
1793
-1979
-4476
2548
-3242
629
2193
2293
-3163
4393
3676
3439
2366
-4682
-2200
-3489
4676
3966
2613
-3674
-992
1067
3658
4896
-1124
1416
2846
-3539
3441
68
4477
-1026
4433
-1732
-3785
-3055
163
2931
-3087
400
3213
2083
-2329
-2224
-1974
-648
-2265
-856
-3317
-3348
4828
-2291
4321
3237
-2181
-1051
-1690
297
-384
4811
3257
-141
-4188
2185
-51
-5
871
18
3905
2177
4998
4083
-1516
-1375
4119
-3807
4560
3997
2883
2682
-4984
2586
1869
3528
4692
-3659
-4453
-1557
-451
3640
120
2130
-3385
939
-1177
4917
2586
-2098
-2187
2041
2487
4401
-3676
4306
-3782
-3808
4782
3318
-4802
-1527
1314
-3440
-3205
2324
-4678
41
-4369
3583
-2234
909
3143
477
831
-4400
-4916
2594
-3416
3137
-700
-728
-1336
-4026
-1497
-1304
3749
254
-2734
-1983
-2331
-176
2847
3447
2109
498
1294
196
807
-3980
3471
2346
-1996
-121
-1140
2687
4181
-2921
137
-2937
-269
4886
-3980
-3966
965
-4946
-28
340
-3768
-4493
4351
-4528
-2110
-3135
-2209
4716
-3304
-2100
2062
-1262
3946
1
-394
-2161
1095
3563
-1394
-13
-1520
-1548
-1009
394
-960
1079
-812
-2833
1898
1699
-1216
3496
286
-2232
3088
4860
-4373
-978
-862
1257
1258
1059
3738
3807
2836
-1115
-3314
2765
-3684
-667
53
238
-2814
645
-848
-2508
769
-1856
-18
3315
4289
471
-3716
-691
3659
372
799
-3150
-1989
-4997
-1311
-2697
1395
-4343
-2718
-737
-1490
968
3267
2507
4077
3145
-4047
2830
-3382
-3144
49
914
639
327
3566
1832
2359
4401
3196
-2241
2509
-3851
-840
1434
3283
556
-3440
1912
1980
1990
-4154
2828
-1023
-1929
-740
-24
617
-760
-1097
4684
1402
-2781
1157
-2960
3688
-180
1030
3718
1672
-3472
3041
1296
3035
818
-3324
-4635
1244
90
-2193
4026
118
3105
-3921
-1051
2322
-3810
-4327
-2279
-2918
-95
234
-247
-1474
-1279
-3560
-830
-2177
3620
1149
420
833
1970
-1609
-958
1441
-2336
-3061
1747
4191
-3816
2324
-4982
-268
545
-1541
4932
1517
-1736
975
-2134
-4159
1518
-3536
-4245
2177
724
-4728
1296
-3747
-1751
1328
-2728
2639
-2061
4895
-3477
273
-3154
-3700
-3071
-816
-1417
3115
-540
489
-918
-3167
-3249
-3648
-1989
-2027
878
-4075
4174
627
4934
1207
1344
297
1103
4791
-2514
-3337
2809
696
-3638
3826
3118
-2755
-2696
689
2301
354
2939
-2202
200
4418
-1568
594
3362
-3873
-3289
-4217
-1248
2974
-2818
1915
4728
-419
1517
-1700
2211
4625
-738
4492
2567
310
4743
3528
-2037
-4584
-3983
-789
672
-4034
-1774
-43
1897
2288
-2142
124
4340
84
4464
3553
2065
4772
4663
-3797
3167
4122
383
2331
129
-3116
-4560
4381
-2791
1640
-2342
-621
-4221
4210
-2479
-4893
-2081
-3404
-342
-1206
-2909
2005
-2581
413
-4822
-2561
-2353
-2856
-4353
2585
-4339
-1342
-3876
-1676
-552
1199
2047
-1716
-184
4486
2136
392
-1547
-3324
-3400
-2670
2058
209
-938
-3761
-2161
4731
744
956
-4341
-2558
1350
-3323
-3611
-612
-25
2669
-4625
3348
-667
-2225
-1109
-3865
-3975
-4436
-2255
4491
1582
2702
-843
848
1038
4187
-3670
-2490
-2507
-2745
1904
-347
-3384
3616
1606
-2440
-4066
4637
-3357
-2475
-4588
-32
4878
-1534
4914
2526
-3451
4315
2935
116
3885
-4715
778
-4153
-3078
-2373
-3232
-334
-2139
3909
-1919
2250
3021
-761
-4645
-4082
-2135
4986
-2969
992
-2467
-3346
1791
1439
-3469
2883
-1032
-282
3952
-4671
-2162
1729
2869
-377
872
208
3077
4027
4655
-4764
-1870
3709
1441
1624
3314
-1268
-4543
-1813
833
2582
2645
3605
1741
1143
3717
-2010
1766
-1107
-1798
-7
-758
-4167
836
3299
1792
-711
129
-3891
3714
-1296
4133
-60
-1462
1266
-2250
-2781
-1895
-1401
2543
-3310
3668
4559
-4180
-1748
-2925
-1499
-2484
4508
-2625
-653
4828
1146
1855
3873
-2605
897
-686
-3485
-7
-1114
3440
-3913
-1851
3174
4600
-3127
-1142
-1227
4699
220
-637
-756
-4271
3453
3268
723
-3194
-2039
-4053
-3768
-4129
463
3321
-3883
-1268
895
-2838
1093
3174
1501
3992
1115
-2503
-3576
2498
517
4386
4852
3353
-3181
-205
-3521
697
1329
-1448
50
-4881
2903
-4853
4834
-4111
-655
-3490
3018
-3973
-3080
-4397
-4332
-2582
-3310
-1961
-3198
1169
-2732
3905
4830
-1286
-2189
-4810
-1474
-1883
-4157
-4537
1199
2753
4766
-4722
-740
-3556
1954
-2128
-321
-89
-2091
3164
30
4142
-3135
4423
-3064
-1802
-759
-4955
-4164
2124
4047
-3307
3586
1454
-1311
106
-4336
2471
-353
2084
1779
-1490
2549
-1812
2758
3070
927
-4368
-4509
-2347
1373
987
4515
4168
4041
-2064
-4404
1306
1472
-2727
-4077
2722
-228
3869
-4405
-4803
2299
-1900
-4414
2921
4701
3766
-1937
3051
3539
-4312
-4636
-389
3742
-3052
-1203
-3412
-801
3922
-2720
1637
1777
1970
1897
-1093
-344
-3560
1067
-4928
320
4849
3918
4989
-2016
4797
-149
3315
1697
3404
2405
4812
-37
557
-3453
378
4153
-1504
-1736
2586
-3387
-1568
-1928
-3876
3488
-3109
-1629
-2000
-637
2221
618
2413
148
-1088
1376
518
47
-1415
-4563
-2450
-2640
4063
-1822
-430
-2530
2834
-3881
-4378
-3957
2038
3729
-1388
-3690
609
1739
3077
3267
-678
2730
3473
-2552
1685
-4429
-691
4552
3966
-4989
4854
-1405
-2330
-931
2355
-1004
-21
-3630
-798
-3466
-3146
-4626
-2452
-2259
-675
2583
3843
920
-3090
-1514
2993
4012
-3043
-3904
776
-2717
3661
-2948
423
-2409
4333
-4197
-1226
-3860
1575
-816
3362
-1570
-3003
-3729
-2569
768
-3280
1864
2995
-2168
3410
2911
2131
-1996
4810
4609
859
-4892
532
-3741
-139
589
2203
3052
2703
-3189
-1918
-86
2925
-4814
-592
4628
-584
-4154
-2415
-2577
3162
-4372
-3736
-4810
465
2374
-2304
3306
322
1953
3187
2649
3252
-570
-3753
2242
-4736
415
64
2451
-1938
-1035
423
4661
147
-1799
-1240
-285
4446
2171
-122
-3534
-4727
-3570
-3704
3848
210
-2087
-1214
879
-1780
-269
-4633
1397
-2294
2182
397
1230
3876
-669
-4731
547
3167
4940
-3878
3412
-2870
-167
3855
-1175
-1576
-4203
3258
-113
-3146
-1530
2400
-3090
896
-1131
1410
2710
2461
-3536
2063
-1746
-4962
-4185
3042
-1570
2689
1141
434
-4695
-2380
-2582
-1040
1392
-4071
-2813
-2055
-3854
3276
-3560
2866
-2462
1506
717
-4990
4448
-3154
1276
4565
4132
4685
152
-1094
-722
-1880
2102
720
4787
3218
-4839
2967
1296
975
-3025
2508
-3695
4442
-4430
-1318
526
183
1672
4035
1925
18
987
-4966
-180
2662
4808
2038
3861
-2450
3581
1084
4972
2264
-2160
523
385
2364
-134
-4962
1041
111
-2183
-2886
-3784
4565
1407
-3956
-414
2842
203
352
-1443
-4401
3626
4001
2559
4735
1572
2735
-3017
-2159
2496
-1907
2320
-4768
3194
3926
-2489
2749
-1896
1904
135
-4235
-4599
1061
-3772
-1549
905
-3999
-167
-1035
-4470
871
2351
2917
-292
-3762
3101
2609
3016
-2410
2851
334
-2328
3827
-2732
3216
3976
-1791
-4157
-2167
3220
1825
-1536
719
-2910
-3132
2676
721
-3565
-3576
-661
4373
-466
-4931
-1590
-1229
-575
3285
-3934
4652
3981
-4487
-242
1396
-1553
911
-3867
2860
914
-4335
845
-1732
-856
-3875
-3351
3642
4911
-3230
4289
1113
1677
-2280
4551
1375
996
4355
-4345
3656
-149
4941
3658
-1619
-304
3599
4173
3467
2699
1728
-3772
-1484
-2129
-2195
-2518
3272
2317
-2703
-1696
-1680
4289
-573
-2011
2413
3552
-362
3412
-1707
-4818
-3940
-1795
-624
-2446
4405
1363
-1522
2973
3607
2533
3020
2114
2772
-1136
149
-1010
-1385
3595
-291
4755
3037
-1758
-4688
-4886
-549
-4488
224
152
-487
1847
4137
-876
-2183
937
-2893
2472
-382
-3580
-785
1524
-475
-3270
1499
-2385
779
4720
-3359
2742
-2501
-600
3621
-1825
4862
4097
190
-1378
882
-2358
3844
-1289
-2183
-2996
3265
-1193
-1198
-4484
-1257
-4231
353
-2598
-2690
-4451
253
-3877
-2219
4721
4123
4224
8
-617
2649
-896
1439
624
-2879
3383
-1255
3178
2373
3845
-4735
471
4333
33
-4595
-1666
-4176
-3485
-2696
-1892
-2103
2597
1989
-3593
-3094
-3265
3898
4418
4348
-1364
-1505
2217
-4160
3076
1389
4480
510
-2895
1398
-901
3593
4108
3092
-447
4090
-3079
1162
-183
-2570
-2814
443
3342
-4035
2820
-4472
751
1773
4108
4332
3864
-2787
840
-1617
3110
-2022
1468
1574
-3631
3638
-2969
-4289
2859
1998
4803
355
938
3952
-581
-3619
-3677
3954
939
-3870
-1134
-1457
-694
1277
-639
-2708
606
1466
4464
1422
-3129
-3947
160
1568
-3148
2944
2632
258
584
3193
-4356
179
-462
1164
4615
-1480
2048
-4946
-2156
3591
-906
2492
-3926
-3407
-4284
2990
3352
-2456
17
-3056
-4343
-2344
4082
-634
-4943
-1603
-3823
85
-136
4544
-361
-4238
2332
-1140
-1124
-2913
1823
3685
-2661
130
-669
2715
-1342
-4480
-4424
70
-3353
-556
1406
3150
1232
3570
-618
-4988
2665
-1508
-904
1070
-1948
-3876
-2723
-4686
1884
3885
2636
3807
-1394
-3077
501
-2142
3233
3163
4867
-673
1292
-794
908
4076
-373
-473
565
2954
3663
-467
1788
1306
1746
2629
3498
-3399
-2004
4424
4555
4017
-4373
2392
-772
-398
-3764
-3710
2968
1942
3424
-1185
2048
4305
-662
-2845
2682
1608
-4264
-266
4238
-1795
1106
4244
2895
4491
4389
4619
3120
-4163
-2616
379
294
3182
-1929
-2939
-2229
-606
4388
1449
4041
-3287
-2777
4659
3225
-3729
4091
1001
4058
2002
-4145
-3355
-1992
1030
1375
4423
-296
-3364
4023
-4514
-2730
1652
-1824
-2173
2682
1099
-2633
-4673
796
-1818
2238
694
1288
-220
-4286
2681
-99
574
4845
790
-451
2385
2406
3728
1360
2115
1691
-2935
-1387
-4130
-4468
-4714
860
657
3889
4236
-1634
-4775
3036
3368
2573
2657
-4104
-2925
3168
3058
-921
-4135
-2377
-4397
-437
907
3446
-264
-1986
-2618
-60
3589
-1792
-3370
2321
-656
2022
-1349
-4701
-4174
-783
-1464
-188
1716
3213
3909
-82
181
-883
-2131
2960
2452
-4494
-2576
-2946
-1465
312
-1947
2827
-748
-4797
1032
4160
-539
1958
-3184
-3301
-3311
-2758
1300
3764
3556
1590
3741
-2206
-4182
-1612
-131
-2585
1300
1200
-1365
4367
1263
-2874
510
4665
-3237
1153
-4633
919
977
1223
4242
-1750
1396
-1849
322
933
-2272
3551
-4679
-840
2531
-602
-1072
-4550
3646
-2222
2106
3667
-4887
3625
4262
-4532
-2644
-3517
-2338
1970
2969
3566
742
-4249
-137
2029
3175
-486
-1596
-539
-3786
-334
4875
-1519
-407
-2377
-935
-1272
-1860
1815
4619
-3178
-2897
-866
1080
382
1868
2813
-2700
-3558
-365
2375
-1893
-2325
-3919
4101
-4449
431
-2901
-864
1040
492
-4400
3710
188
-4767
485
-3638
4771
-812
2161
-260
-1568
507
-1708
2312
3071
3603
-606
-3830
4486
-3563
3087
2183
-2712
-3807
2197
4917
2279
1392
-2549
3801
-1693
2317
-2436
-3259
-3122
717
-1985
756
2432
2845
2097
-1869
3028
146
4685
-2147
3346
-2984
-24
-2316
2307
4257
-348
-2174
1872
-165
4635
630
-1031
4407
-3404
4950
-694
4113
-2123
-1049
929
-4476
2601
923
4433
-4591
4225
1554
-3513
-2858
3595
2077
-1191
1388
-4203
284
-4143
-4636
-2533
-3599
-2936
2138
1239
-413
-3696
246
2831
-2758
-3302
3007
4351
3015
-884
-4693
-2554
-1430
-3884
2281
-4049
4200
-4948
2331
4342
2149
4139
4413
-1237
-1238
-1727
-2929
1390
3557
-4317
1323
-133
3490
-1612
-2285
-4027
-2542
-471
-3395
-527
3353
-932
-3884
-2874
-1791
-1187
3035
3103
2143
-3631
-1001
2959
-2568
4920
1205
-2684
-2422
-4068
-4122
-2558
-3740
-1530
-4058
1363
-3098
1716
4337
4132
-4513
-3202
-4885
816
3855
-1424
3730
-3420
753
2975
-49
-13
-4850
-1387
-1291
3694
777
4969
1723
854
3246
2334
-4696
2692
3751
3603
-4781
160
-4849
952
3505
-3671
-4066
1441
1372
-4849
3124
-4668
1993
869
-302
-4120
4260
-194
3720
2745
233
-4663
3970
-627
-4865
4050
2586
-4242
4528
3796
-3635
4154
-3801
-3101
3880
3058
-1162
4968
-2521
19
3185
425
-4834
2034
-4322
-1254
214
2695
3814
-2299
-3967
1720
-3650
2803
-1171
2385
-3447
676
4832
1680
3946
3869
-1658
-400
829
4749
3541
-616
2421
-3823
-4297
-2547
3690
-468
-179
-2299
-2944
-1981
-4412
-3624
3102
-3193
2243
571
1747
-3223
2378
4192
-1879
-3590
-522
-3576
2570
1778
-4014
-3630
3156
-412
-2394
3158
276
-3585
-4691
-1065
-3641
-1797
1259
-2096
1925
-4891
-3401
-476
4247
3988
-3227
-284
-3287
2038
372
857
-2631
4846
866
169
-1129
1213
-4608
3664
2109
-2750
3424
-662
4739
3223
1618
-3624
-1491
-2540
-1875
-515
2957
4688
2501
-4690
698
3221
2834
723
-2521
308
4972
-3843
4834
-1114
928
-3517
-2320
-2178
-1290
-362
3664
1821
-2319
1866
-396
-2104
-737
1690
3093
41
1286
2860
35
4571
616
-3414
4427
4885
-3873
3212
-4534
-2258
1182
1829
-2503
1790
-3899
-4367
1116
-3912
-2959
2473
-1810
-3755
1387
719
-3115
4561
1469
4738
1226
572
-3241
4591
4501
-3693
1891
-2022
2332
-767
-4688
-743
1246
1884
-4967
4626
4491
2174
-4567
3787
4334
-3803
-2144
365
1353
-4066
2348
3040
-4572
4019
-1900
4597
-776
1793
-3390
2645
-3708
-4792
-1811
-3165
4337
-2713
-3640
3459
1853
3092
-4438
-16
-4001
-2503
-224
45
-94
2580
-2002
-2592
-4307
-4235
3009
2431
-413
-2502
4175
-4108
-539
2092
-760
-2077
752
-3685
-3450
3867
4114
-4867
-491
-3342
-1496
-1194
2294
-4154
463
392
114
-934
-3533
582
-2371
1352
3967
441
2022
1212
999
3204
4903
4273
3204
-2212
2520
54
-788
-2222
3778
-3827
-4844
-2829
3391
2305
242
1178
1872
-157
-3177
-483
741
-4747
-4611
2933
-436
3316
411
-1658
4872
3758
-2863
-2115
1587
2426
4046
1796
-3828
1380
-4977
-3647
358
-1334
-2878
-771
-1736
-1672
-1934
-4848
-2183
-3687
-3032
-4960
-1219
-3594
-3736
-2166
-842
-1769
-2661
-3621
4367
512
1417
3810
3634
-1166
2519
-4329
-4521
395
4661
1775
-2280
-3818
-2892
-3531
3473
-3239
2700
1065
-942
1508
5
-4934
516
3142
2367
-1456
-3868
-202
4313
1437
-2716
-1472
4849
-2845
-570
102
-1522
-3801
-4693
-1555
-1244
2285
4135
3969
-2171
-1253
2496
1303
-635
-4310
-1295
1638
-4513
4060
-4284
-532
3789
-2758
-2691
-811
-3338
-2669
315
1265
4373
-1138
-3159
-1659
2856
-3852
-4009
-3581
-3916
-1808
-250
3999
680
4019
-3709
1686
-4033
806
878
4395
9
2673
2432
1584
-4330
2375
-3440
1736
4951
-4250
-1959
-1673
-4355
3178
849
4652
267
3212
-4343
-222
-4211
-700
471
1738
2234
2099
4075
1221
-173
-1894
-48
690
-3290
183
-3284
3805
-3890
-4484
1956
3265
4376
4692
2651
-1343
163
-1946
885
3
-4807
-1634
-2721
3656
-608
-1028
-281
-2350
431
337
411
2574
2792
-1010
-3435
-1434
-4525
4455
-3136
4194
4968
350
1076
4280
521
-3370
4059
-54
-1843
2822
-3957
-10
-2834
-3119
3871
4784
780
-4949
-49
3873
2049
-3719
516
-4054
2779
1834
3128
1088
-2965
-706
-1638
-1362
1678
4158
4518
-1161
163
879
-1925
-3475
-2297
3593
181
1174
-2179
-1130
-4132
-1152
831
3424
-583
-4375
-2358
-3911
-199
1433
2941
-208
4884
-4691
-3750
-288
3879
-2408
128
96
3167
-4014
607
-1161
3067
-3972
695
-644
-723
-4800
1451
1067
2792
-3253
3270
23
3356
-4971
-1280
3096
2406
-2283
-3042
-3271
1019
3764
4999
1968
298
-1681
2400
-2328
1379
-4835
1305
4640
-1715
1426
2974
-1931
1792
-2003
-1471
3835
3739
2251
3966
-3979
126
1076
-1247
-1120
-3750
-138
1782
1408
-43
-4649
885
3765
3068
-534
-1893
411
2871
2007
-3934
4006
1263
-1427
4615
-3815
503
-2352
201
-4014
-3317
-919
3245
3380
-4566
4220
-3130
830
-1750
-3003
-1163
-4785
3892
-1443
2995
4007
-4118
-4021
-973
3267
-2641
1654
9
-1792
3626
-1508
3297
2116
-145
-876
374
15
2309
-394
1615
-1673
-2727
-1191
-2956
-3720
-3522
3382
-4034
-3711
-370
-3754
-747
-4615
1618
3969
1370
870
-3826
1485
302
2714
-4732
978
-575
-4786
-487
-2355
-527
-1423
1926
-4200
4210
2259
-3088
-2966
-110
4411
46
-4375
40
4400
3239
270
2556
-11
1329
1777
-4569
-4696
-292
1019
-567
26
3467
4507
1414
372
-4008
4290
3205
3419
-1053
2331
-2483
550
118
-4845
3734
2421
4927
-951
3974
1589
-95
-902
2962
1467
48
140
-2616
2301
-2455
-3914
-1514
3003
-1741
-1830
-4021
1057
-629
929
-4732
-4275
-4219
3082
1774
1810
-4362
10
-4272
-2997
-1664
-4350
4894
-2069
-1446
1394
-4095
-4918
1669
2445
-4058
-1868
990
3458
-2816
-1422
-3433
523
4202
-824
320
-2323
-807
-428
2905
-1247
-795
2721
-1383
1343
-3931
-43
3211
1080
-4182
-2205
1248
-1668
4609
-4051
-669
4374
-3604
-677
-3914
1426
1947
2205
-3599
-4994
734
-1151
-2084
1468
-2862
-1078
-781
2233
-4479
-2915
-835
-3602
4904
1414
964
-4067
1479
2048
1511
-1839
448
-2555
1687
4152
-4979
-2912
2599
-2955
234
4021
-3354
3032
200
-3927
1829
154
3803
4284
4976
-194
1970
-3847
-456
-1064
253
-3666
-2653
3542
1586
-442
141
4214
909
4669
3485
-4978
-4807
-495
4097
3637
2129
4518
-2946
2774
-4973
-2760
-1147
255
-2356
-3757
-2619
-109
-2182
-1512
4862
-3712
-1297
-2298
901
2606
4586
359
-4080
-4574
-4089
438
-3772
4799
1925
-1805
2130
1814
3557
1960
-1820
-4625
3875
-3172
3556
-1898
2870
4423
-4298
483
-1903
67
-1994
1405
-679
-4400
1787
4674
1493
-3855
-1046
2693
4822
-1808
-4434
-2575
-4707
-4509
4807
-4463
4103
-567
-4039
2425
4055
4211
-2601
4714
3041
4408
1220
2646
3453
-848
4531
4382
-907
-1542
4986
-209
356
-1545
3360
-582
3706
3079
-514
563
3085
-3431
2685
-4773
4311
2097
2289
2384
3610
3622
4439
-4440
3211
3673
-1916
-824
32
-4051
-4203
-4291
995
-2225
-1312
690
1602
-2156
2203
-4752
3787
2664
4541
-2010
2194
2051
-3635
621
3020
-2026
-1675
-4288
-1041
3840
150
4851
-2364
-1555
-2182
-2148
2045
-2790
-1209
-977
2197
1982
1062
-1856
391
-3117
-4546
-1759
-2140
1151
-237
140
-3322
-1166
-2434
-3294
3901
4088
1946
3474
3882
4053
-2947
4915
-843
-981
-1360
-1064
-4951
1330
1463
2957
1412
3097
-2216
1897
-2577
4860
-2211
-1740
-74
485
-4278
2857
3746
2707
3445
-3432
-1228
1360
-3865
3442
-4160
-5000
-1580
3944
580
1485
-4281
4863
-793
2197
-149
1886
7
-914
2446
-307
-306
2493
3814
-2798
-910
2112
1937
97
-4722
-1128
-1967
1214
-727
-4870
-3300
2036
1903
-1737
1382
-118
2008
2026
1319
2123
-4618
-2643
-1104
-2969
-1797
-1425
-2672
3059
-2298
-2062
2743
-3872
2451
-2312
3188
-536
2159
-4256
2299
1498
2782
3258
2132
2164
-684
-4921
97
-4989
140
1899
1959
-2719
2844
-94
-2878
-1648
-2562
-4956
2937
-326
138
882
454
1468
561
-652
1023
-3457
4485
-3009
2740
-948
4881
1853
2083
1024
733
48
758
-2573
1697
-4943
-2696
389
4105
-4593
4616
-1280
3788
-1582
-1533
-2238
-4981
-1949
4287
2344
-1641
-167
3601
705
-1643
-2532
3321
3313
4753
219
-906
-2082
-2518
-1126
-4310
3271
2201
-30
-3489
2236
4760
4838
2416
761
281
2087
2187
2119
2098
4772
-3194
-2202
-933
-1084
-2740
-2263
4173
471
3536
4053
-2293
2224
-3086
-3847
3249
-347
116
-613
1222
-1352
2898
2258
-4817
3343
1446
-4270
-1510
-676
-2134
-1275
2507
910
3087
4997
491
132
630
3447
3375
2584
3656
686
1018
-2568
148
1808
1335
-2458
3641
1948
4114
4458
4833
4106
3153
4355
834
-4532
-27
4197
1965
4177
2526
763
2181
1373
1491
4911
3213
-225
-60
4949
3128
4109
-4023
748
-1418
-3191
-2682
-778
3233
4512
549
4405
-3664
190
-2473
1074
-2164
-3575
2630
3438
-2772
-2922
3083
-3942
-3346
-1494
-334
3859
-1511
-354
1377
-2861
3567
-2146
-3453
3505
-1427
4628
-2375
-4031
4683
4009
2595
3853
1318
2077
4700
276
-1020
1777
-4980
-2854
-1320
-811
3354
-3990
-4878
1132
3327
-533
414
-4377
-1737
436
-2018
-1922
2018
-3490
-4011
-4479
683
2849
3802
2346
3817
97
-4172
-4050
-2030
-1232
2970
600
-1264
-2031
3383
2621
292
801
-2668
-3186
3805
-4926
-3193
1794
-1151
-3094
-2811
4396
-2401
2571
-4379
-1169
-1475
-4046
-1257
3024
-4386
-636
4153
3191
-1217
3342
1600
-774
4988
-3022
3944
1300
2386
-1455
-2423
-3702
922
3360
3576
4784
-4204
1470
-280
-4208
-1661
4302
-1583
2943
-4388
-3492
1757
1297
-3868
-375
4896
-3747
-1282
-1381
1767
1910
1249
4495
661
-3787
4357
-4159
2245
-1652
-1361
-2401
1854
-1246
-3920
1011
-4087
3243
2706
-2173
134
1200
-1950
-2359
4034
1614
-4829
-818
-3529
-3652
4996
-3774
4884
3560
2829
3942
2799
-2559
-518
-1555
2306
4899
1255
-3391
-2377
4073
-811
1124
-1615
-1635
3169
4486
4546
-4854
2744
-1187
-1095
4729
146
220
-4777
-2781
3628
1408
-4961
3044
-4949
4616
-2875
2656
-467
-4955
-4895
2682
3248
-3563
-1042
-921
2657
2847
615
-2811
4072
-3655
3355
-1032
753
2422
2706
-1039
50
2715
-4927
4129
-225
-1853
-2359
1143
3171
1906
-1273
-2739
358
4593
-1126
-4721
-3334
4877
-566
-1703
4550
-490
-137
-2868
-971
-3998
2099
-2787
3460
3918
-941
2158
3039
-4700
-2139
2520
-1664
3700
-1894
-2233
20
2636
-2370
3239
3120
4637
-4166
315
2510
-3713
4310
-3676
-4863
1643
-773
1731
-259
2709
1066
4051
3957
4625
-4281
-1558
-300
2807
-2585
-104
2654
-3893
-2462
-3700
-521
-2560
-1161
2816
3894
-1269
-1776
-2903
3300
2044
-2160
-1647
-4731
-884
578
-396
4593
-3618
2797
-2913
899
-3960
3052
2920
-4940
-3270
-1660
-3738
3160
4662
4286
3762
-323
1526
-33
-2806
-1892
1582
3757
-1473
-2695
298
-570
4441
2360
-2227
-3285
-3578
2248
-4978
-3765
2046
-986
-3664
4745
4171
2577
2229
-1367
-1692
-3014
-3656
-884
-2272
3261
2790
-1992
2316
3984
-2403
676
3984
2279
2820
-2381
-98
-2881
-4287
-2530
-2093
-1093
1606
1163
-1260
1981
245
-3318
-1388
-2880
-1659
4052
2488
-3411
-4681
-1535
3815
-2010
96
-3220
2407
4572
-3894
-4346
-1139
3659
3177
3019
-4526
4134
-1816
3239
-2645
-4476
-2179
1815
-714
-1177
2745
3019
3716
-796
2022
-4603
1931
212
-1186
1309
-4181
-2430
-3555
1575
138
1239
4131
3526
3722
-1584
1383
1212
321
-2060
-4256
1858
2156
2763
-1020
2946
-3522
4161
-2588
-3652
3667
2099
3390
1666
4949
1398
-281
1545
-833
-2370
-487
1521
1497
3496
-2519
3368
1221
-2046
4601
1459
-1830
-1917
4765
2417
-2759
264
-955
-4516
4785
4238
-2924
-894
-1582
2347
3615
-1624
-349
3467
3129
-3301
-1238
-902
504
-4989
4227
1942
-3648
-748
-4268
1308
-2826
2179
-2499
936
198
2342
-2465
-4447
2598
-3192
2496
4250
-4624
2214
172
3114
647
3302
-1695
-3957
1354
-3512
3357
4652
3256
-4031
4180
-3574
-4483
-4731
-4364
3384
-2710
1618
63
729
-3641
4002
4629
3334
2243
-1754
-3991
4320
-1947
3649
2863
-428
532
-4680
3868
2177
-2410
1644
-4578
1518
-4842
-3820
-1128
-1245
2151
-3164
3024
-966
-3203
3075
4015
-4526
-3119
-4692
-4323
495
-3286
-4856
-4195
4191
-380
3955
-4747
3047
185
-503
-151
-213
-3218
-3835
554
3912
354
1757
-1719
928
3077
4286
-1331
634
-459
3903
4447
-3044
-822
3411
-1792
959
445
-1263
1642
-1556
1632
1117
-1158
3802
-4774
-4722
-1819
1521
-1811
-2482
1102
-1117
-417
-4321
1183
-1440
3628
2484
-580
-753
-2490
2404
-269
4899
-3807
-3728
-4413
-3582
88
-4128
4791
-2823
-1574
-1976
-1378
2764
-2868
-1433
2657
3069
-3993
-4276
-5
-285
-4349
-3178
-927
2914
-863
4862
4419
-229
-2231
1333
1901
2988
262
1418
-4587
3039
-3267
614
-1484
-2243
574
1286
3463
-886
-1124
3676
3710
-4211
2407
-2717
3627
4161
-4315
2798
841
-3267
68
-325
-4832
4556
1678
3379
-4461
-4647
-679
2243
-3765
-2054
3864
-36
3564
2952
-2082
-895
1455
1177
383
3103
-2121
942
-4646
4922
-102
2204
-2972
4469
1355
-2469
964
2541
-2971
2972
-3085
2571
3700
2175
-49
-3550
-3262
-4711
-591
3823
-3166
-2364
2976
-984
1660
2729
4144
4516
2564
-1318
-766
460
374
-3154
-4903
-2357
4713
1851
-2780
1952
-3352
-2889
2612
4328
-2289
-1753
-1591
-3897
801
831
4559
2355
3481
-4569
4393
-32
4681
-4094
223
-3593
-4416
967
-1627
1844
3431
-1734
3735
-4400
-1176
1027
-2687
-1426
-4426
267
150
1610
-48
3022
3752
2109
-3930
636
4739
-2094
-3214
1201
3127
-1462
-2003
-2749
-2358
-1959
-1986
2777
-668
1940
-3489
317
-512
-2708
-4740
4764
1436
-4730
2578
-371
3285
-4525
3805
4183
-2195
-77
1329
-2782
-4103
3251
1851
2074
849
-3465
315
-68
-1588
-936
1216
-2091
-2727
-563
2741
1347
4887
-3596
3530
1013
-1040
-259
-3800
-4113
-4927
-1763
-2027
691
-1622
-1855
-1598
-2618
-2802
3476
-4414
-2843
4919
3229
-4218
3881
-205
4133
-934
-4104
-2516
-3368
2714
4704
-2143
-1451
4225
4045
1879
2703
4925
-443
3067
4390
516
156
-1192
-4176
3008
-1274
-795
1648
-3978
2862
1947
-3221
3778
3246
792
-57
-1914
1481
-1612
-3889
328
-1463
-2893
971
-2820
3124
3999
1330
3109
-1586
-4713
1743
-3110
-2350
-4698
-1129
-4029
3567
2819
4730
-1358
-2874
719
-1756
-686
4321
-3344
2832
1927
-4896
3090
-1361
4243
2407
-3454
3876
3410
-634
-3520
-657
1938
16
-1318
-1415
3140
3758
-1248
4394
-754
447
2798
-2311
4666
2328
-3879
-3954
3280
-1471
3862
810
3126
2776
1467
647
2024
3737
-1817
-2703
3013
3777
671
4117
4876
-2522
-346
-4259
-3748
-3653
908
-2254
1326
-3771
-478
-3771
107
1983
-42
2074
-4615
-1038
3080
4369
-2487
1759
1011
-1992
-2892
-4194
4811
2904
-2593
-1291
-3678
-4703
-2113
3407
-2667
-4702
-578
-3160
4449
-4610
1271
-4037
-4690
-1239
-3439
4268
-1875
-4189
139
4261
4393
1658
-2469
3953
-3334
4212
-2544
-3831
2803
2788
1829
3858
2604
934
-846
-2941
2729
4100
3589
-3128
1015
-2124
-2539
4206
2192
-1728
4432
-2404
4315
4612
2820
4710
-1253
-3690
2821
-834
-2945
2836
2024
4687
1621
-624
-887
3800
-1450
2772
-1557
675
4737
-4457
2768
3227
3526
2435
-4451
-2787
-4156
-1794
2185
3487
-3601
-3564
4082
2961
4743
-694
-2365
3473
3323
-2492
-2568
-2013
-4191
1387
535
415
-1988
3481
2117
-488
3659
-2648
2975
-4286
-2701
-472
656
4266
1907
982
-2896
1684
-2485
-1008
-4049
-993
2521
528
650
4175
1152
-4439
2979
3645
-3796
1337
1541
-3144
1796
-759
-4306
-2525
3301
606
-3816
3461
347
1656
4526
-3484
182
3109
775
-3491
4959
-2566
692
-3914
3070
2751
3940
-148
-3962
-2349
1615
-3377
-4653
-3948
4620
639
4183
-355
-3259
-2783
979
-994
668
-4166
-1373
-2778
-476
-1346
-4797
736
-3700
-2951
-1244
1083
3651
948
2599
-1586
-4868
-3998
-805
-1660
4520
-571
2618
3004
3133
2479
-4149
2447
2101
-2455
4915
-1642
-1838
2578
3350
-3218
-507
2261
-2339
-2511
4467
-664
-3129
1504
-2438
-2498
2268
4202
-394
4839
3518
-3933
3201
-1062
3917
3916
699
1718
-1062
-3291
776
-158
-2004
-944
92
-2288
138
-2736
-163
-2300
3643
3893
-3549
2621
-3973
2487
-126
442
-2126
4960
-3966
904
-3454
1134
3909
-1336
-2252
-2174
-186
-2203
4399
-1026
-3969
1150
3849
-3512
-3031
-2668
-2899
1799
2283
-1546
2446
1196
4534
-4168
-4159
4430
-697
1490
2647
-2465
-237
-4512
-954
1639
-3067
4200
-3568
1961
-1517
422
4176
3296
2623
703
4496
-4841
-895
-4541
-164
-1550
-1914
-3323
4123
1813
-1395
-4457
2181
1221
-3084
4307
4498
-4631
2871
-3295
4808
3921
3959
-1330
-3435
3239
3367
-3495
-3547
-2213
-1540
3398
-1246
2091
372
2947
3318
-2717
-4761
31
-1759
-4003
-1085
-3228
-432
2765
-2243
324
3365
-1744
-1951
3995
-2825
-1458
4773
-4793
-2115
-3403
-1729
-4478
-3541
-2855
-1301
-566
4819
3547
3267
-4308
-4502
-4276
2171
-1719
-541
449
3710
-1057
-4830
941
3026
-4390
-3921
-3422
1620
999
1998
-2053
1477
659
-4553
3090
-3304
334
-4835
-3446
3250
-2257
1619
-935
106
4240
2457
1653
2064
506
-3168
820
1062
-429
3561
4816
-2612
2220
1010
1168
-889
-4497
3055
-1316
2408
-707
-2805
-4506
-155
2500
1787
-143
-4234
-69
-9
138
4369
-2948
-268
2168
394
-2595
-4165
1272
4624
3718
-4982
4645
568
1328
-1849
-1862
-1861
-4036
-4237
-3384
-4051
-667
2695
4861
2484
1852
2369
-2937
4277
2890
147
-4532
1715
3423
-934
2472
1048
-4348
-1916
-1306
3857
4942
-4267
1922
-1006
2055
3939
-1683
2653
1010
886
24
4014
-4047
1030
3593
-3611
-387
-3523
1233
-3976
4663
-4099
-609
2142
2297
-2920
1179
3566
-420
-1383
-2693
3292
-2958
3329
-4117
-772
1896
-4356
-601
568
489
-4297
876
-1921
2279
1261
3453
-4318
-2904
4264
-2004
-2465
3797
4445
-2161
2289
3473
2486
4749
1153
-2579
2196
-2823
3851
-532
3509
2338
1273
4192
-3367
-318
4514
-2560
4607
647
213
-1886
2167
-3094
4124
-1054
-4081
-4659
-45
-3467
-2501
2011
3827
-4530
-65
-4987
4458
3800
4405
666
-1687
-1705
729
-2875
1125
1696
155
-531
2425
4806
-2663
2630
404
-1296
1751
-4193
4479
3956
-2296
834
2300
-1304
-1862
-1936
-4491
-2514
3053
-3063
-3848
-1129
1775
-3240
637
522
-3079
-3745
-919
4686
3407
397
4851
4870
-1464
3762
2735
1098
-155
-1433
-2467
1430
1502
-2754
-346
-2636
766
-3573
-4443
-1959
3827
-3039
-3727
1225
2505
1781
-2495
1567
-3848
-3758
-280
-1428
162
-2228
2324
-4666
-2118
-44
2225
-1106
274
1914
-4243
-1289
3754
2208
0
2696
3189
2136
-593
-3589
-4035
1005
-2446
1842
-1704
-3012
1498
-4862
-2848
-3421
-201
-605
372
-1212
-2160
3595
-2746
-1209
-635
-4317
2988
270
-4175
-1235
-4541
-3009
3508
1544
-2470
-367
1437
2000
-545
-2788
2155
4278
3795
-2761
528
-1104
1561
-2985
4227
-2778
1866
1728
2841
-309
-4707
-3883
-1893
-687
2538
3205
-341
-2621
-2696
4097
513
2053
700
1076
552
-3583
-3298
1632
3361
2132
4421
-3094
3416
-829
2041
2287
-2053
649
-4850
2290
352
169
-1449
-944
4694
-1931
-2558
4652
-1528
2726
4701
-796
-3438
-4176
3118
307
-4580
1620
-3858
173
1029
-898
2722
902
2555
-2627
-623
-436
-3030
708
-4574
-1236
2092
-4436
3769
882
-4169
-1120
4103
2375
-3279
-4216
696
-2690
-547
-1720
-981
-1397
-315
-3724
4099
-2346
-718
-3874
3758
-853
2822
1615
-3507
4427
4455
1018
3371
-3861
-1500
654
2746
4788
3492
-2502
-3477
-4738
4814
-2751
-1275
1138
-517
-3719
-1529
-4247
1824
-1930
-4200
-905
825
-2759
-3817
-2131
-732
4081
4957
133
-2029
-1226
-3720
1325
-4602
1842
1858
-595
-2004
-4742
-4590
2290
-1636
-3283
1398
-2834
36
-4541
-4778
4600
-2099
4696
-1720
776
-47
3820
-938
-2458
-3426
-2974
397
3935
-2323
-4297
2268
3886
3552
3619
4740
-4589
2858
-4724
2473
-346
-4923
-2601
755
3230
-4927
-4986
3398
76
-3052
204
1199
199
3408
-4621
868
3788
2164
-1395
-1073
-3249
4766
3010
-4849
2522
1267
-1736
-2422
-1892
-4988
-831
-2011
-2683
-2969
2760
1706
-39
-4915
1491
2715
-88
4617
-1774
-3061
2692
-2015
4007
1940
-4037
-3843
-3655
-56
4501
3728
1488
-64
-1677
-2889
4459
2242
-3878
388
-2761
654
-3539
2392
-2495
-3000
-4168
579
-2145
-1082
-1552
-58
1898
1495
2736
-1279
-878
-3830
-4259
-2723
3839
3083
883
4987
996
-1170
-4893
4123
4013
2295
3418
-4580
-1912
4843
-641
-4395
4203
-1978
-1888
-1597
-2807
-649
-1234
-3874
-4351
4772
-4923
-293
534
-1590
-2205
1538
4823
-172
-3192
643
-2953
-2938
4200
916
131
-704
4744
-1342
2390
1102
4687
1543
4708
-2924
-2612
-1790
4693
4079
-4443
1656
-2207
623
-4842
-1243
2470
1066
-1925
-1982
-4039
2267
-2026
-3824
1085
-959
1178
-930
261
4216
-2955
893
3631
-3887
-3214
3894
2498
-397
586
4468
-1455
-799
-1674
-2408
911
4578
-3907
-1165
-4426
-3415
3509
-723
-804
-859
-2578
-4885
2620
1091
2129
2259
-1816
1601
2348
-4807
-1046
-451
4799
-1193
1839
4105
1022
1753
-162
3651
896
2164
-3676
3413
437
716
3463
-2886
889
1879
-1303
-2359
-1398
