17840
-1745
2495
4369
-2843
-4005
2733
-4996
-4832
-423
-4605
-4439
-426
-4799
-3205
-434
-120
-3509
-2896
2904
-286
-1965
-2410
4351
4314
3309
-4941
3145
-3491
-387
2899
-4056
2761
1409
2396
-4100
-2093
1299
-4401
-1335
1868
4109
-3090
3888
3719
3125
-2276
-1996
4692
-1906
-1532
2625
4781
-3185
1888
2145
-785
5
-1493
-720
4664
2913
-967
3090
-1127
2863
-2285
-3638
2137
-247
-491
-872
3060
570
164
4502
3817
3475
1915
-4930
468
2689
307
-1924
-1049
-1065
-814
-1181
-4930
2166
3696
884
4130
-147
1806
-3919
-4696
2279
1916
385
-3078
-980
-1124
-1941
-4589
4437
-1328
-1175
-2507
-2995
-4309
3670
-1932
1675
-44
-3148
-4095
-2429
1931
-3855
3563
4590
1373
-3417
3124
-2681
-1859
4682
2109
4651
-314
3934
-2804
897
1026
-4349
1262
3899
-568
2908
-1051
443
4360
-4830
-3987
1189
4523
3217
-4831
-4462
4742
4403
3749
1256
-2038
-2269
-117
3153
1443
766
-3335
-3756
3529
3383
-1040
-2206
-3019
3776
-2384
-3630
-1022
-847
2219
-4219
-680
-4460
1946
4235
693
1988
-398
303
-3586
-1099
-365
-452
1893
-3202
1238
4692
-2960
1795
-669
4318
3689
2837
-4573
65
2976
3427
-654
184
-4832
2929
1574
783
4240
2687
4370
-4859
3184
-2850
4337
-1269
2869
-1441
2833
-2932
-2797
4180
3713
-1095
4926
-3100
-2472
3901
-4765
1941
-862
-822
3182
-4616
-3646
-1221
-462
1671
-1068
1420
2430
-2961
-700
-960
-4726
1331
3352
4756
-3629
2457
639
-1293
756
1938
-3675
1473
1879
3546
-3698
1093
2125
1102
-4003
-3150
1838
2232
2903
-1019
4093
4254
-163
323
3318
-3880
-466
4892
2941
-1572
-4990
-3608
-109
-1831
29
4013
4696
4906
-4471
-348
-133
4232
2700
2191
4327
839
3951
1317
124
522
3066
-3781
-3011
-4482
-4119
-3112
-4276
2589
-2421
4671
-1989
530
-1547
-4016
1216
2199
-3334
2079
-849
350
-3270
-365
-4052
4195
3655
246
1078
-3164
4310
-4764
4747
-4398
33
615
-3409
3813
2440
-425
-2991
-3833
-2145
-481
-3118
1841
4893
-4301
-3946
-4785
-4383
87
-4787
-440
2040
2646
-1431
-1837
-2833
4070
2098
857
1534
3091
-314
-4393
-375
-2775
610
2116
-3706
294
-2364
-723
3676
-3777
2852
-554
2455
1324
-353
4800
-4731
-563
3933
2510
-1176
1750
3299
789
-147
-1312
-1605
-173
-3889
-4868
716
-1278
-514
-257
615
-1152
-558
3858
-1948
874
3648
-553
4236
2827
1611
-783
1391
-1981
-1091
-1962
1198
3798
3562
3212
-3039
1310
4573
2949
-4458
-981
870
875
1686
4709
-4688
1330
4378
612
2212
-4296
-426
-1374
328
-3336
4720
-4417
2202
-2598
4203
453
4145
-4121
297
-4163
-2634
-1480
4545
2052
-3943
4700
-2990
-3248
-1666
3674
983
-1262
1669
-1343
-1129
-1948
-4226
862
-4204
-297
-1933
1202
-4278
-3928
3180
3705
-1777
3816
3093
3076
954
3540
319
1057
3892
-3099
2488
3440
-3986
-1636
3978
1515
1762
3326
1464
903
330
-3118
-4297
1371
-3297
-2646
-2410
4078
3960
4491
-3755
-4899
1945
-1909
-552
4475
1487
-501
1632
4861
-3476
1247
1467
385
-2941
884
-4836
-1279
2014
-313
-4098
-3317
-467
4134
-693
-892
-2219
482
-1477
435
3801
1949
-3207
3514
-1760
2556
-3168
3021
2057
4182
1287
92
961
934
-3216
-4942
1315
1859
1958
-494
-3869
-2437
4456
-554
-3682
4662
1341
4162
-1549
-369
-1046
2395
-2079
3257
-4736
-2207
2506
-1495
1921
3415
3634
4629
1801
4460
2684
343
3385
3736
166
1043
-3858
-3577
537
-325
4940
-1315
4315
-4768
-782
-3651
4730
2474
4708
4567
-3201
2067
2733
-106
-3683
-1779
4239
1866
-2661
3223
4822
-3789
571
4215
1474
-4514
1046
-2642
800
3740
882
914
-530
1590
-1881
198
43
890
-659
2209
-4751
-3139
-4346
-2860
3285
-1882
3945
4716
-209
4316
-1413
-822
-3851
-3733
-2406
-167
-3934
-3843
-2608
-454
-2073
-1636
-1701
4556
4963
1796
1742
1936
-3368
1430
-2076
-2730
-3913
-4422
-3057
3676
-4460
581
1861
3130
3479
-685
-1766
-3358
4858
92
4345
-4675
-693
3755
-1366
4948
1769
-1217
4766
530
1726
1484
-2286
1702
-2686
-2076
-1009
4359
-3074
-2973
-388
-966
-3285
2719
-1226
-4145
2344
-4623
190
-2151
-1415
-2606
-360
-108
-3244
231
-1448
4547
-2148
2783
-4673
-1033
4526
-2900
1264
-3649
-3344
2660
4715
2164
-2520
-3921
2706
989
4606
-1186
-3678
-445
-4943
2357
4020
-941
-3360
727
-2074
576
-4173
-3325
4656
-3473
-4496
-4199
1681
-4510
162
-1920
438
2689
3043
-1202
-3489
311
836
1933
4137
-2598
1105
4935
1131
-296
-4115
-3503
2677
-2781
363
3607
3296
-1024
4509
718
-4973
-3021
956
-3929
125
-1181
-781
1888
3243
1873
377
962
-2040
4458
4716
2512
-4638
-1352
3440
4501
-353
-4094
-4557
2439
-2809
4055
-1324
-1751
-1233
4339
4820
-3026
2651
526
-2486
-2502
2804
4507
-4846
1571
1058
-1589
-2615
-349
-2479
4408
4201
4236
3286
1813
3679
4899
2250
-2704
-2909
2663
1297
794
-3475
-186
-3887
2499
-343
1528
732
-2709
2332
-3335
-1291
4908
-4132
-4423
-937
1881
4620
-4053
2266
278
-1354
-3415
3487
-3953
-4308
-1381
1490
-4897
3747
70
3594
2287
3573
-3030
459
-821
1358
3866
-1030
-842
2334
-3639
-1331
-343
622
-2142
-4199
-4898
2221
-2705
212
786
3381
-2176
-2701
1632
618
4509
-2481
2457
474
-3947
-3084
2693
3136
3464
-2005
-749
1986
3042
1222
325
-330
504
-1012
2308
2092
-625
83
3894
3619
4833
-4874
3323
3349
3324
-1639
-2285
-1536
3610
-3982
1234
-4077
2287
-3501
-3656
4403
-700
-1380
1712
-2174
4356
-4220
2691
1302
-2712
4529
2763
-356
4453
-2054
2841
-530
3031
-3539
3017
4173
3614
-2563
-124
-1309
2998
-4864
1291
-2165
-1558
-2825
4500
4385
3757
383
-1763
394
4171
4123
1713
2708
-4550
-4596
-884
-4562
-213
-4913
-2117
1864
4843
4636
-1898
1123
2606
3614
1053
-883
4339
4804
3654
-3554
2506
-570
2702
-2925
720
4043
1939
1223
848
237
3617
329
721
-1464
-653
1062
-3379
4428
-1334
2582
-1503
-2076
4491
1959
-4254
4133
-2477
2645
-3380
3270
-1196
-3624
2220
486
1833
1286
-306
4717
-3617
2486
-2012
1864
525
-1381
2373
-1189
307
-1864
861
2494
4201
6
-1616
-3701
3050
2485
3683
-3775
-1585
1016
-1195
-4773
-239
-4327
-2248
-61
718
-4969
-4269
2095
1657
4482
2769
-4766
3053
-3884
3785
-1608
2826
4623
-4867
192
-2306
2122
2593
765
2185
1911
31
-71
1938
218
1159
3949
-3631
767
932
862
-4639
-1655
1474
4245
2268
-4467
4550
-3156
-4415
-2386
-4499
4954
-316
2291
-3173
-1251
-2229
-4073
-457
-1253
-3883
2043
2713
4196
-1666
1390
-576
-3992
-390
-132
3765
-4226
3225
-3564
2225
-4414
2941
-650
3428
-816
-1803
-1440
-1729
4321
3608
-646
-983
-1177
-897
-2323
3356
-4996
3254
2667
-4801
-2257
1294
-3621
1802
4827
3025
-2580
-1797
-4595
-492
-1235
-1655
-802
-1697
-577
-1895
3669
1546
-1487
2757
4246
-537
-578
-4680
-239
-4165
4377
-943
3973
-2864
4378
-800
-2716
1868
-1399
1707
2957
-1935
3387
-2754
-1237
2080
-145
3020
-3418
-4012
-1404
-467
3077
-834
2832
697
2548
4578
906
218
3920
-3660
-611
4963
2878
-3670
1589
3557
-4789
1004
1826
2365
-587
-4219
4181
3213
3948
-2172
-116
3055
-4066
-3379
3089
-975
2635
-2737
-2802
-3128
3662
-4079
4486
399
-2346
-4121
-694
-3694
-4912
-4988
2961
3478
2452
1075
-3783
848
-2186
3533
2482
4512
450
2950
-4093
-1352
1525
1111
-1112
1185
-1201
-1884
-3006
1553
1216
-1081
3942
3095
-4716
-1640
1505
-3564
-4834
3020
2942
-1148
-1650
3436
-2710
2190
-1402
6
-2443
3174
3922
-4105
4852
3148
1688
-3725
2449
-990
4194
662
4987
-764
1919
1203
3585
3097
540
4075
4175
-1750
-2201
985
830
4879
-2687
-314
-2899
2150
3104
4542
3050
-4360
-2957
1100
-1480
-2897
2844
-3463
3574
-3983
179
-1935
3617
2955
-2740
-3953
-2735
-3895
-10
-4174
-2514
-758
-986
3340
-3451
-1642
-3415
1541
879
392
1852
-374
1125
-2394
450
251
2405
2342
4076
1112
-1278
2017
-4002
4837
761
-1165
2734
3263
-3102
-2811
1173
1118
-2755
1154
-4360
1089
-578
-1138
-2758
3866
2129
-3535
2732
4663
-1018
922
2229
-3581
-733
-4545
976
1067
3406
3611
3854
-645
-3365
-2472
-2283
-3889
2511
3898
-32
-1563
1985
2417
4113
-1725
-3508
-3991
2231
-198
-4417
1
-1063
727
-4459
1455
1159
-2171
-2980
2140
3995
1498
-3595
-2068
-3936
-3947
400
2490
-2252
-2605
-4511
-2336
785
2519
2515
-2505
-1157
3333
684
1529
-4706
-724
-539
-4715
-3891
-741
-277
114
-3852
-4292
-4556
1381
-3473
2133
-1794
1615
-360
-2531
4102
1237
-3112
-3506
-3597
2402
1818
-1271
3774
-3697
2211
-3423
-2682
-4777
4421
-2735
-4321
2450
-4185
3477
-2116
-1439
-4182
-1224
3205
-4372
-192
-196
4621
-3083
-2036
-1708
4584
4260
3614
-2285
-3129
-2634
-3519
3684
-2624
4287
-2151
-2761
-1336
2780
-1466
-408
696
3406
2425
519
-4383
3990
3995
2725
4107
858
1154
86
1392
2346
4530
3234
14
97
-4872
-1756
-1808
-4244
4674
3070
-2698
-1767
4058
-3180
-2465
97
-3396
-1639
-3341
-2574
4130
-1460
-4348
3216
4315
-1121
1907
-2632
2912
665
4422
2860
-4889
-4282
3239
-2161
2912
-2878
193
3411
3123
554
-4557
3972
4625
-4105
467
-3006
3326
3191
-1653
4467
2187
-4935
-488
-2142
3118
-693
-4942
-3181
3718
-2186
-406
-101
3322
3422
-1840
-3214
-2281
1217
-2498
-561
3714
-2095
-3650
1264
1777
-2714
-1030
-1092
-4465
-819
-328
4152
2583
-2698
4464
-4841
-4366
-360
-346
-2299
4132
-1841
3586
3745
-278
-497
-621
-4931
-1772
1645
-4713
-1524
-3644
4454
-1653
2168
3786
-1041
3401
3096
-3321
-4870
-4328
-1106
-1199
-3999
2228
-2442
4921
2298
-4010
155
-1408
-3908
-570
625
3541
1883
-1219
-4206
-1153
2927
372
-4276
-3081
1237
4172
-3680
1
23
-2121
1031
3218
2191
2618
130
1149
3424
1773
3445
109
-4626
-4175
4116
-1682
-311
-4860
862
1879
-4775
3741
2573
-445
1620
1360
24
-4938
1365
-3500
1074
-2104
-3424
-2632
-341
1302
1005
948
228
776
4958
246
1554
676
-2270
3445
-2035
-4608
4003
2993
-1898
3403
524
3849
788
-2842
-4036
2471
-523
1591
-612
-2598
-4401
4130
1940
3376
-428
-304
4515
-3776
1089
711
-4184
-2991
3359
2428
1585
4970
-1455
-2718
-4192
-1179
1476
1489
3512
-2238
2823
-2558
-40
2703
-423
90
727
-1498
435
-2882
4738
2675
-1030
-4007
-747
1093
-4251
3211
-4988
-4561
3516
2877
4523
1287
1626
-3762
-393
-416
-4162
1530
-3566
-3465
1155
-336
4728
4426
3349
3456
-69
1676
2571
2523
-2229
4918
1854
4107
3420
1441
2797
-3978
1168
2285
1114
-4780
-2592
-1116
1807
4327
3473
2362
543
853
-810
-170
4420
2419
3986
-3263
3347
4257
738
4809
-4636
-611
2795
-2661
3598
-2277
2531
-4457
4734
4385
-4105
-582
4706
3189
-1383
2453
-4690
-447
-1958
-4439
-3549
-510
3125
-208
-1678
290
-586
3685
1349
-4023
-3166
-4155
498
-528
-225
3551
-4654
-4976
-466
-139
3345
-4225
1808
4818
359
3633
-614
912
-1044
-4763
-587
446
4092
3851
862
-3041
944
293
-380
2697
3478
-3685
-2711
2963
-3899
-971
1645
3355
1219
-2589
479
97
-2280
3902
-3282
-614
-449
59
1220
-2918
-1266
-554
-1488
496
4062
-2407
-691
-469
513
3043
-69
-1917
1816
232
-2679
765
4608
1205
2580
345
-2010
4771
-4788
289
4537
-527
-3153
434
-1819
-4667
-3285
1652
-3480
-3939
-1387
-4077
-4785
1588
-2263
-2368
772
2512
3461
-643
-1053
4181
1487
-1183
2361
4470
-3078
-1608
3976
-3526
-4574
-2108
-613
2329
4188
2089
-2210
4084
-450
-1325
3484
-4646
-2175
1179
4259
-396
-1564
3516
-1659
2847
2666
-4825
-2193
-988
257
4514
-2813
4237
1868
-4532
-3786
1826
1002
981
1760
-107
3221
-3993
1879
4240
-943
4226
-3227
1707
-983
-926
-4807
-1089
4683
1553
-4012
-2355
4522
-2211
-4442
2603
-4611
1467
-1713
1111
-1300
-995
-145
1408
-4582
-3768
973
-4921
-4500
4617
-3988
2493
-4878
3593
-4031
-2727
2670
4348
-707
-4279
-2251
67
-731
1195
-2324
2150
1238
-4113
-860
1286
2170
-4798
2446
3725
3212
612
905
4493
694
-2859
4901
-1941
3071
3952
-4086
-4580
-1401
-3598
2998
1020
2159
-3138
-3027
1794
-1303
-1332
-2157
-4069
3892
1888
109
317
4287
3530
-3928
-1368
1525
786
-3945
4309
379
-3120
4408
758
2590
4703
-3600
1333
-1198
1780
-4442
-3294
2336
3114
-1557
-4104
2422
-3314
-4665
2276
2514
2361
-4816
-4190
3368
-3572
465
4219
1759
4373
4834
847
-619
3641
-2889
2732
-4026
-3336
591
-4144
-734
164
-4723
614
-3399
-1782
-388
-2495
3824
1581
1976
4291
3257
3647
-1011
-3568
3264
-449
1113
4020
-473
4185
-3143
4568
788
4523
-4713
-3586
3228
-951
-1143
-2647
4154
-2337
-1939
-576
-3953
1796
-874
177
767
-2431
2640
-3802
402
3172
-4897
-3873
4601
-1476
4967
-632
2998
-1998
-2189
2611
2028
741
-24
4500
1910
-4288
4855
-700
-3152
-2518
409
-835
4763
-669
3150
1193
-37
4296
1972
-369
4768
-1204
-2949
4788
1042
-2368
430
3062
-2761
-4978
3749
-4038
3074
1641
-2832
-4645
-3217
1735
-4080
-607
1195
402
-2607
4122
62
2201
3649
-1807
4768
4670
-4811
-832
3001
-2248
-2491
2775
1503
1597
-1788
-1346
2537
186
-1215
-1530
1654
-3623
-4545
-851
-3487
-3757
4755
-3504
3465
-2750
3913
-1133
-214
1915
-3345
-3994
2359
-572
-3812
-956
-687
3636
1071
-2569
-4948
-1848
2321
2421
3390
3524
-3494
-2439
-1534
-2892
3631
4679
-861
827
-54
4697
-3624
601
1460
-3249
-2728
1109
-1712
-3808
-1045
-1726
-4395
-364
-1876
-2409
-3727
3835
687
21
2730
4196
1713
-3357
-1816
3845
-4725
4810
-325
2688
3717
-2266
-2529
2417
-3367
-4795
-298
-1944
-3500
-399
2071
-795
4369
1453
-2106
-3015
102
2025
301
1419
-1439
495
4799
-2700
-1878
1175
2055
4762
4568
-554
-3576
1605
4384
-1444
3633
-1444
-3770
228
-1330
3221
2333
-2636
-705
2632
-4779
32
-3357
-4694
2318
-328
1730
595
-2980
-2865
-4737
-1201
-397
2057
-2433
-1174
-4617
-3359
1225
-174
2362
-3065
1720
-1160
-3349
-2530
4064
-758
-4371
-2185
1350
4127
563
202
-1724
-3910
1717
-1253
-4332
-4365
-2159
512
479
-3493
2423
2224
-1617
-3906
2090
4313
-4206
2486
2478
-2246
750
2081
3586
-2558
1723
2736
-3939
369
2488
-3088
2579
544
2759
3358
4290
870
-3180
3142
-833
-3807
-3378
-3293
-3393
-4391
-1858
246
-69
1842
2267
1091
4539
-3446
4300
4696
30
-2195
-3728
-263
-610
2698
1873
-1623
-4203
-278
-2231
2667
4244
3365
3859
4133
1594
2488
-1249
-2750
-4909
-1114
-1775
-4105
3178
1702
-3976
-1994
956
-3654
-311
-2533
-3891
1284
-2198
-2078
-3785
-939
2580
-1034
-2479
4161
-2276
600
188
-2757
-987
-4436
2111
4836
-3459
308
3703
1823
-4075
-2299
3251
-2605
-4027
-177
105
-85
-205
1597
1589
3945
4603
4214
3562
-1111
-3983
3152
-2432
-3870
3184
1134
-776
-2857
-2172
-2273
4096
-885
-161
-2458
2182
-2290
-1443
2379
4739
-4842
-899
-4982
3663
2175
1807
-3569
4811
2090
-1257
3637
-1082
-3187
-3413
-1627
-4724
1004
-1883
-553
-2311
3271
-3133
1452
-1921
-4509
1068
1837
-601
-94
-3101
4893
-4794
529
-3230
-2761
3078
1439
-4502
-4179
607
-2235
-750
1283
-663
1165
-1107
-2967
4690
2211
2050
4223
298
4174
4595
-1786
-295
-3986
-844
-4591
292
2177
-2888
-2582
-1739
-3587
-3286
88
2978
4339
2095
-2618
3917
4734
-2778
3757
4530
-4719
1483
-3634
-4557
-2579
3910
-685
1566
3463
-4275
-2176
-4616
4970
-3288
-4636
456
3594
-2038
4264
4470
-4415
-1991
1778
650
-3801
-4026
541
-3763
941
-3415
2695
-969
-326
894
7
3085
4320
-4279
-1146
-3186
-354
-2012
2035
653
-771
4825
-3339
1236
423
-3746
-2619
3630
-3343
-2703
-1094
-4143
-4484
-3426
-4551
1958
728
912
4429
-480
-3725
-161
852
1522
4292
1387
324
2610
4615
-3328
1636
1498
2899
4242
-4955
2877
2298
4461
792
-103
4666
-1804
4319
3931
4744
2862
3827
1911
-1664
-811
-1977
-3064
-615
-1854
-3995
-1032
2234
-434
-4213
-2430
1422
-144
-2942
1728
866
3116
-786
-612
4282
78
-3497
2255
-1760
-2769
3904
106
166
2328
-1842
4274
3852
-4410
1489
-349
517
651
4735
-3571
-2883
3842
888
-824
-1057
3456
1113
321
473
983
-2333
-3075
-2443
1486
2297
-2142
633
3833
-1270
-1537
1698
1935
-2347
4218
-2939
2306
1159
1494
-1841
-3043
-528
-4447
3751
3706
-1045
-1062
4066
2738
3316
-4885
4233
-1572
471
-3355
-542
-886
-669
3660
1587
1837
3978
-1191
-3045
-3278
-4993
178
-1994
-2446
3610
-419
-446
-4593
1899
-4202
-224
1758
3318
-4678
4628
3058
600
3044
3716
2876
3454
232
1288
1946
242
-227
-1786
1555
1242
2587
1581
673
-1676
4982
-3729
1601
-360
3387
3757
263
-2112
-4999
335
-4530
-4915
2112
-2976
-2330
-2304
3202
3396
2740
-4142
2598
2168
3094
-1011
506
3941
-3721
3481
4865
2576
843
4286
-3
2715
-1980
-1786
4208
-2042
-2744
338
-1193
-3503
-768
3446
-3752
2755
976
1897
3886
974
-135
4279
-4385
1113
4970
-4285
3980
3038
4961
-1676
-3526
929
3369
-1457
-2148
-1270
2092
-3794
1907
-136
1926
-643
-2947
-184
2994
-1728
4885
514
-580
4903
-3377
-3166
3914
-4257
469
1324
151
1424
1338
-4345
-3487
-1745
4175
-296
-3968
2974
-1568
3748
4254
2914
828
3858
-4522
-497
2745
-4149
2052
3116
-4915
3873
1092
-2878
3732
4258
831
-4069
4335
422
4657
152
-1715
-1115
3254
-2539
491
1615
2991
-976
-3091
-2706
2942
4012
3964
1283
-4072
-4861
-4823
3564
-4816
3711
2723
-4924
-159
4822
-784
-4020
3789
-813
-1888
-383
3725
2119
-3192
-391
-3053
2880
-778
1764
-223
1238
2565
473
4532
-3085
4147
4465
-3649
2896
4292
3408
-4030
1661
927
1006
-4778
3460
-2435
1640
1057
-4754
3837
2455
3355
747
-4144
-3940
818
-1263
-2026
-4741
3807
-1222
3912
-4025
-2794
1017
-1060
1583
-739
382
525
-1661
-2901
-1845
-2127
-4770
-1859
436
3352
459
3247
1683
-3721
488
2714
-62
-3876
-1155
1472
-2790
-1531
-3308
1172
668
-4596
-3625
-2235
2723
-687
-536
4246
1515
-2666
1245
1030
-3945
-1995
1146
-52
-4855
2924
255
-776
-4821
-2091
2759
1721
3927
-3369
2508
-1681
-930
4800
4666
-1764
3745
-2555
-2901
4988
-1086
-3624
-4832
3509
-2821
4635
-2752
-3559
-2099
-1903
-4498
1857
59
2337
3915
-1089
-3239
-194
-3310
-3073
-3962
-3298
682
-2950
-290
874
-3313
-2474
4060
2150
-3049
-3863
-803
1358
3246
3698
-1729
-953
3136
2443
310
3413
-408
-30
-1960
-1868
-1860
552
-4973
-3198
-3003
-2878
3196
-4501
432
1564
3665
-12
98
-3601
144
-1732
4683
-3225
-1615
-1481
-135
-1789
760
3412
-2776
-3618
2826
-189
-2418
250
3004
2817
-1305
2251
-4738
130
1968
-4584
4915
-2825
4497
2214
1371
4550
-2574
-134
520
3783
-4137
3611
2955
-2764
-679
3704
2163
2531
466
-334
-4064
-1241
2497
106
-848
-2868
-222
-2207
3420
727
-1373
2636
0
2288
3290
1020
-4655
-4643
2943
-2413
4486
2439
3942
-2009
-2809
3090
-4082
-1952
-3764
-4488
-4818
1099
-1684
-4853
-2777
99
4299
-266
3723
226
-3407
-1840
4774
-2707
-834
3211
-459
-4169
432
3403
-499
-4133
82
1218
3719
-297
4729
-4948
-2432
-2079
-1507
-1587
-4967
484
484
2141
-1591
-4521
-3967
2288
1420
-1598
4287
-4787
2574
-1321
32
2537
-4268
-656
-2707
3742
-157
2726
675
-3466
186
4804
-3556
-2022
-3222
3281
-1970
-80
-596
4407
1963
1717
1791
-150
-273
4564
-2897
-291
-1428
2042
4934
-1359
-4226
2359
1291
-402
3323
-4698
1255
2058
3654
26
-3050
1638
3541
275
4032
4499
3225
-1884
-163
-1810
3657
-3629
-4398
-1667
-4337
4974
-420
-1190
3881
-1460
4559
3220
-2756
223
-2579
-259
-427
715
-877
-3294
2962
1628
-1014
3050
4358
2073
2875
3321
-4970
4775
-497
-4116
-3488
590
1103
2979
-2498
-2390
3518
-1040
-2315
-4543
1286
-891
-3827
-1523
4237
2515
1350
-3496
-4655
-484
-258
4276
4540
3587
-576
-4161
4625
-2521
2315
2201
1738
-2305
2365
4244
-3388
993
2769
-4233
1436
-4947
3126
-808
2701
-3762
2292
-687
-4161
2547
4205
1812
-486
4860
4037
37
-3848
4439
829
2747
451
-426
-3454
-450
2628
-2711
3579
-336
-1646
2457
4489
3167
3736
-4822
2402
-512
3263
3983
-4081
4051
4696
-1993
-2188
4235
3362
-4764
-244
3186
-2855
4297
-1638
29
3355
1088
-3352
4514
-4639
-230
-4559
4850
2379
-231
1524
1940
-1821
-2450
-2954
783
682
-3449
-855
-3845
-900
-4166
-2228
662
-1356
2367
2216
-3978
3493
899
-2755
-1071
-3666
-2174
2215
851
-4376
2346
2922
-798
-4865
-2402
-4718
1297
-2225
-935
1302
1132
-4796
-3161
-1543
-870
-1652
4778
-2815
3332
-2007
2557
3846
-4584
-1585
-1227
-846
-1539
1579
4300
1295
-1608
-4186
4764
-2601
4169
4923
449
973
-4740
1660
-2581
-35
-2623
1341
2228
-1947
-3110
4781
-4964
-776
4099
-3998
2075
-2278
-4899
-1703
3475
-1795
872
-3959
-4596
2091
-2946
4846
2934
2900
4114
3199
412
1870
-2356
-719
4066
3849
449
-3255
-4849
3873
-366
-2976
-1458
-2996
2414
2700
-1260
4178
-2348
-3299
-943
-1163
1476
4889
-4534
4924
4843
1431
3110
4973
3901
623
928
1064
1908
1375
1253
4381
-2288
-1128
4228
1334
-170
-1624
1491
-2314
-4420
3137
1439
1057
-280
-3759
-3000
-2293
3033
3187
4858
-3520
3131
-4641
2810
-1371
2475
3921
985
2885
-3037
2496
3867
726
3243
-1168
4388
-2100
-1177
4507
-2678
493
-3651
778
-3703
4905
1395
3405
4038
164
-3816
311
-989
-909
-126
-612
-2561
1994
1165
3834
3390
2682
820
1029
-304
-2843
2162
2383
3996
-1568
-3413
-3978
-2278
509
4297
2171
4993
-2822
-1138
-1629
-935
-959
-1223
-1093
3426
-3515
-885
-3272
114
-4148
-1846
4113
-3747
-2329
-4959
-2020
-4897
180
-3481
-2466
4176
958
-1965
675
-2322
-1910
-4947
323
-511
-1072
-476
1020
1787
-1789
863
2359
-4225
3816
-3933
1870
-3588
4839
-4326
-1567
-1311
514
2145
3963
941
-3552
4922
1079
2001
-4284
250
-2766
185
378
2470
2333
-2057
1894
1125
2164
1639
4579
1989
-4196
-1321
2984
-670
1679
-415
1474
193
-3462
2272
2077
1170
3058
755
45
-2655
-3602
-2678
2061
-167
-3489
-1700
-157
-86
539
2809
4649
-4908
-3351
3567
2846
4310
3451
301
4441
-2438
-909
-222
-4737
-426
-4287
-2175
2192
-1680
2691
-778
4340
4945
-2425
2905
1690
2981
4247
3873
-4775
-2276
-94
4248
-1429
-3379
2350
3008
818
3199
3754
-3484
3622
-1178
1663
-4825
1517
503
-698
-2624
-4743
-2072
-1260
2226
4074
-2194
357
-1250
1808
3626
-3924
3267
3496
-1393
-4282
2848
2022
1591
-3835
2545
2324
-970
2907
1209
-1356
158
768
1394
4996
-1876
-4894
379
-223
391
-4664
-4317
-3200
-1844
4779
-2746
3115
561
2053
263
-3558
1188
4484
4375
-1986
-3374
-398
931
-957
1354
-3712
-4794
1282
487
2046
529
-4999
4404
4294
422
817
-3098
2269
4900
-3976
3387
827
4935
-3512
-4892
2588
-2139
-1857
907
-1374
2064
1629
-49
2469
2404
-3550
-4352
1751
-1191
-1223
434
-4839
3040
-3176
2646
-2337
-4045
-3654
4041
-1304
-271
-2656
-2889
-3
-3554
1055
-266
-738
3076
2878
-3033
1674
-2145
4305
2627
1702
-4014
3736
-2318
1942
-1187
3164
-3977
2497
-1074
-2690
1209
-640
4046
-2153
205
1773
215
-313
3042
2637
-2786
-3195
842
3114
3005
-4124
-2585
-1183
4548
-315
-3411
4413
3261
-1452
4905
-435
-3800
511
-1827
-1385
-4168
-4978
-1399
4246
3767
996
-3399
2576
-2778
714
-4835
-4127
951
-3137
4760
-167
1765
-4677
3669
1657
373
452
-2781
3792
4280
1517
1009
3146
-2508
2848
-1924
3186
943
-4273
1281
-1966
2780
4633
2274
909
752
-1013
-1284
2400
1611
-1948
4851
1794
-2448
4821
4294
-788
2498
-4487
-828
3316
3603
-1561
50
-500
-2178
-2905
4779
3178
4422
-3559
534
3484
-1735
2380
-1033
4538
3301
1725
4824
241
2159
1381
-1972
-3794
597
4257
-2026
-180
-4629
-4554
854
-3834
-2049
-3670
-2230
1357
2318
3420
-2382
3921
270
358
-345
-1341
-2418
1189
-2097
2345
-1228
592
-2111
-3398
3488
1676
3741
616
1148
3308
214
-342
4559
-2022
2789
-260
3686
1018
2712
4623
-1802
4056
3073
-3951
-4871
4459
-2392
4015
-1477
-4205
-490
2803
-2722
-3327
-1825
-1381
-217
-1153
-4264
569
-253
-1423
2091
2777
1578
1200
2222
3702
105
-3093
-88
1637
-4601
3950
3875
-989
115
-118
3559
-4646
889
-4309
3641
-200
-4207
-4413
-1029
4743
-1952
2061
125
2692
-467
-1820
3041
2582
4467
2855
-4799
-848
-828
3886
3028
1232
-3988
302
1233
1650
-270
-4366
4623
-942
-4657
216
3014
1433
-3700
-4539
1024
314
514
-3228
2039
-2232
-4886
-1726
-413
-4629
4488
1060
-997
1730
2300
1070
-456
280
-1407
-553
-568
-2976
4670
3664
-264
-1779
1201
3173
-4759
210
-4515
-1668
-4095
2947
2007
-617
-2442
-1316
3612
4608
-3972
3163
-4879
-1081
-2099
1256
-4930
2070
4603
-2173
-4921
4842
-1975
-2214
-3508
2600
2455
-1268
1557
-3540
-3145
178
-3002
200
1252
4646
-1158
-4836
3475
2514
337
-304
-3377
-4457
2881
3750
4214
-3163
-1680
-2242
-4010
-377
-1491
2792
3645
-3099
-4082
-3761
-746
2429
-404
-856
-3678
4805
-602
-1417
3544
-3865
-4312
2245
1303
-4901
876
3941
-4455
682
-2595
-3813
-923
-3139
2227
1030
-3359
2847
2844
-3304
477
4591
-2844
631
2364
-2433
-1393
-4133
1195
-4292
-1204
-4978
-252
-704
-2236
-4253
-1437
104
4333
-3560
1792
2588
-1648
-4103
-4209
-1121
1938
2117
-3437
-1121
3967
886
3051
1560
1971
-3129
-363
4410
3778
3659
-3122
-3051
267
65
2039
3891
-174
-470
2287
-2363
-1222
-1572
-772
404
-4483
709
963
-4542
-3938
-4360
-77
-569
-3216
1648
1976
-2883
704
-4052
-3198
314
-4528
324
-1649
-467
-3244
-183
-2612
-4201
-4587
2034
-2774
338
1887
-4954
-3121
3148
-2586
4376
469
3869
1864
-2972
613
4384
4325
3299
-1380
2538
217
-2905
887
-2608
4525
3124
-4544
1815
3739
-1216
4923
733
2102
-4468
-4373
4526
-1325
-2690
-2128
-1258
3579
-1901
4964
-2481
-1486
3067
-1464
-4504
-880
-1539
-1767
3708
-1400
2097
4779
-877
1595
131
3324
-1012
-2900
446
2905
1242
718
4286
-3319
980
888
4947
-2938
-3287
2831
1602
-4375
-1926
392
-1772
-4583
459
872
4410
-451
-2544
-2371
-4342
-448
1550
4173
-2398
4670
-2861
-4532
2259
412
1909
-1471
-1734
-267
-1542
610
-3328
-2785
2080
1432
1793
3166
4147
2222
-1427
3759
-3554
-4965
4410
3494
-2424
-600
-880
-2007
1552
2434
-2736
-2507
4885
2784
4850
1706
-1757
2158
-2035
-2506
-2812
-4503
-4206
-2059
2115
4503
-4293
2829
1167
497
4226
4232
-3856
-82
3478
3679
809
3912
3951
-1309
509
2767
2341
-3025
2273
-4425
-2104
-4374
3235
-2337
-2690
327
-4922
4920
-2539
120
1486
-3141
4216
-1168
-1186
1524
-1926
841
-2321
-888
4038
-3007
-2363
-954
-759
2483
1460
2410
3157
-3676
-4830
-446
122
4904
-28
-4112
4347
-4417
2586
4407
-654
3396
4635
-2598
3545
-1085
-260
2527
-3408
-4010
-2196
-2345
-1452
-3504
-3055
-3569
4546
3715
-3067
-4445
3497
-4159
-3928
304
-1791
3414
1127
2594
-1658
658
-626
3543
-3443
-2635
1296
157
-3217
58
-3110
4748
674
-1515
-581
1652
438
-349
-3106
-4710
-2898
-124
1817
-1977
-4661
3150
-3192
548
1910
3955
1645
3625
-206
1257
-1496
-3998
-1778
2829
3328
2700
-3627
1011
3316
1206
-4977
2778
1485
-16
-4243
-515
1610
-4269
3860
3142
221
1254
2544
-3870
2801
4592
2388
2106
-2674
-4547
-4154
1817
2375
3370
4257
1210
1559
1266
-4284
1508
2017
-127
-3386
460
-4383
-428
3962
-1632
4165
-2948
1396
-1905
-3039
2154
1728
-3725
3786
-2123
-4437
4346
-2280
-974
-4196
2226
-3737
-1973
4685
-3817
1297
-416
3117
-1434
1470
-4588
-3538
-677
2854
2966
4683
4500
-2345
-2201
1714
-764
2236
-2277
-4928
2694
1434
733
11
3737
1713
-2587
-4243
3987
2424
1883
4039
2581
3909
268
1676
730
3544
-1687
1971
617
3841
2786
538
-4624
3269
-3004
-709
2974
4567
-3751
-257
2850
4144
-460
-3134
3030
-2509
-1938
-1485
-2054
388
-1555
-458
-4173
-873
-3404
991
3786
-1234
-2429
-3383
704
4948
1186
3200
-3399
-4688
375
-3003
-1375
-2275
1730
-1689
-4404
-3829
4070
4134
4998
1391
1344
3997
1996
3880
-1187
-878
3663
2203
-403
-3083
3109
-1139
-3754
1153
40
-199
985
-4413
3006
-4149
-2817
-959
3309
-4699
447
3424
3397
1512
-1222
1954
-789
779
2519
-1816
366
35
-1948
385
-4036
1526
1193
-4797
-3689
862
-973
2398
-1941
2432
-791
1641
-2880
-4001
628
-4997
-3868
-4094
-3695
1310
-35
-4149
-3863
-1397
3215
2920
3089
2230
-2686
1337
-2229
-3523
-973
-2561
1462
-2941
-3127
196
-4155
-3987
-1022
4222
3599
-3651
1015
-1208
-3013
-1856
-1194
3746
1178
4455
-3696
-1996
4779
-1154
-3882
1310
52
-3905
513
1542
-296
-3733
1689
-4598
4156
-3219
3910
1016
-1542
2395
-160
1193
4885
2486
-4881
2524
2018
-4312
-1259
-1408
-4303
975
4067
-4386
638
999
-2421
3427
-3547
4738
-2221
784
4654
-4316
-3777
-1523
814
4369
4557
21
1380
1801
-4979
-2690
3635
-755
-457
-1875
4676
-3855
-1577
-468
-2138
-3814
3800
-1084
-3096
-2928
-252
1856
1806
-3162
2543
-953
4698
-864
-256
-2085
2616
-2274
2648
-544
1934
-2234
-3785
3868
-4746
2212
4141
4276
4079
2462
-3528
-2673
3350
538
-2224
4258
4831
86
-1009
2033
-2685
1018
523
3192
-4367
-2189
30
4610
3874
416
-1882
-3537
-2785
-4801
505
1508
1062
-941
2859
-396
-4673
-2590
3563
1440
1460
-4205
4191
140
3493
-4679
-4654
2476
-2130
-3098
1516
1247
1522
-1736
3623
-2697
1506
-377
-447
4059
-4993
4915
2057
-4301
-579
-451
3359
1780
622
-2677
2589
487
-372
2970
-1296
-1253
4209
-1404
-3573
-816
-1117
1031
322
3290
-78
-1456
-2688
-1132
-2567
-661
-2066
1217
4591
3172
3048
-3570
-711
3404
2802
-2871
-1245
40
2931
2962
132
-4854
4189
-2268
3938
2354
-1027
-130
-4310
403
1893
4118
2459
1153
1039
-53
-2613
-684
3927
-806
3991
1360
-4186
581
-2306
1411
-2432
-3413
1414
-1364
-991
4535
-2402
2653
-399
-3569
1175
-1265
-1513
-4265
2307
-1472
1514
-4855
4474
650
-1630
3522
4875
-2758
4527
4936
-259
1206
4096
2442
-4173
1053
-4862
-3378
3316
3916
-886
1299
-4903
-225
-1336
2452
-2504
951
596
3003
-641
1360
2967
3685
464
-4782
-3162
4806
1943
-4014
-731
3261
233
2343
-1020
-4371
4464
3261
-4708
2352
4797
537
3471
-4521
1800
-839
4630
-1020
3509
-830
2685
837
-351
2081
-3831
-2958
-1130
3514
3014
3748
-4865
-864
93
-3627
3840
75
1708
-889
4325
-3420
150
-2420
1898
3676
1149
-2372
2249
-3228
4058
3236
2042
-705
-644
-322
3591
1431
3431
4752
2812
-489
-3032
780
-4076
-1811
976
3237
-3754
2454
1077
-3896
2831
-2964
3216
-847
2856
2547
-3599
-2473
2586
-2984
2508
717
-3117
-14
952
1478
3812
1039
-4843
-3076
-2577
-334
-2173
3246
837
-229
-4389
-2896
-2991
4594
-520
-2327
1997
-603
4380
-3817
-3440
2997
-1469
4986
932
221
2301
3165
1509
1266
-4931
-1111
459
1076
762
-3127
2625
221
3982
-1847
-4753
4032
-4620
696
543
-1451
1588
2236
-173
2468
-2035
3523
3672
1008
1582
1425
1857
-907
3286
1585
-2977
4025
-2590
1407
1916
3797
-3956
131
2884
-1454
-1913
4876
2564
-2556
427
48
2988
4551
4926
1443
-4098
-1948
2596
4829
-4566
-564
-3099
344
-2387
2115
-215
1544
-4705
-4483
478
-4354
2357
3868
-4291
2167
-2616
-3623
-1574
1278
3768
-936
-146
4126
1415
-3962
1788
-632
1664
2451
4837
-1224
-4179
-4274
-20
2533
-1717
-1255
-4945
-4443
3459
-1444
-2138
-2268
-435
-948
2290
-1805
4822
1186
3170
-4125
-2619
-4226
-3580
32
-255
-1073
-212
1978
2306
3898
1105
-2865
-880
3310
1822
-2023
-3518
-4079
567
-4349
257
-2270
4527
-3085
-3985
2787
-2260
1012
2920
-3538
-1812
-815
-2929
-1266
-324
1272
-820
-3581
3361
2055
-3157
-1996
-2454
3195
3664
4397
4290
-3245
-242
3789
2137
1756
1879
-3371
-3160
1569
1926
-940
-285
735
-3013
412
84
1644
-2763
2090
4401
1126
805
4963
-4030
4457
4153
1110
-1414
64
-2115
-1485
553
4180
-1812
3222
280
-759
-928
-1215
1531
-1834
-37
4587
-1492
-2963
-4609
2304
1764
-2674
-1548
-2654
2184
-3053
2162
4046
1935
-3649
2008
1151
-694
2098
1504
-702
-3592
-1730
-2214
2023
3663
3325
-1935
-3650
-2811
4514
-3154
3789
-1985
4091
1208
-1078
-1904
1187
-949
4330
-2199
-2652
-1879
-1913
3536
2515
1505
4370
-4869
3241
1544
507
-553
4205
-2102
814
4925
-3272
4262
-4074
-1487
-403
3925
3714
1138
3966
3445
2047
-272
-4121
-2092
1926
-3296
2251
-2079
-4465
-1605
-914
-1659
1950
-113
-3627
-4454
473
848
3579
1151
4650
-4001
2425
-4539
3937
-4493
-2334
3473
-3915
4911
2637
3956
-1012
4165
3055
1371
4882
1351
4370
-2378
3410
-4756
4698
-4461
4958
3765
-956
-31
-1668
108
-699
-1986
-3996
-2725
3064
4779
-4883
3827
-1445
2045
3172
-3036
2640
3072
-4594
3429
3743
-2947
4816
-1382
-1798
-1717
-1764
2696
4334
249
-3114
3961
-2296
-306
-719
2243
-4253
3805
-1905
2754
3879
865
1298
2489
-2218
-3375
-1350
-4595
-3529
-2356
-1426
4669
-1013
1345
-2613
1508
4803
317
3707
666
3113
4397
-2401
-4413
1716
563
1195
-2183
-758
2705
2250
-3408
-2275
-3692
273
-4345
2718
-3158
-432
4762
-1777
-4046
-849
1512
3490
-3072
-4084
1959
-2604
-3264
2960
-240
4856
-2854
3224
-3644
4637
3000
1930
-1435
-401
-4813
2600
1702
2545
-1049
-4927
-3070
-4301
476
-1288
2557
691
-2091
4259
1372
189
101
1977
-3389
285
-4442
-726
-2659
576
-1635
-1938
2414
2913
4569
-2289
-3568
-4891
-3455
-3052
-1768
-3672
233
2999
-220
4146
-2933
-4485
-3267
-2040
-1947
3841
-2336
-4053
-4068
-4745
-407
-929
2839
-4301
978
-1274
-1320
4111
2854
-920
-4076
-603
2443
3186
-2957
-4148
4442
-4464
-307
4054
3770
3962
4678
1457
-2643
-553
-1709
-146
4396
-3507
-3847
379
-1642
2611
3233
3055
2205
-1546
3495
-3418
-1218
-3235
-1871
756
-1046
-3133
1368
2526
-3032
4483
-2954
750
2689
-4005
1109
-3864
-1531
2689
4224
3593
-2412
2966
1716
-2888
-2257
2424
3263
2917
49
-1070
245
-1958
4902
-817
-892
90
3289
491
818
-4640
-2597
-582
-108
-329
-2053
2378
1424
-3619
-1024
4480
1199
416
-4133
3291
1228
-4654
-1668
-1872
-2332
486
-3199
-3425
-1865
-1264
-1034
-1485
539
2455
-1701
4584
2577
-1676
-3593
486
3642
1424
2702
4136
2838
2546
2103
3680
4302
-836
-1491
3767
1685
-1323
3273
-1331
-3068
-1907
-3627
311
805
1860
-812
-3226
3586
803
3928
4688
4673
3069
4894
2180
-938
-1997
-2347
-4985
3729
-2373
898
-3131
-3227
4219
2212
494
-1267
-2778
-3926
53
2728
895
-4263
-1267
-4127
-783
-4698
-4281
-4432
-4875
4175
-2498
118
1292
3793
-4980
4516
4974
838
2989
-1778
-3119
2710
2532
2247
732
1397
-3084
82
-2736
-828
-3170
-3347
3151
219
-923
2365
3239
3393
2001
1651
1224
-220
506
76
-3345
3303
-1554
-910
1552
-4016
-2111
-4854
3985
-1286
3529
-219
-1636
1182
-3810
-3277
-4712
-4190
-4206
-4077
-4463
3174
2262
-1400
1863
2880
-770
-1147
3716
512
-1752
2210
84
664
-2156
-1680
3484
-4695
-3679
4229
2230
-3929
-4454
992
3511
-2567
-4836
1740
3094
4010
-1816
2351
-4687
-2883
-4909
3987
3086
1587
1781
3643
-3881
-3908
1180
2469
4071
-3307
-1679
-4887
-409
2735
-2001
-213
1950
-4592
-4722
-3275
4605
-1911
-995
-2020
-2436
632
3637
-2152
1119
-615
-1736
-44
1705
-952
872
4251
2078
413
1021
3341
-4822
-2529
-860
1251
3399
4280
-4996
-1701
-1855
4910
498
-4862
-4246
1064
1234
-4289
2880
-2026
-2917
-3097
3319
732
-2436
-2194
-1375
-3602
-1669
3406
4072
1927
-662
-544
-4057
-1789
-4570
3095
1986
-319
-223
902
-2756
-3162
3782
2750
-3647
3633
412
3116
-3762
3182
-4342
-928
1944
4575
-1831
-1965
953
232
4674
799
1315
4003
1166
246
-786
-4495
1833
3466
461
-1224
-1178
602
1696
-2857
-202
2337
-2358
3011
2278
-2212
4440
4542
-3835
-2577
104
-2596
-2898
-830
-3492
-3530
3419
-2923
77
4148
4365
-2222
-2621
-688
3379
4842
3405
-1322
-2748
1891
-3501
827
-1820
-3850
-2492
4892
-1525
3301
-1975
1506
-713
3717
1761
-4347
-4253
-4061
-2057
-1979
-3271
2765
4421
4133
-4694
-1046
996
-3391
3427
887
-3886
-4642
-4274
1666
2522
3554
1094
-1469
-4153
2270
-3749
3070
-4640
4770
-895
-1725
-3629
-4325
-2480
2750
1843
-314
1422
2624
1925
2004
-4616
-4633
-4463
4891
3015
-2978
-842
-352
-2398
2128
1663
3672
-2728
439
4488
-848
-807
4197
4201
3191
515
-1110
3969
3317
3466
2630
-947
-4619
-1817
3770
-20
4423
-3177
4955
-1927
-900
-807
-4206
-4497
2614
2506
608
-3480
4557
1005
-1349
2978
-468
2719
3567
2862
3241
-1307
-4746
-3336
8
-1032
-2685
1586
-1409
2929
-3700
-2578
2090
497
-4109
2824
-1326
3641
-3212
3225
-484
-4626
-3340
-3895
-1048
-3989
2035
810
-202
-2036
-4152
-3196
-904
2619
1666
3932
888
2817
-2942
2439
-4796
-1735
481
-3637
3736
-4491
-2926
2776
3601
-1238
-1654
-4655
-3202
-1597
1768
1167
4182
-1584
4499
1802
1252
-1286
-4296
-2799
-174
1264
-4530
-4378
4662
-3311
-959
-2126
-4266
-2292
4456
-2107
-3352
-3286
-442
2319
4131
3672
3162
-2648
-3113
4045
-35
-919
2444
4045
-776
830
501
-387
1495
3990
-3222
3364
-2515
1889
4867
-3675
2599
-1490
-2773
-3259
-4925
1435
-1666
-3165
-4506
4286
2765
-4361
2934
429
4149
-2233
1206
3489
4805
414
-3438
-134
-3097
-2396
899
739
-4984
-3242
-4318
842
-70
1044
-4139
3545
4163
-1411
1133
3891
-3602
-4878
2193
3826
4386
3638
945
-3431
-2110
4434
2501
-2291
-3548
482
-2216
-2371
-2900
4671
-1330
2610
-3013
-161
259
-129
-1995
-2580
-1059
-4743
3729
-1774
707
2708
-2611
3958
4256
1139
-2377
1156
-217
-3711
-68
-2409
3096
-231
-2464
-3303
-4396
4464
3163
-3562
2527
1685
-1690
-2693
-4735
-3536
4080
-3250
-4753
-2133
-2149
-3620
-2288
819
-3695
-985
-1026
3133
4639
-391
-3922
-45
3524
-1794
3537
2884
76
-544
4647
-1836
1748
3003
-740
-2728
-341
-3047
-376
-2848
-230
1243
2283
316
-4626
-2156
-4252
3798
1133
3569
2447
4270
-1604
-1178
-3827
4256
-2303
1162
4938
-3196
-3100
-344
-4336
-3943
-2842
-4583
-828
-232
4516
-4737
3963
2551
607
2769
-3613
3088
-1049
1916
-1816
3476
-4188
4478
-4138
4030
3405
-2532
-1874
-3318
3720
-4332
2277
-4987
4275
-1540
-3910
823
893
-2390
-2234
-4780
-4040
-1889
2654
4392
-4219
-4622
1073
-4847
-3951
-1267
-3034
4193
-3056
-3184
-4466
755
987
452
2611
-3731
-3471
30
2532
-4476
1220
817
1371
-260
1187
-2548
1837
-3892
-2227
1436
-3574
2170
-2953
-2962
4305
-3675
-176
-1561
-2176
-1031
-1940
1502
-2076
3471
3125
-4890
3057
2936
-1006
3371
-4056
1291
1368
3729
4055
-706
4911
478
4329
-295
-1459
-1794
1535
3766
4542
-4021
1227
-4083
2214
-1446
-2999
-1507
-2101
3720
381
-2817
4177
3582
-2672
1870
3155
-2955
-4082
-2214
2876
1509
1892
1654
-1219
-3656
-3528
4279
-3450
3322
-3106
2282
685
-2426
-3352
3134
-1294
2412
1560
3312
4681
-3674
1101
1000
-3711
-2353
-2998
-1419
-659
-3050
-3293
-3968
-1533
2041
3431
4312
-208
2182
4029
-1353
-4647
-917
2847
-942
1403
1106
-2179
-4728
2805
3848
1033
-2559
270
-450
2893
2845
1730
2916
4004
-818
3947
-367
-3018
-4239
3331
2243
-4098
1370
-1570
383
-4956
-2140
2815
-4232
2056
-402
-1765
-4566
4363
890
-2167
-2970
-2752
-3517
4853
136
-43
-3947
4661
-4131
325
-1041
-1837
-1130
3934
-15
-1957
-461
3689
3211
-3790
4633
-2901
4968
1969
4370
3556
3276
-3554
3734
-297
-3540
-1151
3803
4027
3615
700
2261
-2457
1239
-3278
1362
-633
2727
-4397
4374
-4563
4864
-680
-2740
1909
2249
-1479
3892
-3307
-4050
-4808
2383
-496
-3578
1884
2989
-2402
-242
4752
1363
1486
232
-1228
-4889
6
-914
-1866
1113
1559
-4603
3233
-3987
1905
972
-2994
4179
805
4363
-796
1747
2437
-4102
-952
3554
2572
-1018
-4073
4494
-967
-2015
-2798
3767
-1816
-2551
3038
3391
-3091
-2160
3784
2981
571
-1106
8
-2762
-3300
-2092
-3408
-2932
2103
-3269
-2751
2068
-4713
-785
-165
-2950
2860
-3490
-2624
-3319
3421
-3502
4831
-1603
4074
-2514
-4355
265
-571
-2031
1011
1012
-1782
3925
1857
3505
-1906
2408
989
4745
-3665
-2281
4460
-922
674
3936
3935
-4323
1211
-3984
683
3195
3481
2476
-958
4857
-461
17
1605
1670
-3188
-3799
-1798
-1904
-4427
-2411
-4293
-2418
1923
1551
-1254
-319
-376
-3587
4506
-4695
4005
-2948
-851
527
1752
-257
4982
-1915
2523
1422
1833
-515
4107
3057
2790
2736
-1472
3344
-3631
1667
3087
3719
351
1856
-2645
-1174
-2467
-2855
-1162
-3228
1007
-2472
-3831
996
2429
4742
2253
-4724
-625
-476
1431
-2892
3795
-2527
-4891
1659
-3756
-3303
-2903
-2884
-4907
-1759
-4264
1341
320
3226
-3602
4931
-3362
-2487
4069
4449
-3580
-3288
2495
294
-3680
3967
-2721
-1310
1234
3867
-2516
3346
-4903
-1967
712
899
3151
-2873
-2712
4510
497
-586
4278
3838
-3152
-2551
244
-3507
-4356
-2535
-1748
-3322
-4742
-3677
-102
-8
-2300
4126
-4110
-858
2833
-2501
192
782
-4193
1523
1516
-4100
-4661
1479
3078
-979
-202
-1835
2128
-4326
446
691
1744
-2487
-2737
-3494
-3844
-3166
-4234
-226
3213
1801
-3597
-2067
-4603
-4990
-194
-636
1617
-2522
-1007
-4355
-2423
1554
1038
-3357
-3940
-43
3456
1441
-2621
976
672
-2060
1004
969
-3848
-3148
-2239
-3907
-387
3609
-3166
-135
-2616
-2286
-4225
-2269
3275
2428
-3449
-1059
1804
3991
4700
2953
2490
633
-1999
2739
4533
1043
-2846
-214
4482
-2443
-4416
-2118
3301
4956
-2992
4319
-1450
-4290
-3271
-567
-1256
1132
-1031
866
4664
1731
319
-4939
-4085
2276
-4442
-3399
-2567
-3062
4712
-956
-3458
-1085
-4728
286
-184
4746
-2502
-1010
-2391
-3476
2045
-4661
-2353
3390
4247
2845
2973
4430
-4159
-3035
4823
-3831
-1813
-1706
1178
-1815
-1018
2516
1309
2934
346
1983
-2452
-1535
2039
-616
-4399
4319
-3818
1047
-1343
-670
-189
561
-2135
4397
4670
1899
2522
-2770
868
-2172
-25
-1667
1128
-2390
-3261
-4908
-4035
1432
-2913
3509
2043
-4273
-236
-4992
-79
-2383
1884
-2312
1707
-1781
-1989
2619
-4955
-2215
4511
200
-4952
3974
876
-2588
2846
1548
-3443
523
3061
3780
-3906
-829
4995
-2623
-3484
669
4636
4469
-405
-232
-3718
2740
-4761
2085
1993
-2396
-1461
-1436
1834
-93
4090
3601
-3002
2951
-4428
-1422
3104
-4379
-669
27
2480
-296
-3750
-2181
-286
2260
4976
4164
730
413
571
3529
-1284
4374
1240
2841
-1668
4831
-2558
-4343
2077
-4568
1744
950
-4038
-2658
4293
-1191
-1904
-4309
2699
-1344
-1534
2420
3813
3866
-3571
1832
-182
3060
4474
3977
212
1337
-747
-1234
2282
219
3561
231
-3294
-3733
-1031
-3244
-2390
-2334
2772
1283
4788
-3543
1946
-622
2943
781
3338
-3772
4243
-2445
913
3989
2345
1420
1962
3124
-1631
-4514
1715
2693
-565
4230
2494
-2144
-1496
133
3768
-2519
3736
-2905
-4882
2978
3329
2670
384
1792
1764
1242
1786
3289
4939
1332
-1444
3081
843
-2732
3118
-3475
-4360
3457
-110
3347
-2521
885
3398
899
-4488
-2564
-2146
4367
1778
-1021
-868
-1010
-2783
223
-4013
463
-1663
3027
-3924
4182
1652
2572
2302
902
2197
404
1598
-2264
1895
2500
-3700
-3827
1161
474
4301
3878
-4235
4959
915
1354
3980
3428
-1605
1857
-3981
-649
-439
-1214
3661
-2124
-2868
-3439
4693
-3316
-2158
-89
-1405
-4563
-2132
-1806
2440
-4956
4999
1830
-3149
4052
-1975
-2765
1854
-4982
1262
-479
-1312
-2906
-4578
1022
1322
-365
-4842
-658
-416
3663
1848
1792
3845
2026
2843
3958
2240
3793
-3363
937
4895
-1811
-3948
-4127
-4914
2375
-577
1257
-534
-2057
4138
-4917
-59
1599
3787
3952
4744
-1030
615
-3021
-3455
-3117
-2128
4387
4611
-4780
2381
-1238
-540
4615
-3209
2107
-2700
-1966
2323
-692
2000
-4051
1637
2262
-3046
3920
1495
-1922
1290
-4802
-2618
2158
456
-2561
1981
-2713
-2225
-2992
-4828
3659
780
2462
-2731
-1534
-2402
2594
-2637
-3793
-2411
2031
-4878
835
1540
-1701
-1583
-4453
-1037
-3965
-2269
-1621
4536
1762
3877
-843
-1541
694
57
-4176
617
4685
2304
-1214
1520
2475
-463
2301
-3627
-1026
-3781
4864
980
-794
4156
3637
-1013
3691
-193
3602
2530
-652
1762
-4751
3706
-227
1484
2200
2255
4127
-1417
4692
-1906
566
-2575
-3862
2959
611
2648
-3895
2449
3697
-407
-879
130
3026
1500
902
-2698
4817
-2242
332
-1460
3274
-4499
-3387
3894
3573
-1903
4399
1919
-2614
-4620
-1856
1780
-3750
997
-4668
4999
-576
-3256
4971
4683
-423
-4456
2253
4880
-3761
-254
-840
3284
2661
-4300
2309
625
3248
329
-2832
3899
-1742
-4189
-3598
-2814
514
552
636
1962
3860
-691
-4624
917
-1635
2286
4414
-2189
392
3678
3620
4396
-246
4806
-2654
-160
1118
266
3584
1874
841
-2936
3292
1849
-3673
4980
4607
2842
-2255
2704
-4873
-4713
-1803
-1635
4053
-1439
3454
4159
-1074
-4541
603
-4100
-403
-4314
174
-1885
2931
-1135
1604
-2934
-1582
-1825
1472
-4524
-1453
-4131
-3603
4498
2298
-4532
-312
-2431
1484
-2208
1646
-2204
-1175
3139
-1647
-1680
3251
1001
329
596
-4240
451
-2134
-950
-2706
2454
35
1141
2988
-4281
1868
-3613
2546
-243
869
-3525
-4521
3217
-1765
603
2060
4401
4979
630
-1445
-1495
4866
4843
79
-2610
2781
4614
1384
-3218
-1305
-4513
-1244
-4665
-1249
-3483
4743
-566
-2570
-4981
-2309
-521
2722
-926
-1281
-4825
1937
-1788
-4147
-3805
-2047
478
2201
4259
3268
2745
771
-683
-3225
-102
-2457
1048
1272
2798
1982
-4837
-4980
2580
-4235
2192
-4055
2688
-3637
-2314
-2593
-4654
399
3258
-1279
-181
4940
4897
-207
2303
717
-4914
-3197
3965
712
-213
-1608
3322
-386
-4593
-3123
4692
3423
-4409
-2266
4038
3413
2147
4328
-774
-2775
239
2326
-1320
-2348
-2613
3228
4131
-621
1181
-678
4936
-2964
1927
-3077
-1336
-1120
-2195
4245
301
-227
2201
-2629
4432
-4406
306
-329
1259
-1237
-2018
4560
-1886
3871
1150
1023
4932
-1919
2601
-3606
-556
1126
1804
-2767
3552
-2442
1039
4774
-3917
1456
2321
1696
3698
-2511
3919
-1614
3267
672
1557
-1786
-111
-3233
-1029
-98
2072
3624
-1202
1463
-3452
-4622
-1325
-2557
-1837
-1488
-4399
1556
1009
-3916
2768
2683
-805
1692
2859
4992
837
-2434
3148
3795
4032
-647
4385
3236
-3087
-993
4247
3435
-3108
-4500
-501
3722
1859
-2883
-1985
2682
2064
3473
3924
-2096
-2586
-22
1256
-4190
2659
-473
-4747
1107
4550
597
-875
3527
-4730
-2200
4256
-1991
-3324
-384
1517
-638
4464
1097
396
-4675
552
-4261
4485
2349
4748
3433
3941
1822
2234
-1227
-2061
4259
-4098
1926
-1378
4483
2608
444
2892
855
4416
1637
-833
578
2467
2860
1535
1020
-2059
-2813
2213
-1477
610
-2779
3413
3588
1279
3073
-4283
3046
-1611
-1382
-3910
2800
-2707
4464
-704
-3290
4420
-3949
48
-1306
-496
-1890
2126
2342
346
-4989
3999
2022
-1808
753
2928
-2481
-4711
-3759
-2763
4830
-1181
-2326
657
3775
-4532
-2078
4504
-621
-4341
-2217
-1116
577
-3605
-2353
3898
2945
560
2171
-3052
2599
-1258
-2264
1228
3249
4446
-739
105
4290
-3020
-683
2256
-1437
-2313
3663
-3335
4776
-771
2207
2013
-1691
166
-3820
-1476
-1467
-585
-39
-4800
-4874
910
-2981
-2446
3956
-3802
-1369
1777
-499
-4262
-1416
93
4169
-1133
-2771
2738
2940
-2389
-3728
1013
3396
1411
-251
-4534
-4850
-2954
-4704
4114
-3563
-4149
-4052
-4210
3321
-4188
-262
-4403
2702
-483
989
-3707
4507
1255
-2557
3988
573
-2729
-2625
1954
1725
-4217
2454
4910
-1881
-2983
2174
-2763
164
1758
1838
2091
-3422
3065
-1734
-1682
2991
-4634
-2813
248
1949
4105
-1057
-664
2097
-1853
-957
1040
-1395
-1296
2454
-2041
1714
-3379
-2562
4791
1110
-3494
-2505
3550
-4270
3431
-1214
1882
-3609
-3336
-3957
599
-2911
-4371
-2808
-1826
1278
-2122
-3322
-2101
-1738
3585
2207
3032
2934
-2594
-1335
-4326
934
1686
4185
-2180
515
1055
4990
398
-217
1986
908
2809
3029
-3902
3262
-2854
-2984
4979
-4723
-2684
-4371
-3226
1824
-2070
330
-701
-4180
591
3509
2372
-1432
1701
-1282
4885
-162
-3308
-148
3478
-3410
-4020
-3898
1038
-2834
74
-3222
-4911
-856
-4366
-659
-1540
1897
-2303
1845
-4027
2181
2393
1883
4040
209
2626
-2620
-1210
-504
-870
-69
1565
-3287
-4119
4482
-1142
-4490
1941
1851
2967
-2243
-2363
99
1575
4282
-1161
4729
-2466
2826
-698
907
-1952
-473
-4042
-803
-4145
2298
3226
1314
373
3785
694
4770
3554
-2491
-809
1458
-2485
-3153
30
1416
-4681
2508
3260
2881
2191
328
-4185
-4874
-3812
1980
-1057
4708
3650
-1835
3038
4404
-385
718
4668
-2923
4018
-3561
4088
-1642
-605
1707
4452
-530
3193
-4377
2720
-4703
-2257
-1257
3532
3633
4519
2179
1979
-2480
2970
3452
4373
3785
-2073
-4963
4614
-231
-2940
-3464
-2779
-2696
-2225
1947
1100
3182
-1357
-3540
-1756
-2025
3834
4835
-2810
-4578
-2766
4084
-3083
-2584
-2330
-3972
4821
3434
-1139
-3195
-1617
4793
-1090
4166
-2916
1612
2863
-2381
725
3870
-1979
4040
3073
-1486
-4276
4821
-2957
2342
3133
-29
-3430
1935
4695
542
4962
-1700
-508
-3203
2279
-1921
-4313
-803
3036
-4484
2626
2543
4987
-2062
3302
-728
3730
1722
-4201
-2060
396
-3950
-4488
2526
4081
3552
4261
-2245
831
1773
1719
3268
-812
5
296
-3970
2543
-4701
-4034
2269
-2813
1833
139
2366
3956
-550
611
3552
-1088
4772
-2476
-1357
-157
3088
-4263
-1485
3839
1666
-328
4482
1429
1749
159
4171
3134
1668
-1380
-1089
-2331
2450
-4821
658
166
399
3632
-2984
-1889
-321
1996
-1798
2909
2749
-3360
-3279
1733
3644
-3263
755
-3611
4615
-137
2768
2878
4638
-2104
-2486
1221
-2636
1801
1794
-2224
-4668
1212
349
-2122
3044
3816
-1929
1127
-4055
-2773
4062
-9
2192
4900
2381
-2159
-645
-318
4206
2017
4383
-773
51
-1349
182
4313
-1515
1124
-2952
2686
2659
-4383
-1949
315
3263
-1095
2730
-3728
-4183
-4887
4235
2207
2158
184
216
3549
541
4475
3978
-664
1385
-2195
2983
-735
-1392
3017
-835
699
762
-2145
3054
-1161
159
560
1646
-4420
-4858
-3739
-1617
3455
-1785
-2518
335
-1637
2311
-535
3000
2242
-2704
-2524
-1809
4023
-1932
3013
-2533
1984
1156
-2511
329
2456
3911
578
4080
-1674
-4785
-1416
-3228
18
787
-638
-3451
388
3338
3183
-2743
-2217
-253
-3616
-4950
-2830
4799
-2432
1913
3186
383
3082
1822
-518
1837
3448
-4226
3862
-2106
1
-3790
-2980
4101
315
883
-1543
-3033
-1926
-3552
-4926
-3150
-666
-1214
-2018
4727
3245
-3646
4792
2041
-1874
3961
485
807
1415
971
-4968
1280
-4014
-3813
-1173
4004
827
2534
4998
-4616
2765
47
3499
-1277
-3779
-3792
2369
-4345
2854
4486
-4562
-4877
670
1213
-485
-2695
-181
-2057
-4921
343
-2292
-3223
4595
3491
-3759
-1918
-2267
1335
23
-43
2676
-3805
4537
2860
-3712
-3354
4849
-1826
-1627
1946
-3808
-1898
-1493
-85
-2859
764
3973
3872
2707
-1378
-3658
-2466
-1168
-4395
-999
3892
-457
-911
-4956
3795
-166
1013
574
-4026
2671
-440
-1901
-2530
-2160
4334
-4096
1648
4573
-4643
2432
863
4205
-2501
3164
-4520
-3403
2008
-1745
-3736
3908
-3665
3407
713
-3521
1004
-1302
-4723
1350
-2446
40
2729
-4796
-2657
-1512
-3403
851
3927
-4815
3543
-1393
545
58
-2303
-4990
-4926
4345
1784
2930
-672
-4342
-1563
-2095
1893
-2127
3766
3145
1400
871
3600
4136
-3637
3083
-647
-978
3538
3399
1655
3324
-3047
-2632
-358
1179
3515
919
2372
-2642
-3386
-4329
615
-2688
2081
-337
-2446
1656
-542
-2278
-209
171
-1684
1101
-1443
-3069
2246
-1377
-404
3260
-852
-1063
-839
544
1601
-1348
4666
3928
3040
-3859
4639
2127
2856
2881
-615
2506
1535
2808
1977
-1253
4489
2510
3156
4964
2735
-1315
-1226
-3867
-2406
-3895
-1879
626
2485
2657
-2875
681
-1386
-1925
-747
1690
-1874
-922
-3727
1218
-3009
3221
247
-1982
-4520
3092
-2921
-4518
352
-3559
-3707
621
-4467
2433
4285
-3673
1856
4019
-4683
3174
-3225
-653
-3148
-2845
-3879
41
4458
373
2189
-2440
3123
3348
-4473
-79
4675
2313
2423
2065
-3310
1049
2122
-3698
2366
-4068
2545
-1583
1697
-1709
923
4504
2068
935
-1374
1794
-125
-1929
-4416
3376
2570
-429
743
-4831
2238
-3952
-1643
4512
-325
-726
1840
1677
-4669
-3181
-3245
2673
-3127
653
-250
4563
-72
3215
-1916
757
-4410
3344
4451
4056
330
1687
1234
-261
1420
-4809
1966
-2094
-3971
-3709
-2067
482
-164
518
-1486
1283
1491
960
-4100
2700
-748
-4845
50
-624
1057
-3051
-701
-4557
-1380
-2330
3138
-3718
-2564
1207
-2166
3503
-3386
2404
1666
-4949
-694
-763
910
-2365
-467
-934
1730
-3801
-1383
832
-1027
2994
4609
-396
903
-4250
-2372
-4535
465
1427
-694
-4289
1613
194
2263
2908
4512
3271
2325
1950
4283
-4707
-4649
3624
23
-3520
3401
3467
4390
959
2580
675
-2356
1061
-3380
-1354
-643
-688
4299
281
4184
-1376
4336
2600
2294
111
2442
3321
-2362
1408
-2945
-4556
-4281
-1874
404
301
-4439
1501
3324
-1649
179
4080
-2424
-4463
4978
-2070
2403
-65
1602
-2469
-1971
-1388
3003
4192
1243
-1811
2622
4
3512
2627
2745
4810
-935
2166
1385
4877
-2221
-2572
3013
2441
-2344
-2698
-2521
3000
-416
-3315
4892
-2077
-4315
-4782
-3476
-1845
-3206
4544
-4089
-4078
-3194
2102
-4789
-1120
-1398
-2066
-2717
2835
-2753
-840
-3455
-1351
1897
-4641
-3784
4883
3499
3562
2357
2358
3389
4211
3558
1293
106
-2553
3388
-4906
-646
-2973
-4537
2351
550
31
1069
1682
-3557
-2743
2740
1484
4816
-1352
-4842
2264
-4093
4423
-4575
-1166
195
-513
-4011
-1723
3324
-4526
-3730
1230
-4918
-195
-4737
2990
3963
-1845
652
-3313
-2787
-3571
-261
-3881
-1739
-4597
-2719
-975
-2319
-987
-2599
1172
-2702
-1778
-2378
2379
-2341
-1563
1584
4940
-3248
-2074
3585
-2574
4954
4438
-308
-2792
-4328
4727
-2568
3290
2404
2595
-404
-2401
-3095
36
616
3391
1371
3322
-3234
-473
-3912
-2132
4263
4645
1188
4612
3657
-2483
-1613
-4249
-113
-380
-749
983
4408
-4731
3708
1400
-2749
1928
-2581
3947
-997
4367
4252
-3871
-2946
-3120
1399
-1497
3385
3182
-1763
-185
3108
4788
1339
-4584
-3683
-507
-554
1049
3460
3129
-2604
-1733
2601
4660
-2776
4371
695
484
2469
1474
2549
-1694
2477
-3758
-2634
2577
-1261
-2633
2363
4458
-2188
2028
3170
-2569
-4637
3258
-1449
-4678
4758
2983
-2553
3300
3566
-711
-29
3205
994
-2567
2633
-1090
-622
61
-4339
3573
4686
-2431
-4278
4151
-1706
3421
-1636
-4915
-858
-2070
-3758
2357
4280
-2264
-3211
3909
386
4555
3145
2431
3092
2685
-4040
1568
-1917
2763
-4631
-2365
2707
-662
-913
3379
57
-1235
-1397
-3869
1871
4047
4437
2071
-3019
-3256
-1359
-1524
-3029
-4766
-4294
-738
127
-4752
-2228
4215
-3356
2948
4136
3225
-4868
-167
2809
3946
-965
-3992
-3010
1593
1926
4596
3127
-4357
-2073
-3868
4185
128
4677
-2211
4977
-563
-3585
1520
4435
-3839
-2426
3226
-1481
-3836
2964
-4404
4641
-749
4216
-2667
-3787
-2568
188
3244
-451
-205
-4815
3781
-4546
-3402
-1866
-4331
4622
-2025
-2009
-2647
-2726
-1369
-3767
3623
3587
-4353
212
2289
-2776
156
-183
-4381
1430
-523
-143
-3130
3548
3777
-4265
-4351
107
1421
-4664
4014
3196
-4157
-143
964
-2742
-4645
4383
-3191
-2608
-1805
2325
-4643
4409
-1569
-3598
3257
-4105
2205
2879
-3471
-4907
-3064
1785
-4013
-95
4446
-3710
3345
-1814
-1653
2215
606
-3231
665
3913
-2182
-23
-574
4272
-2468
371
3638
-587
4240
-480
-284
-2038
264
92
2985
10
-3413
1814
444
-4635
4684
-2101
3804
2200
-430
2595
-543
-3365
587
-1387
2380
992
4616
229
-2633
503
1349
4498
3684
-3145
2859
954
3691
2370
-1804
4020
-3519
4761
-3061
-3785
2264
25
-4551
-264
-1016
-834
-3587
1775
-2232
1986
4258
1916
238
1354
-490
4273
-2632
716
-2528
-1716
1128
620
3902
486
1048
-3563
-4448
-1502
-1828
2605
-369
3164
4238
-2231
-3660
735
4407
802
-1317
1964
25
77
-2473
3285
-3440
2051
0
267
-3293
3532
2821
546
-4647
809
1733
-3943
1764
-2314
-332
-2180
-634
14
4078
-4886
-2073
2219
2032
-2916
2003
-4694
-4777
281
1620
-4410
1501
3178
-2187
-3261
4727
-4579
3777
861
2997
2048
-2054
4078
-4169
-2686
-3239
-649
2048
2023
-237
-2661
-150
-2857
-3311
-4381
3414
4248
-760
2644
-3382
-3249
-822
2068
1624
3894
714
-2525
-507
4995
761
1138
-3423
-1530
4521
1663
-429
3959
-1164
-1497
4330
-376
2942
-4088
-167
-2189
3318
4822
1463
675
-3075
3202
-2183
746
-2154
-1691
1104
4752
-4121
-2057
-235
-1967
353
1864
-3523
2941
802
1768
4015
3583
2553
-34
1212
3656
4838
4592
494
-545
-40
1377
4899
-3166
-1637
-4460
-1494
-4078
-3065
-3520
-143
-3491
249
-3149
-3785
-618
-2443
-4067
-3062
-555
-941
-3561
4218
1800
2213
1031
966
383
2005
-2787
-4342
-2380
3926
-2178
-2501
3632
-741
-1023
137
882
2207
-861
2577
-510
-1616
750
-3260
-171
-2594
-1125
-1436
-2398
3712
499
-1097
2383
3070
2617
-4213
-4946
4661
1475
3052
-2879
-2115
4107
2149
1583
2755
-841
-2564
2304
2473
-4733
-1607
-2913
3070
1656
3105
-2026
-2036
-796
3333
-2551
-3024
-1502
-708
-1582
2142
117
1559
-2577
4786
-510
2769
3352
-4496
1036
1348
-4600
-348
2268
-4371
4868
-3777
4083
-1177
-2890
1940
1348
41
-3836
-1715
1160
-2105
4264
662
-3817
-717
4628
-4883
-1355
3216
1887
-2527
652
-621
537
-947
-927
-2213
4783
4238
1600
-3901
3884
-4718
3862
1646
1108
1550
-2823
-1327
3161
341
2289
2056
3698
-716
-3590
1140
1354
4268
-2177
4769
4245
3449
-1107
-3082
1004
4683
-4087
-4917
-4696
2536
-2774
-4530
-136
-4104
3629
3998
-4628
-4341
-1976
364
-890
-4531
2336
4098
-1567
-26
889
-1690
-4431
-1259
-1044
505
-1509
-3537
1085
-3100
-1247
992
1220
445
-4057
-2977
-994
-4629
-3623
-2005
1159
-1180
-795
4901
4423
2591
-565
-3766
1279
1859
-1781
-2379
390
4642
4630
4225
1175
-4451
3332
1246
3817
3276
-3779
-4780
-4751
3062
-1346
-889
-1452
3119
695
-1045
1705
3966
-4994
-994
-1460
2661
779
310
-3432
-3437
-4031
4411
-2103
-2226
655
-63
2878
4217
2651
2323
-4638
3302
1188
-2843
1661
3788
-809
3249
-2591
-2355
-4434
4804
-2503
2183
-1800
392
3627
1485
-4449
-2809
-1169
-3949
324
166
-2410
4357
-2369
3783
4753
3696
-3397
-483
-1063
519
537
-1537
1706
3625
-1118
1340
-1694
2346
-2849
-3392
-456
-2501
-1316
-1722
-2489
4354
-24
-2364
708
3704
4703
845
3904
2478
-2693
-2439
-4912
-1446
-360
1708
-1458
2759
-246
1801
3268
1540
1523
-2232
974
4141
-4383
214
-3059
-2491
754
2911
-3209
-3546
-1437
4933
1858
256
386
2261
3982
-3022
-4688
1834
-2415
76
2971
3239
-1429
600
-4842
2442
-4600
4110
-3214
3758
-1011
1144
204
4780
-4229
3023
1433
4979
-1540
992
-4283
1345
1469
-4226
-4665
3894
1066
2795
593
-775
123
34
39
-2939
2562
-1242
-4220
-2624
-3894
-4174
4248
-859
-3992
-3250
2326
-906
-2843
-4335
-2468
2243
1781
-3038
-88
4958
-1357
3975
3135
-761
3275
-1706
-22
-4606
-4887
-1552
-4506
-688
-1352
317
3630
583
1228
2486
292
-3502
1133
-2858
3010
4310
-3350
1402
493
-3689
-3654
1732
2768
-3896
3688
2878
997
481
-921
-585
2366
-4262
3663
-3840
4412
-4718
3917
182
4328
-2284
296
2957
-1107
904
-2430
-4644
2749
-4984
-3049
-4248
-2827
-3599
-1662
628
-4497
2618
-3291
-142
-2499
-1402
-1276
2999
3842
-3473
1751
3411
-2367
4144
3650
-1207
4278
3009
-2009
-3527
1614
3990
3066
4976
4946
-1261
-3560
-278
-235
-861
915
-1488
-4567
666
-1803
-1575
3093
-480
-2273
-1957
653
-859
4555
4218
-4061
-2551
-3982
-4000
4259
1721
-701
3543
3242
1013
-2060
-4562
-4819
360
-4514
-2089
2177
3621
434
4318
-2401
-1716
2862
4697
-169
4450
-1117
-2451
835
-764
291
34
3859
3035
-4184
1128
-2694
-2942
-375
-3882
-2984
2343
1610
-3307
-4365
-3278
-939
3009
3940
904
-4418
-112
-1936
3105
-1631
1028
-4122
1723
-2517
1576
-4910
27
830
2932
1623
-3317
-722
-4494
-1966
-2945
4770
2072
2995
734
1809
-1845
1326
-4772
3578
-2440
-961
-4824
656
-2950
1430
2745
4969
-413
3630
4389
-197
-976
-309
2090
2072
107
1276
4883
88
2141
1030
-3588
-849
-3877
371
670
676
-4022
-4967
3859
-2781
735
4643
3542
484
4738
-4749
-4760
3474
-36
1464
2682
4874
493
-650
-3250
453
-188
4632
-3470
-572
-2964
-1206
-4911
909
-2919
-2895
-3938
-716
2680
3327
-4388
-1314
4911
949
2001
-1724
1054
2243
3183
-1876
2362
722
-2734
-4842
4712
3483
-1072
-4728
-4975
2391
24
-4248
-882
-3712
1806
-2615
-4994
3608
4067
666
4744
2848
-4682
4022
-49
-4889
1453
3530
2242
4689
-2934
4635
-2163
1545
2871
-3890
-3734
3685
1256
1072
846
-2972
-1030
-2524
-321
1486
-2151
-2755
-767
3290
-2892
-2336
4009
1445
-339
-4199
2788
1065
883
-3778
-1661
-144
2931
2658
3277
3607
-1701
3009
3777
-955
4697
-2636
-3974
443
2786
-3535
127
-1961
-3804
-270
507
1156
2926
-13
880
-2467
-3053
2965
-3401
-4633
3421
-3896
474
1955
3791
-2108
3666
834
-4402
360
1891
-2328
-2416
-4035
1638
2667
726
1787
2511
4375
425
4818
4279
-1946
-4278
-1390
2273
4350
-4946
3318
3229
2879
-3445
228
1058
-4286
-318
2910
-3560
-557
61
4191
2349
1262
-3866
4950
1196
1531
-915
-2864
-4047
-307
-435
903
2255
-1358
-4925
-908
-592
-535
-1151
167
-3721
4803
3520
1177
2036
4661
3160
-3570
4146
-2469
1271
2940
3082
-3334
-1239
3598
744
3207
-1612
1772
-2920
2071
-1306
3937
73
-3398
4425
210
-2357
3356
3181
-1790
2959
-1643
515
703
-1287
2362
-287
-3874
-3559
-4533
-4628
-1178
2865
-4108
2426
-794
3138
2433
-2194
-4103
-2412
4794
4106
-3038
-3392
631
2417
4744
-2680
822
1530
-755
-2477
-1426
2401
-2588
9
-260
2091
-2479
-4017
4401
2489
2492
-3895
396
-4780
3177
4973
566
-1504
1137
2263
2650
-2420
-1700
-3854
-1611
2676
-1490
-3007
-2912
-3035
-4757
-3670
1578
3391
2377
4469
-364
-3119
4513
-1296
-3483
464
4829
-110
4821
1273
613
2772
-3352
4800
3114
2914
-3252
459
570
-4003
1397
86
4288
-1925
234
-23
-2344
2724
-3620
-291
2257
248
-427
-2297
1609
-4235
-1785
3097
436
-4859
366
-3718
-4412
2716
2571
4202
-3383
-236
-3886
4906
-4622
3864
1918
712
-2681
-2950
-4308
3177
-2181
3496
-4661
-4517
429
2696
3996
2520
543
-1126
-820
3153
-4531
4655
-1536
-3561
1629
-1657
2375
-1703
-3824
-2847
1824
1750
4587
3880
2016
3213
-3100
3153
-2565
495
-963
3289
-239
-4248
873
330
-3662
-316
-1876
-302
3444
-303
-3171
2403
1307
-4694
-3007
417
1840
-4794
147
-577
-4883
-4802
1136
2413
-122
1994
1139
4810
244
4486
-4206
-4062
-415
4175
-2040
1046
2409
639
-288
4763
-884
329
3090
3751
1682
3312
2504
-986
-263
-3204
-4079
4070
2375
-2307
2482
3489
-713
1420
2483
2645
-4409
-2143
-1608
3690
2258
-3623
2640
-1009
-4923
3068
-3585
-238
4402
-4946
-2977
-2032
-3801
146
-4749
-1630
-3023
3270
-1851
196
460
3439
4432
-4180
-3437
3785
-2628
1863
-3594
-422
-2115
3674
-2590
4117
-4954
-1181
4039
1942
2287
3359
4891
-432
-1585
-4652
1344
-3859
-3821
-773
-4715
2195
-3929
-2854
-2690
698
-4738
4719
-2184
2899
-1839
4510
-353
-4677
-262
3710
4840
-2343
-989
2722
2019
-3880
1781
1050
2091
-2380
724
-1008
3804
-2715
4665
174
-4555
3985
-60
1613
3153
4667
4364
-4253
-4901
-2958
-2678
2763
3295
-1528
-1354
-1450
-1001
2471
1147
3094
-3687
-3649
-4038
4141
1505
-2342
-4150
4761
-3556
-2298
3479
-4514
-3731
2268
-1252
-3609
-972
-1874
2402
1301
1462
3356
4269
-4875
2872
4658
2338
3933
4361
-963
-247
-1987
2479
-2808
-643
3354
726
2583
2426
-2140
-3908
3387
-4252
-187
-592
4837
-1735
-833
-2065
-2188
606
4144
4397
-2951
3622
-1268
1108
3025
-3516
-2062
-2300
-238
907
-4053
-3222
-723
1114
-735
4694
-3947
-3776
-1182
4377
2779
501
-2419
639
-3274
4676
-3749
-2306
-3031
-830
2141
2401
2660
4148
-3826
3272
-1703
3472
622
3884
1591
-963
3488
4940
3756
1914
4143
-2031
3800
-4758
2025
-1936
978
166
-253
-1077
1478
123
-3760
137
-4026
-1853
1086
-3780
-1304
-1162
-4094
754
-2118
1471
-1608
3509
1236
-1158
-2826
-1441
-1586
2414
1981
-1730
-1596
-2988
4887
-4236
4799
4209
1687
-2067
-3268
2052
659
1594
-2720
4882
650
-2508
-189
-1176
-4225
-4296
-2840
2433
-1838
2571
4151
-3907
879
441
3591
-1592
597
1276
-332
-1100
-1612
-3725
4727
-1632
-1448
3065
-2196
817
-870
3259
-703
2792
-4117
3752
560
-1441
-3953
3079
-2722
4819
4595
4866
2285
3173
3143
785
4778
-108
2963
1196
-4197
582
36
-3802
4603
-3479
-4475
3625
-366
-4939
-1556
-92
-248
-4458
-3511
-2748
4537
-1469
1951
3487
4723
-2267
-2698
-164
-273
4493
2716
741
920
-2578
815
1470
-2425
3826
-123
-4339
641
-2341
1896
2862
-792
-2895
-3756
-3785
-2099
1348
4033
4767
787
-3945
-977
-2795
-3312
3662
2477
-2472
-1553
1755
616
-3435
1377
121
1174
3538
4501
1348
4775
3705
-191
-4349
132
2608
-1239
35
-4466
599
-79
2290
406
-986
2494
-3072
-555
2120
-2366
1582
2790
-1097
1955
1260
1970
4414
-2545
4379
3696
1895
227
-3415
-849
-215
-1847
4833
-680
882
3049
-2825
410
-32
4914
-3591
-2208
-3
-2097
-3946
-1126
-2890
-845
-1548
-534
3902
2663
423
383
-4527
3299
-2072
752
-2673
265
-372
-98
1340
1217
199
2645
-3055
196
4523
727
4231
-4266
-1685
-1904
-4916
-2703
2461
4146
-2874
3274
-73
-4541
1710
554
-4116
-1496
-1312
1074
971
4706
4198
-3151
-4213
-910
1298
2598
-4470
4252
3022
-4394
-820
-793
-4940
679
1722
-1593
874
3697
1184
-1880
3057
-2617
-599
4248
2430
-4729
-2040
-601
-946
-1978
-4508
1278
-3349
-1736
4569
-2183
-1305
2007
-2116
-44
4145
-2230
466
-835
-4772
1965
4765
274
4138
4167
168
-4989
-784
-1677
2671
-2790
3408
-205
2760
-1433
-3586
-2731
-1872
-2019
1759
947
3780
-2683
-791
4070
-624
3648
-1844
1910
2236
-918
500
-1147
4241
-2687
-4700
-1343
4336
4585
-1740
546
-1632
4289
-641
-2545
-3837
4261
-4463
-3823
0
3097
-1436
4854
2559
-2915
-2432
-634
-4080
1517
-1339
-74
927
200
-2198
-4918
-1413
-4752
3918
-4500
-216
3509
-156
-1675
3785
-3
-4355
-2940
-209
-2782
-3258
-1460
-1583
-894
2414
678
-4500
-4770
702
-3743
-3942
-1099
-2818
-604
-545
4246
-2004
-1854
-1704
3112
-2324
-1447
3004
-1170
416
4168
32
-3363
-235
3497
-1455
-4934
-3431
-325
526
1204
-4821
-3802
-1723
-1108
-4789
-3847
-2272
41
-1309
2573
2947
-501
-2265
-418
-4350
-1976
1219
-2861
2810
3680
-3977
602
-751
2430
1315
2773
4507
1725
-706
-1208
-3639
2771
454
313
-1686
-2301
-3399
-4223
-247
4708
3460
-2592
-3371
3118
-1844
-4482
-2156
2913
1787
-3814
-3854
1865
781
2856
-3200
-3737
4754
-3264
1529
-3397
3054
3760
-4590
2470
-2828
1243
-1472
-3641
3042
-1692
-4224
-4716
3377
2111
1638
-2188
3460
-672
512
-2573
2002
-4836
2057
4005
-1009
-866
-1978
-3483
-961
-3336
3782
-4006
2709
-4355
-121
-4081
3635
-3324
1115
3459
-3421
-3463
2808
-1439
1347
-1094
-1319
4913
3938
3704
-3861
3516
2538
-3561
-2672
-4578
-847
2966
-4749
-2094
2935
1677
4288
2713
2807
-3988
-1495
3537
-838
172
3017
-4162
-1231
-2896
-642
-402
3007
429
3596
-881
-2942
-1908
1833
-2869
3941
-4454
3555
4294
3025
-1128
-1111
2526
4535
414
4310
3955
-3306
2102
-186
-4200
-3663
-1279
838
1259
-1199
-2190
4275
4479
2078
4942
378
3438
-180
1975
288
-4363
197
3276
-1056
1536
-825
1709
593
-4256
129
3819
3490
-4944
1023
-4088
4266
4468
4536
-2732
1882
4242
-4557
864
1992
1496
2147
-658
-4995
1315
-19
741
4034
-1827
115
625
-682
-1304
2562
-733
-3878
-2832
-1275
-2922
-868
-2177
-3623
-1122
-2770
766
-1681
-701
1157
1933
2955
-3708
4145
-2031
558
-8
-614
-2130
-1873
720
-2362
-4715
-2823
-3889
3503
-3696
4148
1444
2111
142
-1946
-1725
1769
3266
2753
1440
629
4900
4481
4017
-2946
-1486
4144
-4339
4084
-3538
-700
1324
1006
2179
3237
-1968
449
-3332
2521
3493
4337
2849
-1548
1779
2284
-4222
-4909
2298
-1998
-1059
4332
1323
-4911
1753
-3964
-1828
-4036
-4838
-3225
-847
1917
-3052
4280
1670
-2567
122
1759
-98
-3816
-542
3531
3382
297
2217
-1998
130
-970
77
-556
2659
-639
1036
-2057
3818
2621
2037
-555
4829
4783
-1171
-4345
-845
-1454
991
383
-192
262
-538
-2604
1738
-2394
3356
-4509
276
-3341
2769
4183
3367
2884
4351
-3457
4139
-2284
2280
-109
-1927
4852
751
4332
-1963
-2806
-4605
2547
-3232
-4528
1649
1325
-3244
834
-3059
-2867
-3151
-3500
-3542
4862
3890
359
1913
-4678
-4945
2572
4583
-1684
-2324
1632
-1338
-3171
2541
-3227
1791
4109
-4997
3459
4263
-1813
-452
3791
2043
-2665
3908
-3262
-476
399
3233
-1087
-1656
2319
4808
-3837
2690
-3259
1432
612
-16
1864
-470
87
-680
3664
-2861
335
3899
1027
4013
1442
3538
4204
-2576
-3708
3346
-3236
-1746
-3035
2795
-2947
850
-2112
3854
2357
969
-2602
-4328
-2093
1148
-3574
2453
3688
-3253
-4992
4599
-2342
3131
2055
-1392
4614
3456
4286
3248
-1992
3338
2052
3036
1912
-4658
2538
4223
2097
-3085
-4303
-954
-4204
4437
-2559
-1158
743
-1831
4968
-1415
1593
-4047
839
2383
-1978
-817
2586
-2966
3860
-1559
-1880
-4667
-3761
-1384
1384
-3263
4439
-1396
-3594
-1873
-4557
3209
-3241
-2381
4668
4359
-383
1018
3199
992
-4563
1103
2720
-1707
-4498
-1207
-927
-2696
3173
4430
-1301
689
-2110
-3707
-2912
2653
1731
2665
-4491
-4755
-3313
4814
-2580
-1296
2736
-1779
2060
-1761
1977
-4568
2074
2425
-4020
-633
-4060
-817
-4383
2532
-2145
2406
-1824
3205
-1456
-2154
-4080
1526
3043
-62
628
2869
99
-4451
-1739
1601
-3578
-1835
1201
2642
-1311
-2143
4080
-3807
-4596
4726
362
-2513
-3006
4233
1378
-4894
4814
-1587
4591
-3474
-342
2166
1101
454
-3023
4572
-3219
4304
2913
-3031
-2964
3554
2503
-1784
-403
4495
3479
-3266
663
1750
-841
92
-3816
3338
-961
-1565
3291
-4075
-241
1575
4649
3925
-3282
-3341
2299
2689
1395
-4991
-290
2951
-70
-2086
-4022
-4230
4806
-2978
4607
3051
2766
731
4393
3442
290
3139
632
-4879
3379
4092
559
4311
-1208
-1114
2091
-3418
3514
-3445
-4233
522
3726
3823
1643
3977
4353
2835
-2428
1386
483
64
3935
785
-4931
1291
2285
3321
-4185
2921
655
-2152
-3957
1394
-2881
2868
-3967
2675
4320
3669
-1469
1429
1003
-648
4789
3300
1976
1531
4160
156
1989
-1796
-2486
-1511
-1095
-4196
-2946
-2804
-766
-2787
2536
-4299
2587
-2092
1960
-4710
740
-3441
4915
-4021
4272
-4007
-3865
232
1729
2314
-4442
36
-3690
-4072
2871
-2026
155
-226
-1730
-4842
1583
-1226
4389
1878
-2214
3703
-4548
4713
3652
-1072
-785
98
3614
2984
-4857
1600
-4412
-1252
1977
-3774
-1442
266
-727
-4356
960
-4176
4969
-949
3322
1000
-3390
1577
4139
-4086
-4735
-3025
2268
667
-4024
-4403
4382
-1882
2557
-4318
-10
-3256
55
-1501
-4833
4771
-651
4712
-277
-3183
2938
3199
-4322
703
3252
1551
257
3728
-1983
-569
1063
2054
2358
3385
-2507
-2174
-3525
-2502
-3554
-3094
492
690
-3638
185
-1677
893
1096
-773
-969
-2724
-1678
3063
3392
-4783
-4235
-2373
-4772
1238
1934
-3493
1990
-603
-1974
-2419
1615
-2867
3489
2682
-1171
2890
-4023
757
3784
-1297
2391
-1743
781
1695
-1995
-3260
4687
-3493
1015
186
2879
-1052
-4810
2148
-4267
348
2997
3959
-2975
3544
-2005
-267
-1969
2787
-1419
3877
-2359
3635
2227
-3212
2344
-3467
2133
-3465
-4506
-4216
430
-1947
-4375
2696
1006
-2431
-643
-276
-2027
4745
2664
-4482
4092
-4952
286
-2647
421
-4932
4288
773
2380
-4917
-2768
-642
-4414
4625
2681
1769
-2750
-4007
1218
-2401
2266
-1901
544
1416
-99
1450
-2211
4477
-2674
3271
4441
-1364
-846
-3203
3273
2811
-2359
-337
-526
-2414
4476
2375
466
4390
445
-4829
-4426
3894
2933
2839
-610
3707
3126
616
947
4515
-3551
-4658
-3980
728
-789
2423
4360
1689
-143
-820
-4251
1979
-873
4447
1676
2213
1029
-1456
3496
-4539
309
-4253
3475
-4344
-1073
-3142
-3112
2667
3822
454
4744
-811
-3732
3594
-2943
-3025
2595
-4632
521
4331
-948
2224
-4961
-1233
3043
2725
-1982
276
4758
549
896
-3078
2149
-1253
49
1287
-1025
-2624
234
3406
2159
3086
3955
-806
1237
-1859
651
1286
3623
-3177
-2594
1000
3518
-4386
-553
-4455
-123
1438
-586
-1466
1725
3407
-3131
-657
3614
-2370
2697
953
-4172
3239
971
-548
-1583
-4288
2430
-1518
-1449
259
2119
613
-1183
-4017
-1154
-1048
-4655
3458
145
3899
2714
1858
4296
2555
4593
56
-3585
-2631
3643
-2582
-4292
2395
4721
3655
-76
2162
4387
2056
213
142
-3890
4941
-2545
834
-3259
3995
4949
-2814
4243
421
-482
-39
-2590
1037
2988
3070
1741
-4049
2455
-2856
131
778
-706
-434
-3884
-157
371
4104
-1714
-1726
4847
4525
-12
-1686
-4057
3272
-2716
3954
323
-2934
-2932
-3628
-1057
4876
-1548
1200
2141
3554
-1529
860
3778
2789
4431
2796
2178
-152
-1899
2362
-2164
-4441
1897
-1056
2469
-3539
3325
-2682
3371
-1888
2979
3366
-837
3302
-1779
2589
3166
-1968
4343
3161
-350
3744
450
3109
1045
-3627
-4602
-1460
2232
2445
1412
-1890
2304
-4731
3349
1518
-3048
1135
3790
3734
1839
-919
201
3655
4100
-1658
263
2460
-4355
1283
4283
33
4195
4055
3159
-1925
1047
1502
-59
-2334
-1149
-1312
-1022
3114
-3882
-1311
69
2107
4836
-3491
770
1766
1878
3253
2233
-2527
-1804
985
-2935
-726
4619
1363
-1828
147
1540
2244
3873
-2470
-399
-4160
-642
-1853
736
-4408
2052
-10
-573
3936
33
266
983
3849
-257
1420
-4149
-3866
2634
-1255
4743
-3585
1308
-3399
-4087
-3124
-2175
-2682
3703
3394
-1323
-55
1010
3982
3423
-1581
-4505
-2742
944
2490
656
-2693
-3094
-1180
-285
1984
-1596
3703
42
-71
-2744
-4441
-3177
-4163
414
-1508
2945
-4832
3178
4486
-1179
854
2666
-1225
228
3857
-170
3196
-4749
1098
151
-4717
3743
4207
2508
-4943
-1059
-4964
753
205
3102
-3886
-2792
2918
4365
2294
1576
-2033
-1615
1134
4799
-528
-77
-2127
-2891
-2350
460
3287
2951
3785
-2900
1703
-2413
-4171
3253
-2335
3770
-3977
3048
-2895
884
1422
-741
-699
-2541
-2203
1286
3546
-3566
-1565
2740
-3592
-486
1367
-3666
-1491
2264
-1007
-4695
-3556
-4643
3480
-4530
4458
-2524
-1584
3379
3469
3541
1978
1598
12
2664
851
4672
-42
1147
4280
-4028
-1420
-3652
-1987
-1139
554
2649
-3008
-1245
-2422
-2625
3038
-3073
-2045
3458
-2284
3184
-359
-3858
4294
1084
-846
2236
4267
3345
2278
2460
-587
-2365
-1076
319
3336
-3889
-1350
4058
2026
4561
2864
-4079
-447
714
2595
-3544
1260
3838
-3433
2287
2655
-3180
-3934
1697
69
-3037
3917
798
-1211
-4727
638
-2516
-3243
-367
-2100
2812
2990
2630
473
117
1737
578
-821
-3884
2725
566
560
-5000
2870
210
-1852
-1895
-2801
-3111
2592
-1009
4278
852
948
-834
4015
528
1264
9
1535
-4417
2227
3011
1080
-2546
1683
3753
-3994
768
1116
-4753
4190
3888
3719
-1854
4333
-3516
-4206
3205
3971
-3058
-1495
1661
-3070
2705
4401
916
-1595
-3099
-4231
-2061
4396
1274
1563
-153
3933
-1403
1606
-2018
4819
1952
-2639
1782
-1184
-3922
-959
3437
-3298
1469
1675
4382
4436
2273
4593
3273
187
-353
4101
1917
2581
-4754
3335
1749
4999
2936
-2974
-751
241
-3168
-871
-4971
2834
-3298
-68
-1168
181
-3316
3178
437
-264
708
-4713
-1291
4166
3230
-2569
-94
-4815
-2548
-4840
-3700
-4277
-4477
37
-2926
-2898
4327
-335
-4825
-3466
835
4769
-145
2579
2982
1292
1580
-3774
4980
4127
4806
2826
-4537
2833
-4523
-2112
-4767
-4958
-200
2145
1359
2832
1127
-4780
3390
2203
-4119
-85
2200
2288
-1222
1996
4719
4015
-1956
2099
1722
4194
-2914
-2506
-507
-3105
-2982
3437
-3368
1295
-242
-912
214
-1837
-3852
-3073
377
16
-4714
-3668
4817
4511
4940
-2979
4345
-202
-3805
1961
4990
-1348
2337
-179
-3932
2541
-178
3169
-4042
4913
-3792
2687
214
616
846
526
3630
-4069
4914
-3761
1435
-18
-2199
-2416
4496
4270
-1669
2785
1338
3092
4354
3710
4057
-2391
1887
706
-4456
-166
-2494
-1673
1844
-4416
2017
2740
-755
721
-92
-2821
1133
-4622
3474
378
-3620
-532
-4894
2375
-4098
-4194
-1705
-232
1207
3363
3005
171
1436
-3573
-3054
-3036
3769
2569
-3777
-3736
541
2412
3497
4823
-3434
749
-3578
-4435
1127
-4583
-3362
1833
740
-3539
287
1589
-811
4572
-3986
1191
3893
-4456
-3108
4193
-320
-974
-1034
-3266
1041
2666
2919
-2712
-4455
-2666
744
-4796
-2795
724
2404
-3321
4402
-81
-4
-1510
-4475
1442
3405
-2730
2405
3899
366
4830
-1157
859
-1
-4058
3185
3020
2593
-2361
4364
-2103
-1479
-126
2732
-3219
-683
2984
-1740
-255
-3029
2186
4743
540
-1386
3801
-2307
-1800
-1543
3678
1325
-1594
-2719
870
4603
2007
593
4535
-1165
492
1409
978
2470
2474
-3072
-4905
-4822
3243
2062
-3156
-136
-1880
4336
27
-2338
1845
-3866
-460
2999
-2643
4374
-2107
3460
4757
-133
-1512
-980
-2969
-2801
3582
1145
1295
3674
-448
2539
4522
1156
-4055
2305
50
-1561
3149
1999
-4358
-338
-1949
-3101
911
-4752
3993
-4772
1269
3369
-1823
2918
1561
4392
-3686
2723
-1155
2729
-783
-2347
4560
-101
3981
-3003
-2180
-3315
1981
-4868
-640
2804
2881
-4891
-455
114
1490
4479
208
3974
388
1895
2360
-3211
1323
-27
-4395
-1253
-4943
-3350
-4581
3773
2610
2119
-1883
444
2151
1918
-2024
-3356
-2619
-140
-1560
-4774
-1700
-313
817
-2625
-4998
644
-2884
-842
4011
1095
1972
3236
38
-1636
2520
1627
656
-1869
4754
-1636
3747
-1351
-3045
-1238
2399
-192
-4855
761
2033
2414
4636
3122
-1974
3221
-2845
-3568
-511
2139
3468
2573
227
2616
-4452
865
491
792
1364
1710
-2557
-4
-4718
1491
-3423
4848
-630
1279
-2434
3921
-516
1561
1641
-3788
4512
3762
-1658
398
-4964
397
-2473
2377
3631
3069
-509
880
4538
-3731
125
-265
-248
-176
2295
4987
-3053
-1677
4629
-64
4203
-3725
-1644
-4072
-3374
4394
-3336
-3406
-72
2579
4269
-2867
2922
3673
4609
-2072
724
1162
-159
4773
-1077
-3272
3642
-4969
-193
135
3076
-200
1419
3133
-4432
4326
2374
4551
-280
2965
2896
-4023
-3459
3477
598
594
4087
-2740
3776
1964
-2682
2773
2208
-3544
4166
3964
-2914
734
-3487
4663
2718
2022
-1234
1251
1313
-1633
1675
-216
-3811
3544
-676
-221
3518
3937
-2178
4078
-3647
1755
-521
1855
321
-1836
-2625
-4447
1025
2860
3517
128
1789
1802
3681
-4809
4970
-2430
-1284
-498
4273
3473
-1412
-2332
534
100
4087
-2202
-836
4300
-2220
-211
-4139
896
2953
644
-1710
-3790
-1060
-3955
3015
2345
-4533
3170
3658
-1273
-2357
-3473
-2612
2798
773
-986
2816
-880
1608
993
-1555
-2986
393
-1922
4293
2793
-803
33
-888
-4134
-4207
3559
-959
-1662
4377
586
1615
2521
-3716
1191
4477
-3075
-4446
3159
-2786
-3540
-2664
3210
-4112
-1535
1157
1038
-2121
-1046
1834
3235
2566
1892
3655
-1908
2627
1297
-4417
2198
-2900
-1697
3326
-3054
226
2656
1006
-527
3988
2124
-645
-1827
1328
4973
-483
3498
1845
-897
195
824
-3723
2044
-3389
3442
-2238
4085
-2186
-1764
-3065
-351
430
-292
-3677
3179
-837
2487
-423
1302
58
4596
-1593
-1594
-617
-4398
-2051
512
1543
196
3419
-3763
1074
3183
-202
1719
-4879
2096
3225
-1868
3804
-183
-786
2205
-1581
2104
-1572
-4016
-4822
-2168
3124
-4814
-2512
-2430
-1970
3733
-2487
3645
-2457
689
1548
-1232
-553
-2128
-1158
4677
3658
-3721
3270
4405
-3392
-1331
-2844
-4659
2520
1611
315
-4696
-3791
-3636
4384
4035
2854
2317
-70
-4326
-3132
4621
4137
1017
-1077
303
315
2343
987
-2539
1349
-489
-4596
-3058
-1674
-3870
3034
3935
-784
8
1003
-1779
-4922
3199
-1622
-1578
-2319
-4485
-2712
-4708
1347
-3794
-1408
-1553
-2228
1305
-3251
136
-687
659
3836
4213
-1075
-4612
1076
-3765
732
-3958
-1578
1478
-4863
-2533
-1114
-3756
-2270
2812
4442
-4909
-2591
4891
2537
479
633
-4790
-3228
3789
2455
-3967
-1940
2475
-3778
4746
-2064
-292
2864
-2000
3044
-3337
-2791
-4429
-1932
-180
-2312
4970
1928
-3459
-4026
-1303
-3270
-1747
-2820
-3116
-1174
-20
3618
-41
3701
329
-572
719
2202
-4454
-4386
-4159
36
2461
-793
3764
1706
4853
4003
2443
-3935
4616
-4227
-4103
1375
-3568
3760
2711
-4287
2519
-4463
-1387
549
-4607
-3295
-3488
-1608
-3198
-3141
-1688
-1890
1847
603
-658
1815
377
-3239
4308
415
-1621
-3419
3439
2658
2241
1952
4968
-2658
-4192
-1357
2349
-4094
3600
-2209
-2881
-163
-4911
-3900
2998
-4419
-4471
-1137
-4433
2586
3442
1038
4626
-2430
-550
-402
3038
2447
2094
4138
-581
-2991
-2498
-360
-1909
3309
4171
-3318
-4300
3317
1374
-2677
-3285
-1554
1829
2736
-687
-2960
1257
-1876
2550
-3792
692
163
1067
-1057
-3974
1830
3944
3332
3666
708
133
2767
2176
1692
-1530
165
-1059
-2906
-2814
-834
1414
35
2622
220
-1086
3532
1741
-2963
-1246
-2691
1228
-2740
279
-4545
-579
2846
776
661
1833
-2281
-2829
-608
123
1195
6
-3431
-1219
1074
-2707
-1996
-4293
-4930
1659
3161
-1030
1625
2040
1006
-960
2320
1946
896
-2284
-1768
-2315
-3216
4680
-1371
-3007
2898
-4860
2739
-4985
-1418
2695
2694
3276
-3624
-3539
1159
1780
861
-194
-2144
-144
131
-2331
-1986
4181
4004
-3632
4895
4473
-892
4265
-3080
-3880
44
-1812
-2986
4685
-267
2975
4796
4715
2248
50
-2269
1617
-207
-1291
3844
1753
1260
146
-3691
-167
-2462
-3697
3826
-1107
-2358
-3556
-1583
1791
1469
-2241
-4573
-2862
-3811
4209
-1689
258
1804
-3217
-2735
53
1988
2070
2558
62
-2028
-1351
3469
3226
-1432
-4379
-1045
-2820
-4209
-925
3836
4701
599
-188
-4417
-1944
-4152
-2702
-4840
-1592
-4915
138
4084
635
2574
1136
3628
1613
-4142
-146
2266
1958
2071
-3555
-1909
-3412
-50
-4029
-4940
3887
249
4186
-4933
1572
-1021
3413
4937
2973
996
1823
-1458
-1700
3731
-3761
-595
-593
4716
4957
4488
3295
447
-2975
3795
-2904
-1341
-3770
-1627
-3697
-904
-1422
-4630
-8
-3725
3553
-1784
1028
4383
-1662
-1458
3301
2661
2698
750
-4039
4809
1706
3750
-2726
-1851
4191
3080
2560
-3368
3541
-4663
-2309
190
2039
-1716
-186
3219
2485
24
-259
-3043
-2364
-2612
-2262
-4266
-1879
-1359
-2728
-802
-3385
2360
801
-2898
3407
3709
1025
-4880
4912
-4681
-1989
-191
-1596
-3849
-2739
-2910
509
2912
-2029
-3271
4259
564
-2054
483
-2167
-4147
-4085
3590
504
3512
-4020
236
2672
-1930
-981
-3459
-204
-15
2097
-4885
788
-2330
4905
3586
-1930
4433
2949
3007
-2831
2099
-4956
3657
4351
3954
3359
-2647
4659
-1228
-2062
-1139
4344
-2526
-4488
4901
2928
-1129
1408
-1457
1662
2327
4927
2916
-3502
-2376
3990
-2410
-2059
3735
-844
-2675
-249
60
-879
4720
3026
-5000
-163
210
4970
3499
-3104
558
-1129
4269
-915
-2978
-3738
3152
4737
-1231
4763
1200
4057
4545
-532
1439
-883
-693
-1144
4911
-2381
2393
-3779
-3551
2568
-4284
3165
-4083
4470
3610
1366
-2013
-2457
1229
-1807
-2029
3151
4773
-1129
-4349
-1539
-1285
-2576
-2849
3126
-3108
-3487
-442
-474
-1776
-4710
-2036
-291
4404
4279
2293
-2484
1448
-4358
-2799
2175
3500
-4117
-4583
3509
-4105
2696
4061
3700
-2080
-2041
3808
-315
-3538
-3680
2566
552
1743
-1134
27
-3744
116
1155
-4719
4133
266
-4399
-2972
2115
529
-4715
-2923
0
-1779
-2122
1996
-3874
4372
-3489
-709
198
4497
-3776
4404
-3143
-668
219
-2308
4963
3007
2199
-216
-3602
3487
121
4821
4271
2246
3955
1959
-3724
4534
-1709
1695
-1975
-3187
-4708
-4157
-1055
3757
-2529
2638
4566
2549
-3194
-909
-4819
-4931
406
1785
-372
-185
-2503
-4788
-2749
4218
-3622
4941
-499
-1297
-1017
-4409
-4872
3746
-4983
-97
1727
-4924
3985
-4303
-2063
3639
-2298
2008
478
-4180
4749
2788
2343
3767
-2904
-888
2969
-4131
131
-1361
1508
-260
977
3984
4139
-335
18
861
466
3829
-4434
-3071
-2969
-3774
-1301
3718
-2009
174
-3967
-1227
-2300
-1382
-1999
751
-657
-2229
4177
3599
-3164
-4266
3984
-2066
-2644
-3645
-3858
4541
861
-1688
900
-3675
-1156
1998
-2444
-3814
-9
-4693
152
-3113
2103
4647
-4193
-84
3258
4356
1469
-4829
719
2867
-4214
2382
-4062
-1367
2833
-2210
-1129
-2682
-936
-4889
-316
4895
3916
-88
-3835
3979
-3111
-1069
-2127
-644
1043
1573
4196
2767
-2311
-4165
-4229
424
2388
-2086
-3283
3443
2433
-3052
-2745
-2596
-4560
-934
3651
3624
4849
-2423
-599
-3790
4767
1147
-942
-2969
22
-1142
-2439
-4377
-1664
-2090
-1826
4508
-3963
-4894
3622
-1596
-1577
106
1800
-68
2772
1271
-1112
-1451
-3698
-1996
676
-4995
-1224
2773
-2943
-2428
-3121
3028
-428
-1341
-1553
4439
3200
530
759
-2381
-3798
-1898
3570
2491
4818
-1386
-1872
-2526
4265
-3576
-179
-2954
-1475
-4199
3215
-1912
3673
-1519
4678
-2252
4904
4888
-1731
-3880
-969
-3832
-2911
-340
-2254
-2841
3947
-285
1415
472
4157
-4355
-4687
2666
-1342
1868
-2050
-2833
1705
-581
-2368
-3040
-3171
-3897
1396
-507
2362
3036
-3818
-4117
-1544
-1321
2867
4511
-162
-3880
-543
1634
-4106
-1296
-4157
3179
305
-4662
-4068
257
-828
4002
2007
521
1114
-793
-2076
-3267
-256
-832
-3836
-755
-1388
4351
4734
-1103
-368
535
1438
4839
-4750
1053
3292
4144
4307
569
-2631
-136
-4299
4807
-438
-199
-4419
2336
-1355
2797
-4286
-1622
1767
1554
-429
-842
-3336
-1278
-1334
-2742
-163
-4431
2917
3624
4582
-3082
1605
1958
-2431
4356
2730
-4237
-4871
53
2392
41
-4880
-1126
-4877
-445
-2756
-2030
-257
3121
-1229
2805
1784
2078
3836
1892
2916
2119
3439
-3670
1070
2609
-1661
-772
4146
-567
-2166
2080
3227
-2711
-3446
4343
-3697
-2014
3240
-4217
-2889
-3064
3636
3798
288
3346
4393
3641
-4267
1478
-3233
-3057
-1631
-3696
-4539
-3623
3468
4217
-771
-974
2782
-1597
-1563
-2228
2019
-1524
-360
-2720
-391
-4021
2179
3203
1560
3833
1014
3016
-1841
907
-3362
-3786
4972
-3831
3415
2212
-1311
-4293
-4859
3872
1953
3165
-3390
-189
-3401
4391
-3480
1956
4571
1617
-4000
604
3091
3399
-4366
-1174
-2617
-1295
3972
-4734
228
-247
-4885
810
-1448
4538
-3413
-2193
-3044
-4424
-4667
2190
2182
-3300
1096
-3457
-713
4155
324
4743
2297
-414
1256
-1803
-1279
2344
-1070
1215
-481
-2647
3229
-419
2470
-3354
62
-2029
2581
865
1030
4684
3126
-364
-4436
-565
-4698
-3703
4434
-3635
3769
-1306
3886
87
4511
-513
-841
-9
747
-989
22
2721
-1547
1746
774
4421
-1912
1714
2509
-4986
-623
2725
-1677
-2618
-1188
-4283
-3057
295
-1085
-3228
-3972
-4536
4619
-2447
1325
1118
-2080
821
-1403
1528
4619
-2885
-4877
-3948
-3016
-3137
-4148
-209
-2499
314
-3370
3757
4228
4874
-4453
2068
-2930
-4812
-452
-1185
4278
2210
-1868
-3324
948
2688
-3856
-4403
-504
-1832
4651
-2683
1489
-2131
3155
-997
3943
-3376
-2771
-4874
4065
529
1066
-1233
666
-1254
-4828
-466
-519
1094
582
-127
1145
-4191
-3350
2957
-309
-2084
-1835
1677
-1218
1231
-3547
-1015
-2571
231
-2380
-3879
-3983
-4932
-1179
-482
2721
-2816
-2429
3023
-3301
-4176
-4919
-4088
2876
2645
-1703
3370
2373
2777
2831
2088
3115
4682
-4647
991
-3331
-99
-1096
-2472
-103
-3576
-1603
1348
684
4172
-3071
-1474
-1385
4995
-4001
259
-459
-2059
-655
1236
-4145
-1314
2593
-2566
761
2099
944
4006
3108
1978
-3210
1599
-4404
-373
2035
1345
3682
1464
3907
-229
4141
-2791
-3214
3645
3691
1197
-665
-4377
-4345
-1804
-3930
-4280
2319
-944
1571
-2079
-1447
1993
-1005
-1343
290
4699
-17
3051
2800
-253
4500
3892
-1478
-1041
-1983
-501
-481
953
4247
3523
4292
4552
-3460
-4136
-2452
-806
-2275
-4067
969
1938
4052
1709
-1912
-2675
-4898
-438
-997
1585
3970
-1975
1958
-3494
-2543
-2523
-1069
1445
-130
2477
-750
-2678
-2337
4186
1864
2097
-989
-4124
-2269
501
1144
1643
-3224
3698
-3136
-2825
-451
-3395
1526
-1434
4084
4663
1790
-3657
-16
4255
308
4068
-2525
2420
3519
3802
3774
-1043
2423
-2092
-1580
1157
517
-597
-410
3046
-2888
1799
1680
-125
3306
-2811
4061
-3470
-570
2647
3796
4864
2288
1814
-3047
2918
-2427
4081
949
950
-3553
-4477
-1996
-1918
-3429
-1216
2329
3929
-3661
4623
2457
4496
-3548
-1281
-2259
-4384
-1793
-4458
-2426
3487
-2185
2905
2986
4620
-4734
-2288
-3278
119
-3201
3614
3491
1825
-2666
-3159
741
4406
3446
-1608
3007
1886
1367
-4498
2507
-195
-2581
-3252
3806
-467
3293
999
-3047
3886
-2603
-3542
987
-1313
2954
-2991
-2129
407
-4466
-1351
-3637
-4942
4323
-1901
3261
934
4768
1787
16
4887
-4889
3515
851
4150
-575
-4561
-3028
-2808
-1011
-4428
1044
2053
2342
-2388
2989
3122
3364
3708
-572
3488
-3957
-4844
3330
3176
2003
-4558
2711
-4239
2585
-1446
-2849
-4369
-1741
4001
1441
1957
-1238
690
3927
-2082
3498
-1436
-4217
1971
4749
-4303
1740
-1573
1565
-4816
-3179
-1826
2642
3537
3628
1204
-721
1892
-3259
-4250
-1799
3605
3816
-2568
-1642
3437
-594
-1376
-2618
4281
-1885
4295
931
-2234
1948
-3261
-1381
3929
-2455
-572
-4705
3021
4386
-1985
-3133
-4281
2633
3350
-3151
-3649
-1225
-3765
2724
1492
3087
2242
-699
198
4820
-1779
-3933
338
3951
-1300
-1099
-4719
3002
60
-3136
-1467
1480
602
-961
4084
-3535
1122
2411
1059
1796
272
579
3654
-4878
3956
-2405
-4964
2889
-3513
4382
1543
2422
-1986
-122
-3453
4093
1977
1350
3505
183
-2600
-1970
1329
4958
-4621
529
2843
243
-940
-3358
-1024
-4186
1150
-3020
-4542
-3377
-1274
2186
-1268
4731
1939
1233
2521
-4589
-4164
3346
1665
2773
3261
-1818
-4537
630
820
-3731
2929
1951
-2684
-1163
251
1224
-3078
-4840
-3188
-1425
458
2015
2118
3277
3247
3938
1706
-1263
2172
630
-1139
4344
-2477
-4614
3742
-2877
1889
4365
-2167
4298
778
104
4435
-2746
1391
-2142
-1239
358
2936
1938
280
4692
-646
2083
-3289
-1090
-3570
-2679
95
4466
10
-4316
-1525
-2505
935
-3212
761
397
3768
-4761
-4645
163
832
4212
1720
2295
-2970
2772
1388
3884
101
1677
998
2466
-231
2327
-4520
-1446
1970
3142
-3132
1125
4107
-4948
3918
-1465
477
2392
-2263
875
1819
-885
1138
3139
3679
-854
-4793
-2928
-4467
-748
-4508
110
-2437
3070
4034
-2191
-2846
4536
4434
-1038
-2074
841
-4855
-3771
-4527
3999
2864
-4646
-3549
-3133
-288
178
928
-3974
-770
2762
-782
-2595
-374
3797
1429
4834
4443
-1337
-1237
650
-3907
1131
-1678
-4128
2776
-694
369
4498
-3108
244
-1273
-1809
-2811
3013
-4817
-3702
4383
3182
-713
-69
877
4023
499
-4695
-3655
-4913
-938
-476
-2275
1649
-3791
-2746
-162
-1798
2292
2949
-4949
-4828
-4527
3056
-2367
-897
-3063
-1076
-4698
3275
-3115
3220
-2831
-2233
1179
-4937
2334
3316
4322
-3481
-3226
-1692
-419
-3614
-3564
1824
1764
-1936
718
2963
3767
1117
-4271
4570
4233
-1187
3602
1759
744
-3252
-502
-1979
-1176
3557
-4937
4423
2802
-618
-2170
-4921
2299
2767
763
4683
-270
-2588
2990
1722
-751
-3736
2167
-4406
2770
1116
3871
-3670
-3458
2854
-145
-3599
-1453
3091
-1223
-1950
-535
-4934
-2639
1319
4012
4138
-113
-4244
3499
178
-4695
2928
-3570
323
-4100
-2472
4863
2231
1314
-4548
-3582
-2213
-2271
-3195
1811
-888
-4082
-4270
-4522
4266
-4170
2545
-1604
4058
-4581
2233
-4789
-4218
-4805
-3853
-4846
-2812
2580
1043
2317
1891
105
-1489
238
1707
-4045
-3094
1374
3400
225
-4493
-1516
-1669
-2062
2132
-547
-1105
-3137
-352
-1741
3180
-2454
-303
3088
-2993
-3944
2721
191
-934
-4364
2539
3601
-4386
3618
746
4370
-199
-3594
-3938
3275
3587
-3243
-3387
-10
2015
-57
2188
-4265
2896
-4866
-506
-1988
-1560
-2141
-4538
-782
-4952
1037
2479
2451
4293
356
-1728
-3100
-1160
283
-2693
-4364
-644
-3768
-1016
-3742
-4071
-3212
4883
-3011
-3746
-4272
1694
2777
-2502
-4482
3300
-3393
-1560
4878
-849
4773
-2310
-863
-1758
-156
-2215
-1084
-3415
-1126
234
-2494
3772
-133
-2041
4097
2347
4164
-281
-2841
-4533
3662
3807
-4773
-3576
-1345
-1461
1154
4825
289
3805
1186
-3816
4480
-4928
-1901
-3821
-4962
81
-3733
2632
-854
-1165
1856
-3392
-1897
-1306
-2035
440
2538
3631
-2977
4330
-264
-3697
-2481
2298
1247
-4193
-1387
2316
3468
-3420
-4439
1193
-640
1134
2016
1994
350
2991
1792
334
-4901
-2945
-1302
-3876
-3002
-3678
3716
-2378
2904
4443
2309
2821
-1841
-4294
-3057
-1879
-4388
2423
-1641
3350
-4584
2523
-117
-875
-3412
2096
-2518
-2775
-2103
-4214
-4424
2797
4706
-4235
-4484
3717
-782
3786
121
-2501
-1553
-1698
446
2965
1886
-1593
-279
2658
4181
4887
-52
3600
-4416
622
4575
-1989
-3082
4917
2659
1989
2137
-2416
-2954
946
-574
4531
4567
291
1601
2916
259
481
-4446
16
-1982
-3793
3571
4883
-2251
-4475
-4460
3366
4265
-2566
-61
160
-1213
3812
-962
4375
1901
-1567
-1362
711
1172
-1258
1916
3688
-518
4037
589
-4549
-2238
218
2700
-1489
-3682
2418
688
-197
4389
3530
-1707
3443
4518
-4732
-161
-248
-1377
-2019
-3269
-1966
-1450
-3641
4005
4324
4605
-4841
3235
3675
-4887
-3871
1138
1047
2888
4285
-1883
3940
167
-1957
-2408
1295
-1141
3145
-2974
2217
-64
-3590
-831
4765
-4005
-3871
2649
2857
-1180
-2108
3793
-741
713
107
372
4440
1765
3450
4579
2952
-618
-531
3680
458
-2504
4332
-4295
3369
1152
1579
-2617
-3033
462
4991
784
-4996
-1384
466
3671
1708
-10
242
4760
-3201
1428
130
-4227
-1461
557
26
4685
2813
2907
3412
-827
4355
-1640
-2943
-2016
-2552
-1116
2518
4040
2653
-411
2175
4269
-1228
-2030
4393
893
-3466
825
4678
-4550
-2518
618
577
717
-4056
3534
-1526
-3962
-1447
-3820
4042
2574
3399
3769
-1040
-3749
3271
-788
-3853
-1045
-2994
-1515
-1455
-642
2605
-4820
-3097
-1932
664
2768
3455
3003
2617
-4787
-4210
-946
817
247
2960
4424
1552
2732
1769
711
3043
581
2432
-1980
4070
3378
-2849
3348
-940
4290
-3555
-742
1520
3213
275
-95
-1632
-2723
1462
627
-3233
-2614
-3466
494
4795
-1998
-4789
3055
-1612
2776
-4344
-2846
-3262
4458
-313
3040
-4522
1023
-516
-48
2401
2913
-3760
-3722
1296
-1146
819
-2729
-2244
3339
-2715
-2893
2192
2339
570
471
-2884
-366
-3526
3837
-2466
-507
-756
1515
-525
1026
-2110
3730
-4041
637
4348
-4672
-4242
-4129
1330
-1260
-2947
4986
-914
4961
-1247
325
2890
-483
3148
-3900
-1652
-3445
433
1285
1761
-3589
-4775
1958
-2341
-2020
2660
3242
945
2105
-146
-1901
-2666
-36
3786
-4003
1131
-4515
857
-4653
-1270
2646
-2350
-3610
-4080
49
4302
-3007
3042
-936
-1342
4805
3861
-4446
4148
605
4705
3728
-1065
2861
3757
-101
3157
3726
-3017
1290
-317
2321
-2176
-3803
-3563
-2510
3933
-80
-2066
1726
-2148
-4812
606
1238
-1330
3508
4735
-2451
-3262
1608
-155
-1916
-317
4152
4359
-493
2777
-2455
-4614
641
-878
4499
1420
-3675
-4092
2099
-196
-1372
4452
490
1653
-3834
655
-4204
3135
-4154
4486
-568
-4871
117
-3178
2863
2576
-2795
3658
4805
3142
-305
2282
3147
3928
4708
3867
-2925
-2749
203
2871
-379
4698
1047
1033
818
1616
-4621
-3658
2551
3642
190
592
681
815
-3697
546
-4014
-2691
4079
-586
2050
-901
3442
-2805
457
-2013
-1944
3194
-3377
-4104
2995
-3426
2302
-2727
2336
-765
-4502
-4121
2992
-749
-2049
-4514
-2234
685
561
580
4320
4868
-2688
331
-2161
-1373
-1834
1881
3127
-3708
-3176
-3880
-4037
1392
-969
-2548
-3983
-4210
-3924
2442
1806
61
423
198
4293
369
-1681
-4377
-270
3708
3154
-109
1646
-2534
-2066
2073
-2243
-3573
-1841
4159
-40
3900
4942
594
-4335
1621
-786
-3768
2618
-3286
63
-1524
-1297
4038
3153
-3827
-1048
122
4769
-4615
355
-452
1599
3683
-4197
4922
-2535
4485
-1071
-59
2680
1098
1364
-2793
4858
1039
959
-2001
-2751
-576
-2493
2765
-612
3923
1217
778
-4020
-677
-2120
1711
-2241
1904
-567
4823
-1304
2759
212
4010
-46
614
-2304
3949
3688
2886
954
-4650
-1015
-110
-958
2343
3257
-450
2004
-737
-1340
-2086
-3928
-1561
-4994
-2929
1168
-2586
-3809
2885
1804
3969
-224
4258
1266
-4262
-1691
1746
4927
-4970
-1053
1794
-484
3297
-1067
-244
-3588
4539
632
3234
672
2815
4759
682
-825
2801
3287
-2720
4131
738
2569
-3120
-2769
2664
-2005
-3931
-1127
-3870
2588
587
2211
-32
2785
-4436
717
1654
4366
2732
-4332
-1044
2853
-3169
4730
3287
421
-121
3962
-4763
-4139
-2253
896
2202
-4760
785
-1436
-2676
2881
3112
2800
1321
3907
-3676
-3259
4979
3489
4637
-3465
457
-4097
241
-4436
4588
4049
-4680
-3868
1447
1824
-2127
-3949
-3619
851
-3611
-762
-2933
-1278
2085
2921
-2903
-4064
4936
3804
-3855
1241
4995
3638
-4559
3841
-4025
3009
2465
-2813
-110
-4522
2640
-1453
-2589
-3724
-2170
-2745
-2437
-3461
228
-3950
2383
4853
4664
476
-3281
704
4026
3487
4015
-3451
-2264
2315
-3999
287
2270
3474
-807
-647
-4522
-2264
4884
2434
4671
-1689
-308
4811
382
-22
-4828
4511
2073
-4677
-4461
228
2706
-1916
608
1997
975
-4788
4196
4915
2986
4993
-4691
-3175
-4889
-2701
-2855
-4973
-501
-2547
-2263
-4143
-2810
-4818
271
993
-1498
-436
-203
4333
4614
207
3131
-1043
-1950
-4341
1573
-4216
-3110
-2313
2772
-3066
805
-2800
1759
-229
-5000
2809
4337
541
-1138
-3256
-4261
-873
1381
2365
-4626
3800
-508
4590
-302
-449
-953
2286
-2162
1818
-1695
-1625
2244
-3439
-3665
832
2687
2260
-4986
-1004
4619
624
623
3957
-2702
1679
-4741
3980
4459
3993
3039
-2049
3298
1243
-4690
-2389
559
258
-85
3947
2386
-3906
-1567
624
1152
-1066
943
3092
660
-4746
3721
4443
4921
-1652
1423
-2353
2216
2119
4238
-4991
2955
-3130
-3078
3423
3369
1030
4186
1508
2477
1323
-3693
-4449
3593
308
-3514
-1538
3050
-4649
-1128
-3325
-3202
1833
1368
-3017
629
4528
-3255
4075
-4692
-2402
4741
-4638
-4779
4663
-2185
-1848
-4535
-1823
-2673
3820
2068
-605
-4099
536
-1207
3467
-4379
-1558
-2312
4371
1415
-2290
-4114
3328
2360
-3924
-4828
-1574
910
-3083
1558
-4310
-3300
6
790
-4195
-3813
-1535
3705
-499
3637
-3799
-3733
-3878
-4654
54
2729
4735
-927
-307
4844
2291
2193
4950
4881
-103
1052
-2531
1767
-3660
2889
4518
-3239
-3507
502
3394
-558
-2773
-1049
423
2012
-4407
1706
2305
1221
-4863
-3406
3453
812
4917
7
-366
3965
3966
-2744
3430
-752
1119
-1137
-2716
4661
518
-1568
-1646
-3069
-2999
418
-1867
212
4499
-1324
4292
-1334
-2214
1451
4444
-3425
-608
-3721
-1841
-2673
2494
-1314
1873
-2538
2823
3755
-635
-1041
2548
-1535
-1742
-4668
434
472
121
4443
-2477
-2564
4848
3327
-2022
3667
1681
1100
3035
1646
336
767
-469
-1596
160
2562
282
-1946
4670
1977
-2700
-3694
-91
1512
4424
1432
3391
1453
4715
1993
1716
-2451
-2421
-1653
-4884
944
-1782
3833
4090
-4669
-3976
4896
-986
-4806
696
-3841
1807
-1263
1200
-2145
3619
-2852
-3603
4367
653
4150
133
1584
-4657
964
-3244
-4910
-2312
-2936
-52
-3455
-2111
-1691
-3330
229
516
1557
-2339
-4339
2721
929
-4634
-1485
1980
1511
-2713
3165
4428
-2946
-1947
2885
-269
3157
-4903
2015
2420
525
2888
781
-3670
3841
-4823
772
4247
4917
3230
-4857
-3979
-3507
1010
-2406
3953
-2143
-3057
-1316
4880
-3572
-3326
-4929
-4892
-4404
-2174
-265
3743
4229
-2284
4078
-611
2114
77
-779
3837
4758
2510
-729
-1220
-2025
2638
-2637
-346
2949
2135
-4824
2393
4615
-431
-3221
2517
3047
2325
3118
-4703
-1547
1001
-865
4663
-3491
-3841
-3511
1040
4284
4583
680
-1362
1143
330
4148
-3708
2051
4570
4449
-2143
-3707
-3440
-2329
-2730
-766
4423
3967
-3809
3521
2605
-1851
1386
515
2833
-2921
3454
-309
2479
2490
-4066
4113
571
108
-3044
-2636
-170
-2214
-3290
-2347
3676
366
-2711
-4741
-4798
-1145
2234
-3543
-3220
2329
-771
2293
970
1958
-1164
-4381
4446
4986
-4702
-2514
-1284
1250
-4141
-3653
1858
3253
-3343
-4438
-3330
-3540
-258
-96
3100
-2830
-908
-903
4674
113
3909
2506
-1003
1872
-3688
1983
899
3651
-2437
-2946
3602
-2
-2358
236
694
4700
-2485
139
1434
-792
397
-3496
-2794
3941
413
-802
4320
-4932
-2975
2320
-2706
-1749
-2299
3986
1358
-3964
4485
-1070
-4995
-4469
1179
-976
-3658
3863
957
121
2253
291
2286
-2483
-4225
-1319
4237
4703
4613
3313
-4360
-1690
-4617
2692
-67
2507
-2921
-1373
-4085
-3385
-1129
4791
-2608
3360
-178
-3776
4817
-2101
2994
2157
1432
1405
-303
-2113
321
-2856
-348
-3949
-4900
-3314
3457
3422
4891
-4417
1781
410
-1345
-4715
437
-4339
510
945
-3416
-4762
-4239
-2038
-1167
-3527
147
481
2671
-4664
-290
-3301
-1728
-2062
4267
7
-4001
237
-3469
-3974
4040
723
3382
-252
-772
-2714
-395
-4785
-1202
1455
3532
3328
-1635
484
-1725
-651
-4191
-4645
-92
1918
-2904
1745
2381
-3959
-1423
-226
2002
2886
-1072
779
-3620
-3131
1427
-233
-1823
-477
-2524
391
-2242
-4883
-766
4594
-1872
-3753
-1114
1185
-657
-876
3957
-33
662
-3367
382
4499
1422
-4982
-3451
-4552
3751
-2719
1515
2185
-791
4061
-1481
1491
188
947
45
2662
4359
1835
-2201
-3818
2318
-919
-4906
1798
-4708
362
4858
-2316
2203
-3895
-882
2241
-3067
-3972
4257
-3269
-1701
-3128
-3147
749
-4456
729
3833
4950
-1977
1328
219
2614
3253
4385
2436
-2506
-2027
-3231
-1634
-4410
2589
-1325
-2277
-4413
-2459
763
2562
4313
-3526
3188
-1867
3615
420
-2134
-1214
-2331
-3344
3339
-3580
4083
292
2530
-4853
4831
1470
-3344
3255
1850
-4103
856
4036
2326
-1215
733
1226
-1508
355
-2418
-762
3838
-542
2162
-4119
3965
3047
283
4166
4181
-238
3317
-3996
-817
-2383
1569
3851
-3991
4329
2430
-1675
-4215
3691
-106
871
-4522
4076
3191
1413
4772
-922
-3122
3574
-883
-3939
-1823
-2449
-2963
-2220
-2831
3138
3578
-4847
3706
4938
-1947
749
-4454
1970
-2082
-782
3089
3167
-1379
-425
2286
1152
1657
2075
2856
4780
-318
4181
3027
3981
1630
4020
365
-2880
3990
3131
2885
1692
-334
-1228
-2692
-2503
1632
2503
-2856
-2182
-3032
45
-3051
4664
4998
-1591
2179
2794
-4907
-4804
-545
4895
-3706
-4508
-37
914
-4830
3868
-3275
859
-1581
-1645
1481
4155
3041
2248
-1254
1169
-4838
-3712
1841
4523
4735
-183
-120
3849
-2141
4873
365
-2278
-624
1249
404
1751
2505
1449
1349
-4328
3118
1734
-3730
-4290
3893
3618
-523
-4500
3043
-4419
855
2222
-1321
-1275
-4086
-1790
772
-1949
3956
-3206
-4456
-583
-1939
2042
-3181
-3368
-3531
-3501
4965
3506
4217
258
3126
-1161
-1177
-4478
18
-3591
774
4953
-297
334
-2747
3023
-2407
-3656
2688
4801
2742
230
1501
3223
2602
1786
-3734
3959
-2288
1207
-840
4543
1210
2341
-2726
43
-719
-1302
3019
-2753
-4239
462
-4633
-4480
263
4098
-4680
-4940
2760
-3091
525
3044
-1015
-1518
-3565
-231
-350
2233
2504
3458
-1644
3005
-4225
3688
4431
912
-3213
-1293
-421
4870
-462
-2769
-1276
3015
3430
1312
3341
-234
-1378
2347
-2446
2225
-2394
3833
-4202
-3568
1836
3317
-610
-2653
2803
4784
-3857
-3640
3527
-2616
-745
-2065
-825
-411
992
3241
-3913
128
-3157
3420
-2434
-2767
-6
2412
3129
-2586
-1097
-1097
4305
-4814
859
-4807
1456
3652
4930
-4737
2912
2196
-468
938
1137
-1854
-4020
1866
-4451
-3132
-4207
-619
-4929
-808
445
4952
2141
-4414
4728
-426
183
-1057
-3600
2490
-1107
-3677
-1936
3934
2654
683
2386
-1099
2258
-1322
-1039
-3800
-4064
2733
3150
3341
3119
2111
1585
-55
-4842
2033
4870
-45
-3746
-2613
114
1807
-37
-2310
-1766
-2139
-253
-1860
-1373
-1183
735
1690
3365
-4930
-3478
1557
-4333
-258
-4064
4209
3173
2024
233
2444
-1512
3190
-3793
3261
-1466
-1129
717
-4554
-4571
-4632
3430
-3978
-3231
-2091
-3371
-2273
-3015
3502
190
-3986
3218
-2741
-2328
2702
1236
-1892
4504
-757
4045
-700
2913
3397
2935
-2428
-261
-2483
-3875
1402
2480
-3657
2879
-2712
-4463
-331
-3491
-2231
1885
-2610
-4548
-4388
4107
-4767
1778
-2081
-2288
3688
-3108
-2645
-2061
-2768
-2401
1600
-4330
-2686
-461
2112
2246
-4945
4857
-4032
-2603
2306
2205
792
-2986
2290
-2687
-4463
3672
851
-2262
-2278
-1441
-1645
-476
-4075
-4679
-2769
4625
-3454
679
-970
1192
554
-4047
-3657
-144
2158
-3462
2275
-1011
4960
-376
-2477
3820
-2735
-3516
2392
1148
-715
3302
-898
-2342
-1091
4111
-1052
-1566
1432
4206
3025
1295
-1473
1024
-68
2015
-1735
-4512
956
-869
-1870
-2170
3961
2957
3505
-2252
-731
-1070
191
3471
2944
4724
2148
791
3644
-1574
2623
-312
-109
3560
-2354
1566
-1978
594
-1289
-3722
4381
581
-2893
1552
284
2591
4574
-2755
-856
-3612
-3136
-1504
2024
567
-2401
-1743
-2228
-373
4731
-306
-4821
1338
-4283
-163
3147
3277
-549
-1663
527
-2856
-3235
4284
-4499
421
4167
-4479
-3241
-537
1131
549
-4494
-3694
-3531
4129
4879
2470
-4317
-4400
500
-4018
3844
-690
2899
-2327
250
-3927
3832
-4200
1868
4775
3680
-3341
75
1778
-4873
-2003
1405
-3696
3584
-1841
3452
4683
428
1114
-405
-4073
-4403
3485
2755
-1645
1187
-1691
4167
-3433
2691
3068
-1673
4379
-1103
-4189
4789
4571
4419
-1505
-4831
-99
-3115
1806
-2486
-3685
4545
-4166
-411
2074
3087
-843
1548
1526
-1290
-2673
4957
4650
-1678
-1984
2265
-1012
-799
2166
-176
-4879
4430
-2533
1299
2448
366
1542
-1983
907
-184
1923
2284
4840
2659
4138
4055
3014
