104047 815
1943
134
609
5033
8758
7904
6879
4966
5342
9959
9360
932
7918
7866
9198
9380
3835
3049
6019
222
2768
2591
3850
6117
6411
4935
5086
9821
2653
1905
8385
928
7160
8905
8525
7643
8620
5660
5449
1011
9860
6908
9733
4578
4345
3650
7895
7985
21
8495
9403
6985
4947
3969
9565
5661
2257
7904
9808
8331
5751
3379
3751
3479
6163
6958
2636
2233
9501
9045
1039
3578
2361
5278
703
4242
4618
1724
8842
8452
2018
1555
5457
8092
148
2645
7427
6670
2364
9671
4118
3697
1764
8165
6755
5609
8277
9209
9145
3047
3932
1569
7207
616
5193
2243
8435
1135
8024
7634
1910
1364
6276
9370
864
9383
4483
9183
9792
8105
2672
7954
2079
9977
7775
2502
961
4409
5509
3088
2424
2795
1899
9161
3991
8267
5447
9435
4558
1984
6614
7227
2835
1854
5140
9632
2232
131
1918
1763
4523
8586
8639
4706
5296
3648
5985
1292
5153
2964
3006
824
3516
6775
5969
1809
5100
5896
7066
8147
9641
468
7037
5482
4884
7486
9720
192
8508
5553
2089
6749
3129
9353
9539
3649
4299
9498
2560
7486
2669
2651
6880
5126
5233
9570
734
1906
860
6410
71
4071
9663
8958
7844
6506
4251
3245
4071
6651
8255
7308
8821
9204
2691
7261
5269
3636
5028
7773
5454
4748
5738
7248
8808
5872
3971
5553
1150
3274
4734
3218
8298
5323
1695
3838
4662
5535
5150
2846
873
4312
2521
567
2881
1964
5760
3012
5242
1070
4791
2789
4125
8435
2778
3869
8694
1374
9570
8035
1892
4035
4932
4849
9285
9055
8155
9687
4988
6254
766
6751
2815
5806
864
1968
2640
2607
5262
8851
6797
1571
3207
3408
1876
1802
591
4272
4966
1655
2030
8562
9275
2065
2961
6701
8186
8206
6715
9923
2056
2621
5672
543
461
9505
6305
901
2644
5720
3594
8764
9406
1294
8457
1592
6087
4720
9418
419
1674
6574
9802
2614
6606
4497
9193
6557
3368
4532
8173
552
7027
4668
569
203
9324
5196
7959
1110
8114
6180
4576
6157
1844
7086
5415
6850
4115
8184
2525
77
6857
4404
2057
8428
6723
6929
4976
3452
5815
8830
105
5766
1905
5956
4409
5063
529
1721
8166
6389
5161
9300
671
2743
3011
2047
3752
6131
7426
8974
9027
9587
214
1385
2271
9270
9390
3968
9170
862
2228
5980
4014
8505
7381
2699
6462
6044
7923
4914
9992
3266
4260
8353
810
5382
8365
4816
1078
3551
631
9103
306
6122
5673
1653
5773
4223
9237
669
2700
4074
5703
8864
9306
8877
3546
81
3426
1925
9767
6133
6715
6874
8817
9711
3156
3396
821
7290
8072
9798
3642
3080
3374
4236
2051
5870
4002
2354
6086
927
5291
5344
5221
5732
1644
511
6005
640
5788
7180
7406
4675
4922
4498
2294
4126
3060
3232
5663
8716
7671
2446
6568
7263
2106
1225
1988
6810
7694
9923
4827
5713
5418
1054
5570
6845
9100
7893
1742
3655
5392
9236
1107
5934
5525
634
9536
5127
3180
77
1109
3619
456
2383
3889
3920
9306
4782
3739
1634
8542
5042
303
9608
3968
2925
6117
6139
7144
6296
6407
4639
2323
9726
6588
4764
6683
8546
4952
1737
2035
2882
3333
9839
4929
5473
7301
4586
3254
9422
9077
2395
6231
2057
14
5359
2253
3677
112
641
9744
4665
246
6324
3738
6406
9654
4751
4478
5607
3162
6225
2086
1745
7670
7114
7619
9001
236
300
9378
2094
356
6069
9923
971
9699
6287
7957
4885
5368
3679
2219
9502
1166
4961
5570
2897
1107
9965
236
2599
2725
3280
4210
7271
6648
1909
7122
8349
3279
7573
5470
4537
5249
827
8519
4342
9287
225
108
411
310
6931
6278
1527
9093
8337
9419
9082
3119
9922
5503
3969
7528
9393
4139
8323
5685
8900
5841
3899
2758
4608
1873
7964
4269
2686
402
8362
5757
2372
5892
8751
4143
7798
5749
8946
2317
9400
3794
4113
4652
2790
5600
4382
4900
7266
3115
3258
9161
5719
7195
1752
6211
3779
4717
5818
9544
4445
9352
4684
3980
9162
6052
1290
3606
849
9779
5326
8955
8498
3476
7393
5949
6674
7318
3487
3547
643
4169
484
4527
4585
1500
1466
8534
2777
5830
6198
8826
6785
8562
8587
4205
6519
2934
417
4744
1259
3938
4672
8924
446
8300
877
3736
802
2997
334
437
9844
4178
6984
633
7817
9714
8203
5176
1438
1096
2119
2729
6632
5503
9798
7007
7099
6461
8128
3742
7266
3415
1150
3272
9312
547
9388
3202
1519
9583
728
5741
2551
2737
8839
6220
2044
2712
5002
697
4282
6752
4791
3807
3646
1142
8930
1728
7095
9129
2962
6854
2944
7044
5212
1785
1147
659
1418
3728
2034
2066
7096
9430
6732
1523
9417
9512
9595
6451
5392
8306
4930
8720
9818
6414
7111
4263
2709
7821
977
8899
8329
8066
3349
3060
9623
2294
3358
3445
