82802 883
8510
2549
1395
3307
8519
1305
6875
1985
8007
8421
655
6830
81
1007
5300
3346
7307
3313
4989
6674
7800
5947
2103
44
3204
960
9404
8165
87
5499
653
2104
872
1961
9416
2872
3622
6859
9994
8426
2669
2352
7164
9277
5027
1723
7621
3861
2365
3060
7455
9083
7089
1425
9694
3034
4733
4911
5642
7240
2786
7422
3870
1908
5773
3557
1390
4675
4790
4428
9952
6939
2812
3993
9166
1303
8178
8646
9546
6665
7609
3976
4453
9162
5187
2955
1799
1787
7490
3072
3417
2183
36
420
6818
6233
3075
5314
7391
1588
1032
1546
3504
706
9781
5462
9010
215
8498
9750
9279
2922
1858
3741
4631
6805
5959
8513
1287
2607
147
3034
720
539
6001
453
6821
5444
412
591
1852
4909
9970
6951
2277
8987
7376
8633
8204
8568
3951
5755
3897
884
1495
4558
1839
4335
1109
5887
2239
8143
3515
346
8284
2476
6666
8825
4691
8833
5295
9940
9648
9509
5548
7430
2655
9818
9167
7396
9674
61
6934
4398
9408
4936
8462
5833
1875
4471
8119
8036
3749
5186
9547
2729
6091
6833
9207
231
6850
6934
4090
2993
3079
8582
2254
7141
7761
9107
2331
339
8188
7594
2198
4543
9405
4963
2344
9071
6968
6055
2725
2040
765
153
6611
7672
4200
4358
6188
7161
1861
8389
4039
6750
7815
3805
7610
8646
4693
6537
8921
6090
5489
6183
8595
6515
7121
8858
5430
2568
6499
4235
5995
523
3848
2863
1009
8058
4076
4170
4050
2262
1261
10000
6778
9038
9738
3193
6116
8233
8193
8385
2447
1127
1037
4085
7691
8690
9161
1215
7375
2136
2876
5026
8956
2139
9002
7968
7783
9029
1945
7202
3121
6415
6440
3948
3252
1156
3817
2922
9885
699
7384
667
3732
8579
304
9264
1363
5022
6455
5689
5322
1551
9611
57
8324
4597
2018
8702
5018
1799
5429
3561
1614
6480
4340
6473
3541
5373
5284
8886
6167
6395
8464
7748
8592
5650
3767
973
2375
3155
1931
7193
5563
4509
5662
4292
6621
97
985
727
8637
6602
3567
9175
8396
4625
3882
9604
6308
4057
4008
9559
2355
1595
3579
7380
5381
1582
7902
591
8852
171
3480
3382
7768
675
3777
8709
3668
7697
354
2756
5955
6561
1309
6499
8212
7593
632
6287
6557
2169
7405
2226
7301
5697
6314
7130
2501
8581
9364
198
9513
47
387
7058
8893
7241
6766
3542
3332
1168
6186
3209
3495
9083
5509
744
7519
6880
7786
6873
9402
3723
6163
8876
505
977
3074
3766
8301
2463
7
6806
5393
5808
6435
6151
2080
5202
4068
8845
1646
8239
2978
2947
3295
4889
4215
7892
45
6200
3996
1714
5301
6734
608
7012
8691
403
5436
9143
7069
9910
8490
9718
3674
165
9380
5801
7832
4813
1154
4283
1045
6759
2746
4852
6385
5598
2240
5507
7671
2422
7204
8008
7646
3944
2628
4674
163
5034
9597
6862
4255
3095
7199
8603
8172
6186
9311
9311
1283
2459
6490
6306
9473
7913
709
7999
5707
3861
2587
6204
4877
8831
1210
5654
6683
1601
4107
4261
1810
2714
7192
5121
3125
1209
3447
1365
8732
5657
5339
5976
4156
5692
3176
2767
6590
4491
5651
8381
5709
7416
59
2469
1868
6073
1173
8231
5687
3994
7803
282
5506
5912
7082
3731
6473
8913
5878
9828
7779
112
5079
9793
5824
3318
4044
4319
9603
158
8455
982
8812
9504
9962
1733
7966
3742
1549
2717
7669
8651
5676
4615
903
1778
6279
9291
202
1715
5067
1410
867
2885
8728
8849
9863
5484
2018
1260
4432
1441
8299
1098
2020
5039
2251
4287
9761
6591
5809
6129
2269
5934
5834
4065
9650
4655
4689
5906
8886
4255
2473
2769
5453
8435
7445
3956
6642
6905
6564
710
2737
8668
1277
1160
1587
9350
4233
9473
4795
6636
7921
8435
8790
8685
7852
1506
6326
4883
4337
7791
7975
4966
7313
2972
9355
4735
5273
1400
6470
1663
4639
415
550
9340
1485
4173
258
8227
2624
4708
1285
6356
703
6166
1975
6380
8891
2184
31
5343
9582
5590
1875
7051
3473
8851
1875
8930
1674
9957
6948
11
8430
9125
9992
2102
4253
2335
4600
6536
8282
5371
4496
6685
9397
8185
6008
1200
3120
461
7808
6557
6076
1729
8829
7424
9806
7339
3769
7916
2845
2678
8520
2722
37
3449
4156
3183
3934
1061
2672
9889
9744
6090
6113
2386
4519
368
8276
3671
8014
1206
7046
9303
259
5297
1948
9138
9957
1512
9932
3314
9747
42
650
9414
4976
7612
4177
5297
9042
4848
9568
2805
3975
3044
6851
9733
4886
3312
515
9540
7466
2162
9018
2903
8151
1589
2463
95
6641
8881
645
678
1212
9027
3534
2537
6406
2903
5096
3963
3490
3440
2686
9060
9566
907
8005
5749
2715
7130
6059
3147
3733
2030
7004
4783
9070
8662
648
1019
7888
2818
817
6309
8473
8872
6844
2629
5316
9012
1233
4585
3746
4171
1655
8021
348
898
5931
6610
804
878
5355
1630
7198
3676
2428
4653
8389
3264
6440
671
1168
750
1192
2195
8933
8681
5396
9088
3946
7399
3371
5855
7731
6912
9529
3133
4380
6711
6591
8601
4690
229
746
8962
4359
6078
2716
9874
6769
5017
1526
1256
6960
7926
5910
9818
3535
5777
4474
7366
5940
