134295 790
3115
8742
3720
9198
397
3326
967
8535
5670
862
8212
4714
1176
5251
5325
608
9069
5637
9952
8143
1241
4617
3590
951
5965
3688
7767
5434
3296
9813
6858
6727
1859
3829
5559
5339
2342
5549
1717
2493
8729
868
3608
7716
1806
1784
6841
7852
4007
1237
3735
3109
7254
1838
387
4211
8909
9467
199
3254
9395
2162
7194
7599
5578
7657
8208
3383
6677
125
4995
6944
2096
4455
6133
9869
3047
876
3630
7878
8156
6800
3671
607
7440
1294
1326
2686
2389
139
2676
2123
96
6666
6440
4079
6834
4453
1926
4781
9047
3773
4883
568
3841
615
6020
8659
1198
9510
5455
7645
89
7109
5321
3844
718
8880
7435
9147
8153
4787
7739
5957
7353
6811
9674
622
9313
889
332
6697
5927
4282
3870
2785
5078
7467
7995
5905
4876
2477
5344
5244
6777
6257
1841
4607
3535
687
4463
5858
5845
3186
1186
1134
9225
8873
1216
2835
2001
1012
4929
3246
1061
4743
7097
883
4779
8497
8979
257
4479
2174
951
2894
9815
2664
6172
6574
6222
69
1863
9602
8641
5300
6401
6005
3384
1742
6874
8892
8817
1442
7597
9913
7678
5123
610
9439
9796
2400
4075
7525
331
6721
5046
6979
5056
6785
7345
4951
7794
5909
6333
5142
3949
9221
978
5880
1674
6286
4224
9174
345
8897
9910
1191
6771
7736
2133
9497
6286
5002
1215
5205
4140
7842
418
1250
4809
1653
4597
1470
2481
3788
211
861
8449
1851
9511
3176
9210
3349
706
6822
6737
4402
8441
9585
9874
8622
6615
6783
9330
3148
6244
1459
9002
2624
4971
9351
4776
4898
2318
624
8585
2632
5325
3589
738
6608
4595
4845
547
6383
7995
8711
9448
5491
8741
7320
9784
1969
7538
9095
4402
2674
6431
5643
3538
8893
9568
2587
7449
1860
913
209
4652
1215
2050
4859
7822
5872
6035
7873
74
8469
8045
3926
1904
8355
294
595
6055
4649
8545
5187
9841
8650
419
1221
5848
2791
7492
2209
5886
3563
2583
4048
9568
9309
8198
1733
7952
2330
3023
5508
4316
5991
5378
8983
4121
1897
4900
2924
1356
5253
49
9165
3977
1547
1634
5264
7520
3843
6624
573
6633
3499
5338
2316
9955
1682
4001
3813
6226
6620
3538
8828
4204
1607
8443
8231
7801
8134
1465
8502
3787
9807
4789
6013
2859
4936
9097
8372
6390
8183
8882
2328
1296
5994
9896
5553
6612
4351
5712
4586
8273
5172
1595
6215
2720
4758
6014
9637
5078
9329
4863
5114
9542
1453
3333
8532
3202
3880
2311
8427
1230
9869
4113
5583
2246
2292
6743
141
2205
4405
9695
6400
5812
3159
7812
957
1251
9474
4198
8278
6244
8679
281
4150
7359
5326
1779
1378
6498
204
4207
94
5977
4655
526
4750
4062
5542
1002
1637
6287
5553
3828
4630
8374
2637
1849
4544
5233
5830
3286
2374
7129
6158
4767
7064
2068
1623
1581
2420
3371
5779
3751
9370
221
368
5644
7993
2469
9803
7361
8647
5203
8729
9952
6946
1654
7186
4164
2363
6856
3425
2967
9934
7828
7062
7006
3897
5219
4844
6798
2754
9106
3049
479
1685
2584
6241
2567
3459
7326
8060
4900
1340
1036
570
6790
9703
6734
5284
8227
5274
891
4529
3914
5638
8794
5413
454
9637
6188
4270
8072
3988
7466
5114
7883
3482
8619
3020
4235
8715
7131
1552
8327
980
2025
7195
585
4329
8981
8561
9998
962
3357
939
1451
6733
2201
6736
4408
5756
6830
5171
4041
4528
9121
9643
773
9484
7696
6003
538
4934
7880
7514
9802
4644
3356
4527
3972
1030
992
6880
5972
8949
7686
3184
3887
1525
5849
1196
4614
2863
9747
6540
3835
6123
7875
1086
2603
4207
9710
8467
3627
4245
9098
440
5260
2271
1263
4812
2268
5587
21
3569
5899
2391
8839
7657
9322
4534
2065
2674
9567
287
1120
63
3317
5845
6733
1687
3943
9226
7972
9496
4585
1484
4900
3125
5855
8782
2090
4648
6285
3219
2442
4520
5101
1348
8368
5736
6184
5325
5888
1932
6380
921
4971
9075
2728
6081
4588
839
2806
9048
782
1920
9017
3015
2106
2198
9282
7135
4608
836
8494
8994
6807
7809
5434
6335
7550
7806
6537
6548
9866
6003
2951
5309
7957
2087
5986
3870
41
293
2062
8492
4466
9442
9241
705
4914
909
2587
7881
6395
7826
4490
2502
8268
5787
6652
2851
8258
9066
9346
1014
7736
2066
7726
7080
1892
6273
8576
1044
6254
6307
9066
9432
2351
9381
9724
5539
1733
6375
8760
3267
7613
7598
7027
1785
9757
1954
1540
6298
9352
7674
1868
3224
186
8898
6329
9850
3953
1554
6858
1221
5073
3993
4700
3827
4654
4368
4164
2795
4011
378
8164
3524
1844
7061
