916
10
49
40
92
92
7
57
22
49
79
69
25
3
6
89
68
41
42
24
65
34
29
38
43
47
56
89
36
39
44
4
78
14
18
1
100
29
88
30
75
59
55
18
63
34
16
51
25
36
3
19
16
82
83
60
91
20
57
67
16
27
7
21
36
12
15
84
56
14
8
31
70
98
4
17
56
88
96
36
71
14
36
54
59
94
93
76
72
51
25
54
51
22
72
55
64
74
9
90
16
42
18
17
7
57
32
17
65
35
17
90
25
50
86
73
13
85
41
91
78
88
3
55
41
67
24
6
79
100
75
84
89
10
10
99
50
56
2
87
18
75
34
25
85
84
13
56
78
35
85
52
77
54
82
15
63
88
61
2
76
63
49
49
34
96
92
83
24
53
17
84
70
31
85
85
65
64
56
98
7
46
23
18
32
49
87
24
36
86
54
72
87
2
35
87
15
35
21
19
60
16
80
58
60
30
83
90
82
82
61
22
52
67
3
60
25
60
49
11
96
11
59
8
7
33
60
26
40
53
26
31
86
24
44
27
18
79
27
86
97
94
94
27
53
20
62
97
97
46
78
56
54
91
7
64
60
89
6
13
19
72
80
13
54
69
4
64
69
74
7
11
18
45
21
37
37
41
16
52
33
3
28
59
3
89
31
77
87
42
82
79
47
29
28
80
35
54
43
1
69
49
91
1
33
43
1
95
85
49
81
21
44
61
14
89
41
29
8
88
77
83
32
54
91
63
53
28
9
66
42
70
23
49
59
15
51
89
99
24
16
24
69
40
94
6
9
70
88
7
92
76
94
56
89
32
40
30
64
64
52
91
80
31
100
49
64
79
45
20
69
84
87
1
16
71
6
51
83
21
70
50
39
14
37
63
9
2
94
80
77
99
57
50
20
30
3
43
53
18
61
22
79
96
25
97
71
60
31
24
68
28
36
42
79
13
49
64
27
91
37
92
72
55
70
12
83
32
11
35
71
96
19
81
11
60
78
1
67
47
88
43
50
20
44
100
47
68
35
27
35
43
56
27
85
10
75
77
41
91
56
90
46
97
81
42
3
33
95
24
29
58
48
66
100
86
57
89
92
96
12
30
61
86
73
38
91
94
59
50
21
99
3
86
64
23
7
45
90
10
8
8
76
83
9
2
12
74
15
4
89
37
53
32
31
9
41
39
44
41
63
39
11
10
83
14
2
59
19
17
86
27
70
51
93
13
45
97
69
60
57
51
55
41
8
76
29
46
55
24
97
54
45
31
58
3
79
71
18
19
43
44
54
8
42
18
95
66
44
65
91
60
73
36
2
55
81
16
51
64
59
52
28
17
33
25
59
31
12
39
32
48
68
12
4
18
35
91
59
59
17
81
64
62
41
25
38
96
84
74
74
89
34
90
76
35
69
71
89
86
100
13
31
31
68
28
27
48
85
44
83
17
82
59
47
66
4
63
40
9
17
51
72
70
69
15
100
42
59
79
82
56
42
56
38
8
15
79
16
38
66
53
51
99
76
72
40
39
81
3
53
35
18
21
75
21
54
41
19
13
87
34
16
70
65
14
14
88
71
82
80
75
78
5
68
73
24
33
46
94
20
16
3
35
11
44
98
26
14
56
20
85
9
14
79
72
97
71
38
87
99
26
83
19
1
54
71
100
79
46
91
45
35
6
70
70
67
25
30
73
56
99
66
30
87
88
92
80
68
53
18
83
83
97
89
31
33
23
54
6
46
43
68
91
29
8
93
81
39
58
92
5
88
12
40
61
55
44
60
55
85
88
75
100
89
99
5
86
83
21
88
82
52
54
12
52
33
80
65
74
31
31
15
22
30
76
35
53
6
93
38
37
86
42
43
5
77
70
35
37
89
17
4
27
64
3
45
28
99
79
86
73
80
57
12
92
4
23
80
37
98
28
94
1
8
32
14
21
98
6
93
85
6
39
46
3
62
33
86
7
52
59
74
67
20
47
12
83
12
61
4
49
20
1
11
14
51
98
85
63
44
35
30
28
60
13
71
60
94
8
57
5
90
6
99
14
4
16
18
7
75
98
81
15
85
9
91
88
60
55
17
53
68
49
36
36
15
