916
72
100
62
43
13
79
39
55
73
12
27
52
95
92
77
68
31
59
39
19
50
23
93
78
87
66
50
75
18
49
54
39
53
14
69
80
17
77
25
64
10
77
47
5
36
3
7
63
71
90
15
89
18
85
74
96
100
56
84
18
100
20
79
46
25
50
70
15
38
84
21
87
95
13
6
30
53
75
7
49
51
19
75
61
37
33
13
16
62
50
19
7
73
85
86
1
97
90
81
73
28
63
34
27
55
61
14
14
12
75
50
52
97
89
44
48
68
35
100
18
33
20
3
93
53
11
39
76
76
94
25
75
86
87
2
73
22
72
63
100
11
94
5
81
27
11
54
54
61
100
11
24
10
30
36
49
28
45
95
44
71
84
11
40
39
13
18
18
1
8
53
74
72
9
72
17
3
25
90
43
15
54
19
4
37
79
12
15
38
59
23
68
95
96
51
20
79
32
53
8
10
35
62
12
53
34
8
93
18
72
70
32
86
18
5
18
56
78
41
52
24
8
27
66
76
19
40
49
15
31
16
30
34
22
60
10
74
65
36
16
63
82
23
16
35
93
19
68
27
74
26
3
9
16
38
25
59
26
17
78
4
33
5
49
46
41
74
38
83
96
44
12
40
42
45
26
33
79
42
69
10
82
22
51
60
47
79
30
37
81
26
13
59
5
84
14
59
78
10
64
38
21
96
67
27
57
69
2
10
86
16
27
23
32
65
93
27
39
47
84
28
43
25
37
46
33
22
9
15
83
7
26
28
42
32
92
59
44
71
5
68
62
100
65
100
92
96
96
18
62
62
97
23
80
22
83
12
55
58
22
78
44
55
28
6
20
33
92
40
80
13
20
51
62
99
74
37
7
38
72
28
45
4
64
27
99
88
47
9
88
32
33
27
8
97
35
63
50
35
56
60
41
19
87
9
86
84
57
12
70
8
70
43
95
3
4
57
21
81
93
30
49
31
4
17
97
80
3
95
38
89
38
82
56
95
83
75
55
72
19
49
27
95
37
8
88
22
84
59
17
80
97
14
88
61
94
98
55
39
78
89
36
45
19
71
55
41
95
72
1
38
85
1
52
90
80
47
25
84
85
11
44
70
82
44
73
74
66
36
74
94
90
36
4
47
67
16
16
85
70
29
13
76
25
17
66
43
38
18
42
70
50
54
23
11
27
75
78
60
63
37
90
18
47
85
42
57
73
77
11
26
56
56
4
71
29
23
5
65
26
52
75
49
81
59
84
70
17
33
98
29
45
60
58
85
67
73
13
94
49
80
68
40
100
13
17
69
96
84
66
88
4
30
8
2
77
53
51
57
12
1
11
63
64
59
43
79
27
19
11
37
94
90
67
88
41
21
86
50
54
85
20
90
11
88
77
22
32
66
43
1
42
24
77
72
42
52
23
2
96
99
58
65
73
11
50
50
61
87
78
96
98
5
8
40
76
84
19
49
31
69
51
48
21
93
94
7
13
73
51
98
28
97
60
17
19
2
28
48
52
77
43
66
32
5
27
89
87
61
74
30
28
76
24
58
48
63
18
45
45
58
45
92
4
78
16
71
23
4
36
4
87
26
89
31
41
74
22
59
78
88
66
35
14
71
64
87
83
39
72
65
65
72
53
80
17
80
65
92
100
10
80
97
38
83
55
54
89
54
4
31
22
62
97
74
73
19
61
36
38
6
79
47
14
93
16
65
87
19
4
1
43
87
84
13
71
6
86
49
100
73
12
53
68
59
78
8
48
26
79
30
67
5
45
14
13
93
12
55
62
97
31
100
92
28
41
21
44
56
30
71
39
9
59
85
5
85
78
95
53
55
81
87
94
31
42
89
57
43
82
68
65
89
84
16
87
25
11
25
52
1
68
58
8
52
25
19
59
7
35
7
20
73
35
75
4
20
75
25
5
71
55
45
97
25
45
23
62
66
1
48
85
90
88
48
52
37
93
45
1
99
52
5
75
15
6
39
58
89
76
75
88
60
89
52
99
51
19
49
62
43
80
58
33
96
57
84
21
39
49
31
56
83
20
8
75
27
13
8
10
100
50
73
84
28
74
76
55
9
76
61
16
1
45
72
74
