121870 910
7274
2767
6079
187
9432
6142
843
7527
4893
7664
603
4142
2331
8941
5948
9550
838
174
2517
5867
2487
3060
6515
1990
2811
6551
2726
6207
2406
4758
4746
7958
9665
996
6936
2621
5785
9021
380
4558
6548
2392
5013
4266
5761
5290
5704
9252
1730
7279
7134
1335
6933
9874
732
744
32
8373
2189
337
2654
5067
7529
7332
8830
7481
3832
9202
4841
2104
5117
9661
3494
2223
8866
764
6
4642
9507
9345
7353
4906
3296
2309
937
9966
5235
9151
1699
1567
3973
1024
1655
1446
2176
3392
4064
2882
1700
3759
5320
5072
2063
1939
73
4189
8411
9151
575
769
830
9243
7127
6001
9208
1775
8642
3935
4878
1579
6893
4865
2323
5972
9554
6535
5367
5164
8486
9228
8659
9447
4690
8856
8162
1097
2472
7310
4889
1615
3075
2034
4640
5901
8571
7178
5225
8810
6720
522
1810
7892
7043
8298
5519
5742
4768
7900
5294
745
4095
6506
7659
3484
7343
1768
2549
4831
6088
9093
750
6210
586
5073
4620
3131
1903
7553
1611
1515
994
408
8900
1524
5732
6764
3074
2365
2640
4311
3058
5491
3738
6558
2752
8592
6268
2729
3050
261
3851
2178
3575
8055
4049
4930
7753
9473
6748
5112
6178
5249
5679
3724
1851
9715
9043
1810
7385
154
6691
3328
2297
936
8099
7588
1931
5209
7392
1101
2730
3832
7968
4484
8420
4883
6792
7390
3123
698
1909
8346
9889
1962
4640
7540
9094
3722
2821
6410
6234
4442
2433
5048
3329
2384
5324
749
4028
9085
9379
5998
6051
1945
1201
5356
8774
7955
7457
3117
6181
8374
1571
6959
2372
5963
6058
4046
5454
5255
4137
5977
2705
2767
527
1814
7511
2268
4646
815
289
4517
9014
3389
6209
6004
4816
4808
4243
1148
4510
3489
4974
3892
2794
6005
9282
8627
7363
4561
3698
7660
6499
6413
5126
4897
225
3689
9211
5393
5678
7550
5421
8806
4866
1364
6924
3807
7466
8599
694
372
8171
9359
2162
7883
3930
163
8981
6451
5002
589
2908
8922
1806
92
3677
6994
8366
1291
5601
122
7033
4204
5901
7880
1120
5626
9444
3344
4280
6448
8094
3279
7826
3455
6404
3264
4125
6196
2364
6996
819
3440
1868
8081
8082
2127
4615
5223
7357
1620
3952
8600
3790
6592
870
8010
4986
6282
9246
9833
6439
4639
1512
4754
5040
6523
3267
7263
9974
4952
7040
8572
5223
8669
5134
8590
83
1920
6862
7805
7324
6648
4406
2919
6225
8216
7184
8069
6607
6382
2927
5687
3550
4917
1920
6294
5126
6424
9385
6816
56
8633
113
6427
4233
3158
1480
47
592
1569
664
5011
2586
1976
5696
3405
4085
8009
3593
2600
3730
1285
7664
9559
8293
5540
7884
9510
486
5610
6002
126
1012
7052
2698
9739
880
9147
7727
8607
721
280
4045
4093
2625
6167
7490
3941
4188
2862
7577
2374
5184
5910
6334
4686
93
1666
2813
8311
6468
5223
3379
7985
1941
2968
771
9621
5592
6875
2645
1541
7613
178
7404
1972
7301
6733
211
2045
2031
5924
5999
6941
3033
7623
3552
7765
1942
2680
5450
274
1497
5116
2985
8174
9413
731
8457
3134
7877
1437
2155
1141
4753
5931
9958
1403
3262
4297
7739
1217
7733
1455
7444
5569
7602
5264
7953
9713
1626
3172
9860
6382
3797
7333
2228
6856
9100
8777
6928
6475
4215
4426
5616
2342
4833
383
1011
3219
5796
2673
819
3843
7608
8918
1915
3317
4037
5019
71
2296
6060
3688
7550
9416
9806
9010
2294
6898
4251
4718
2095
5602
2013
7428
3464
4001
2261
3362
9667
836
2715
4509
2401
7885
109
7367
4596
7761
9551
4304
4200
5131
6853
7237
5312
3757
2916
3250
3956
7236
2613
8846
6605
3753
1206
6642
7129
6665
3802
780
5269
4678
6294
7431
9622
3407
8729
7733
8870
4550
6405
9225
6822
7041
6132
7053
3535
3558
5401
5387
478
8295
7516
7280
8565
2063
963
2148
1323
6210
3699
4648
5057
7756
3695
1911
5214
1563
9517
4200
6403
7010
8618
2861
3801
6938
5410
2741
4693
8413
6664
5981
1133
3231
8392
1900
1359
8102
5552
4932
2106
9220
4664
3634
7062
9076
3412
2373
8102
7226
979
6366
9583
7704
3395
7154
2710
9572
6552
5825
1275
6095
4230
2669
7796
6702
983
7826
9935
6197
503
4086
2644
4602
9033
754
2128
1335
6568
1549
482
6770
4943
5686
4238
4499
2739
2255
3259
7235
8985
6781
1300
6573
9289
2800
5243
28
8343
9310
6981
7278
5436
8002
1233
4248
2764
7499
8371
2814
6333
5604
936
901
1779
2123
3643
1496
7851
864
629
4698
8349
1017
2629
814
9434
945
1403
5387
7321
1092
3755
5116
2684
5178
9386
7191
4423
1575
6816
5024
3270
3601
2046
7133
118
5357
4478
9492
7371
4477
413
3454
3349
7987
5472
429
7907
3204
6963
9856
3269
3816
1944
264
3269
6160
5936
7602
1307
5565
1186
6681
6866
7542
6263
5840
7611
9945
1347
74
6706
2772
8911
7579
5203
7130
9265
4989
6511
9517
684
2337
3115
1591
7538
7676
4801
825
9460
5421
4074
1695
1542
477
2223
429
6629
8740
8347
4765
2486
8279
8874
3935
4771
5673
874
3551
9126
8252
1827
8252
9304
9236
4378
7811
3989
8731
3370
7667
8276
7520
326
5658
923
7078
7141
3435
9588
1059
9263
6640
7562
465
9977
7493
3757
6218
1014
7572
4580
5760
761
668
