68450 796
3386
37
7427
8097
2595
729
4797
9594
1447
9819
2165
9362
6824
7708
3794
7054
4385
4670
1269
6898
1636
4372
275
7351
106
7013
691
6055
4705
2887
4632
7846
9709
5628
705
6269
1453
190
1058
1228
7518
1053
1188
4485
2751
8763
6973
8704
2969
1948
7669
1275
3772
7846
1396
8483
9846
7457
2595
9088
142
9173
5443
9352
5716
4152
8052
3659
4522
1127
4803
160
2683
1488
6612
2954
9440
35
153
7653
4689
4970
3190
4900
8726
8416
3372
3787
6448
4608
7703
60
3635
5945
7672
9323
3513
3781
7266
5264
2222
264
7573
4513
527
5884
4524
927
1301
9902
2117
3687
2188
9540
8949
6608
333
3067
3102
285
7163
72
351
5194
893
8686
6885
6000
519
9293
885
6028
4517
1017
832
4030
3123
9981
9843
1278
8434
7395
6149
6659
2477
1625
7079
548
8593
3508
6345
4232
8137
5099
2730
6279
7033
7876
7573
9407
2026
4014
883
1579
8981
775
8301
2137
5625
7423
1931
7736
7289
8225
1322
1782
8713
1689
2070
5447
2027
5804
7127
3852
7684
6428
1798
6248
5976
5839
2988
9966
7024
9031
8921
4312
9140
2802
9292
4366
2489
3915
8477
4159
3354
7630
1553
3532
3670
110
2915
1105
4315
4559
9863
3016
9617
6465
6047
1027
1922
8963
8344
9585
1217
4680
8906
746
9297
3682
9480
199
9483
9222
5254
2944
6588
5294
1273
6376
2570
6013
115
1475
723
5743
5368
8878
7815
4848
2016
2269
8910
5618
6621
1809
8521
1667
3053
835
4949
3192
4280
6594
8568
6974
8794
8706
5841
7111
6190
4045
3762
8501
4643
3255
6142
4445
4159
136
8871
4082
4085
4716
9491
1277
1303
9049
2195
493
722
1647
606
7477
4858
1659
5618
8439
9086
4087
3225
2093
7491
1446
3238
7230
8150
1150
813
227
1333
1581
5116
7906
6712
9692
6199
9372
1320
453
630
1077
852
1361
5354
4047
6736
6115
2347
7466
5415
7279
5033
5450
3491
2339
5668
8989
4115
9745
500
7602
188
2090
9103
3020
315
6562
477
1561
521
4671
8726
1776
9638
3526
7554
4227
6881
3549
2106
4383
3221
9658
3017
5558
9251
6532
9274
2689
6496
4182
5513
1714
9395
7861
5738
431
6891
1287
6940
2297
2193
127
9305
7100
7695
9762
594
6874
8573
5970
8076
561
8582
7818
2109
2049
8938
1465
1963
5305
8370
8355
2223
3843
6908
3172
9138
4753
4301
8815
697
7333
5003
691
3771
4759
8330
2175
3869
8219
5704
3274
6153
9345
9366
8986
1615
7454
1960
8346
1917
5822
1346
5226
3367
2810
2602
6160
2197
8805
1144
8665
1765
8182
5232
6486
3819
7767
4249
2531
5582
2915
1255
716
4186
6422
5181
6036
6335
6278
1671
9637
1881
3921
2503
3460
7880
6250
645
4828
7298
8500
9967
9699
7478
2717
2561
6039
2284
9760
6730
5290
5382
3006
9240
9745
5031
2365
3174
9014
2605
1858
6148
214
212
6465
7172
7924
9819
7756
8965
1794
3448
9603
3861
51
210
2512
4260
7617
2402
3161
1177
6847
2756
5975
7896
7085
347
9660
620
3488
2901
922
9779
3773
8407
6971
9911
4934
7484
2341
5488
1319
1473
2290
1317
1712
6051
6068
1955
2751
8982
657
5485
256
4980
5647
6232
3621
8936
21
8463
8415
7041
4544
5957
6217
8969
9856
6538
2326
7393
986
3866
358
3827
3219
1430
3007
7209
6754
1774
9278
5098
9476
6278
1025
4406
7474
9742
9017
1319
2724
4937
4688
3573
5302
844
9406
6465
6200
989
4683
5720
8634
4599
5029
9219
9006
2449
373
6475
7175
6906
7573
6099
3662
9625
5197
385
8155
5261
6367
7518
2501
997
3793
4817
2767
2736
3473
6475
5054
3511
2413
9163
310
9219
462
5164
5863
6851
9108
2454
3261
9317
7926
950
5500
4858
891
241
5636
1398
3339
4640
160
7197
8811
4532
6009
5046
365
5350
9803
1945
4535
3330
839
1182
9342
5051
778
9170
9030
2566
7480
9992
8032
5806
6061
6014
7191
2897
3720
2326
9422
9272
8599
5833
9141
6075
7956
2809
4437
1603
2743
3294
7985
2288
8063
8406
4371
8600
470
852
8031
6849
930
262
7352
9348
9533
9715
8477
7351
4763
8827
7922
4502
7468
3789
9336
279
69
1096
7219
598
5887
1454
5449
9337
3752
3857
3553
8098
615
9065
3098
56
501
3039
854
1229
3785
5935
5681
3994
8804
822
8099
773
6393
8425
141
98
9276
783
1377
1457
9237
4330
3077
8465
2560
8507
484
6
8982
1681
4879
2964
8319
3687
9620
576
37
8828
9237
6936
357
7849
4745
8402
3024
2298
1981
3498
2528
9490
3776
5139
7903
7114
1802
4947
8406
6478
9571
9802
9418
601
7038
