72477 878
7468
272
5310
1072
3086
1186
7081
5421
9336
9374
1551
9244
4559
5320
7347
9392
9897
1816
8466
6584
4282
255
7518
4211
4430
3133
3644
453
9514
9962
2391
2503
948
988
2285
3717
8908
7089
6679
7835
4336
9599
122
4394
1350
7221
2009
6196
6203
9343
9909
1525
2686
4246
1177
2059
1954
1283
599
779
5393
8587
4380
6774
7094
59
3712
5271
1217
4762
8727
5306
7645
9516
6058
170
7320
1196
6461
618
8047
1038
9638
9678
1651
9898
4441
2156
4949
9388
6675
2347
918
5893
8353
3753
3860
7869
7425
1993
8090
1918
1645
8921
6826
8692
2112
1486
7345
325
7622
1189
2711
7481
6578
6490
5317
2569
1837
5120
6816
7139
4928
9526
1885
3688
4487
3899
1630
7327
3294
2361
5008
6726
54
8820
3146
9404
4810
3362
7690
5653
3614
7638
1225
2222
7699
5469
3028
501
4629
7887
3693
3968
5510
9122
3012
2875
4126
236
3784
2886
9119
599
2735
490
4766
9016
4900
4956
5429
8756
9219
1222
6172
9010
1319
6457
2749
7034
2184
9631
3704
239
5448
2676
8489
2018
2099
8775
935
1930
4779
3082
9883
6680
6581
2711
7710
5473
1757
7844
9035
4611
5458
8583
5743
5316
1663
7945
1055
2968
1447
7696
5131
5903
5201
3294
4550
3143
6386
2970
5318
7669
9818
2340
1940
4301
8399
8646
5217
6879
8294
6476
8290
4296
9787
7928
314
4611
6113
8459
2240
107
9430
5530
1505
2986
4290
8802
8641
4261
7709
291
1002
6244
1689
7852
2646
4154
7569
6099
2324
2616
2184
133
9288
4036
7640
2247
9173
1141
8098
9430
9332
4289
6673
2396
3903
8361
416
1943
8389
92
4303
8563
2778
3345
4918
4374
7686
7321
6675
3901
6494
2948
7910
7347
9437
2990
906
5442
9410
8812
9073
4685
60
700
7126
2949
5625
81
2565
5155
4010
252
9362
4428
3063
6646
7863
7654
1576
1612
6047
8709
4296
3934
4751
3882
1706
8661
2895
1664
5689
9935
2019
8292
8360
6463
817
3933
7462
1163
9424
8447
7509
8491
2361
1950
1872
6503
7901
7662
7940
1602
2378
9460
9006
1089
6830
8491
3823
5996
5443
9794
9071
8664
2832
7542
9457
4216
7356
9689
1675
9546
4369
3881
121
7957
1638
1291
8931
8159
9976
1893
7994
5163
3992
4676
3679
9818
5795
7716
1823
4786
9763
2358
8935
5570
4652
6316
42
8759
6427
1901
9897
7075
8369
3178
4530
2810
4329
9227
9068
7662
1403
8667
5507
3372
7581
936
8586
634
4485
2530
1206
7251
6086
9905
6866
5755
7915
7599
185
3526
7379
6421
8181
384
5048
1574
229
6445
826
4590
4657
6177
315
4555
1641
4170
5464
2538
6224
6883
6179
9772
4476
8750
7193
3228
6364
2703
198
9178
3849
6021
3384
9487
926
1211
709
6850
8414
6565
6878
7933
3761
8169
2236
3274
8150
5509
2436
701
382
1973
3342
7279
3578
4603
4738
447
6113
9701
5898
6919
135
165
9888
5698
5074
8572
9212
3663
107
6783
7594
5502
5311
5852
9629
4161
972
9860
6397
3718
5388
7315
4079
4918
1400
7143
4424
9971
8151
1052
9350
9239
6859
2576
1348
113
2236
125
9098
1373
2340
5088
1143
968
1430
948
9631
2710
2044
8487
9096
7220
3701
7945
1528
4809
6762
9899
3045
604
4769
5797
2052
137
3777
3353
2206
7711
6765
9166
6271
6316
8120
4670
519
4599
7278
3634
281
4374
7800
7703
8685
676
8206
2712
9892
4683
1513
4251
6609
177
9025
2164
7195
7386
2447
9236
6956
9837
9969
3800
5961
9670
3582
6001
7238
4312
282
3494
6009
5474
3180
339
3406
4174
4427
9123
5717
2376
684
70
111
4232
6203
885
5731
6377
4626
1275
1031
1791
4371
763
662
4890
2417
7961
6706
266
6099
5119
7419
335
3195
3712
4188
2325
281
1601
4871
4066
4894
2503
1352
8143
3111
2790
7128
8835
4049
8276
91
9658
4968
863
3771
6245
9975
1914
6319
4147
1125
6207
1465
5805
1729
9919
4673
993
3510
407
5893
4087
5168
3635
455
9985
7896
6483
6261
560
313
898
4394
1167
9225
4695
7652
1369
4310
2441
3269
628
3359
4759
6657
1658
2274
8831
3703
8238
2320
5450
1847
4720
5013
3279
8411
6372
7281
1077
1342
2811
7262
5125
6292
4289
3066
5660
7504
8387
6491
3002
7153
3165
7843
5514
9840
1434
3205
7676
24
5843
2236
6242
1169
1720
1501
5066
7228
157
8525
9765
1570
2016
1111
7655
9318
9826
3435
4011
2919
979
2656
6677
190
5050
9987
2466
9744
1921
9358
3627
1162
5338
3669
7164
4243
7343
558
3364
570
8549
9602
6271
5265
1075
3330
7806
2377
4116
1148
4151
3705
8284
2135
3614
1642
2139
3898
7648
2472
6508
4515
1065
5626
9255
98
561
8948
8123
7776
5896
4501
8658
3709
8910
983
5424
8803
9089
3751
7176
5996
520
7163
6493
361
8913
990
2647
9618
5991
5020
495
7889
4654
6277
3841
5174
4662
4001
9332
7974
8652
3988
601
3429
7860
6933
1520
1218
8973
7924
1581
3202
5021
825
4856
3239
6602
4024
9632
9523
5204
4703
5214
6065
2698
2764
3393
4541
9565
537
4108
151
5641
5547
892
