84717 782
9206
4204
7558
1178
4520
4997
2842
9924
1979
796
3698
3886
8643
7455
7449
5987
7583
8196
4730
7137
1445
5512
4392
4207
3495
8946
1679
6161
300
7147
3022
9104
2295
1376
3095
8066
201
3932
261
7594
2463
9573
468
4599
6450
5505
3829
7392
3827
7791
343
1191
7242
8081
329
50
5341
9451
4930
4736
8252
2547
1009
287
4740
4230
3312
6644
2722
2640
1210
432
4238
6890
3127
8656
5835
349
9339
2027
4075
9307
7756
8007
3502
8021
3583
6304
3331
2606
4241
9187
3481
6008
9721
5541
9967
4458
1227
5951
7277
2393
9466
7197
2364
5718
8450
8464
8717
6023
6022
8779
8558
5407
5353
580
1602
8081
5260
3585
1454
4741
418
9847
1580
234
8047
3156
4891
8779
4349
4406
1702
6576
4768
3937
2021
231
908
3318
4031
9086
2886
5510
993
7609
7428
3115
7521
2579
9461
2248
9533
6700
1129
5315
3906
4041
7311
8039
5586
353
4244
9686
1286
2758
2469
226
3738
6401
1884
8004
2659
7955
7958
1223
7165
1524
6061
4643
9552
7728
8568
3139
7177
8235
1390
1985
6135
4748
6973
8724
908
4263
9366
9768
3948
5111
1652
4410
9909
289
7637
6196
1680
3345
845
3382
5105
5715
7002
2209
7059
6451
4425
8375
4853
5024
5209
3468
7542
4547
4375
85
3072
3665
5578
4293
9444
5035
6342
9245
5110
9141
7862
2199
3016
183
3891
2319
2160
3099
2114
3465
1100
7044
1933
5554
8886
4132
462
5266
5694
8137
6813
1389
9402
3115
4964
7267
7688
2077
5366
2170
3905
5283
8011
9186
9647
3164
3461
4613
2297
6274
6231
163
3547
1067
2498
3165
71
1393
3728
9335
1868
6269
4926
9982
560
514
9450
1299
8333
8002
4282
631
3210
2251
8113
5004
2215
8912
9386
5486
4726
1777
8622
9205
6841
2824
3031
5817
2078
6179
9973
8919
5846
8053
4616
8774
8305
1281
9455
8458
4323
7445
5779
1869
1129
5934
2410
408
1034
6115
2749
7035
1166
9884
6392
1251
2335
1250
7858
314
2283
3912
3137
2460
9006
7665
7128
80
1208
502
6937
1939
1064
9412
4136
6918
6021
3988
9156
7596
4604
9369
3254
6591
1764
8381
9744
3212
7012
9636
9563
7985
9137
4726
9462
7671
5973
3544
6706
5248
5675
5982
7264
880
3884
7670
534
4247
6869
3198
7602
7897
5851
6492
4293
379
2714
4124
5785
8717
9930
7594
961
9925
6154
7718
8958
5698
1613
1281
9120
3222
2442
9385
4231
90
4049
2194
9121
5563
530
5272
8411
2630
8394
110
8835
4090
2033
6057
1591
7932
5724
4702
6264
3686
5939
539
5516
3359
3766
3596
8287
8039
1783
4708
9639
393
2320
8180
1351
4384
4781
5196
9855
3922
1309
1554
7957
6724
1318
8615
4178
9661
2804
5279
6624
7944
1566
3020
3551
177
2796
7335
3711
3153
9221
9874
4817
2498
1964
3973
5376
1951
908
7683
8692
9687
5798
7876
7964
1286
7240
2592
1488
8987
4407
6588
6298
6832
157
8476
4244
5065
2536
411
9151
4532
4502
508
5707
6945
7018
6214
9193
6555
8231
1201
1642
1724
2800
7911
4277
9780
3477
2590
4183
3767
1369
4647
7107
9027
6678
4720
1497
2621
7006
349
9682
4796
9579
6532
8958
7138
1321
2900
7623
1682
392
4184
4872
4947
4739
2854
3070
3577
4029
7566
2252
5492
9040
7149
6349
6568
5886
3236
6533
7352
3351
9222
9475
1016
6982
6893
2192
3831
9517
2230
8342
7635
7623
380
2395
6217
3218
9923
6598
8464
6666
9386
7981
5658
95
46
8724
8131
5870
9513
3343
8937
9859
3586
6095
2787
1980
6766
7822
353
2032
891
241
1274
5905
8556
4860
3100
3690
5985
3826
5782
7198
1841
8183
3798
2488
5238
8519
4400
5141
304
1641
3619
3910
6229
5351
4467
9115
1235
9583
6819
9401
9567
3710
1171
9844
2133
6687
7713
6524
8632
8914
1867
8762
3609
7585
7900
4114
374
3689
5286
3974
3076
1779
8986
9006
3684
9468
1795
8763
9676
8393
1765
8814
5694
843
455
1131
8707
5272
9155
3292
4082
3410
9454
793
68
6814
6171
3949
6724
1900
4
1864
9812
5037
2058
5664
4659
1944
3787
7442
7773
5585
3227
6185
8610
358
7915
9037
2819
6440
841
6747
975
8735
8908
9397
4440
9897
8500
1477
717
1625
3190
9968
76
5296
2527
1810
2294
9965
7238
3793
5178
763
3942
6558
8103
2101
6893
7926
8992
8743
4325
8231
5641
6745
9536
310
8623
8191
3301
7762
7475
2117
9779
9742
2418
2472
6387
9694
871
8815
4728
839
2016
1144
8376
578
3818
8325
8396
6687
2554
6287
5275
5868
2276
