791
97
41
39
50
20
55
85
39
82
15
10
19
12
18
33
63
34
83
21
61
10
21
81
100
57
5
73
76
67
6
63
75
51
41
22
57
33
5
33
86
72
82
26
16
3
26
50
96
81
16
6
84
21
39
77
47
24
40
77
49
83
10
26
81
41
11
37
59
50
27
77
43
73
90
43
15
26
49
42
84
48
57
6
25
78
76
56
99
10
10
13
72
55
56
25
95
91
23
1
94
4
25
26
51
34
40
80
45
26
29
20
61
58
20
85
41
68
89
94
72
58
31
91
21
68
43
56
34
72
64
81
79
47
50
53
65
87
70
43
16
3
82
25
22
50
78
36
27
20
98
40
18
99
42
18
39
64
84
37
46
65
87
70
87
78
25
84
95
73
61
38
60
46
29
16
98
18
79
46
50
17
7
16
94
26
51
22
56
67
100
100
73
34
57
73
86
69
44
39
50
90
49
56
63
97
58
37
17
59
84
28
59
53
95
92
63
7
74
19
32
34
38
53
85
80
1
6
73
81
41
15
99
1
99
31
67
64
92
70
12
10
64
89
86
84
42
34
89
58
18
95
18
21
64
18
90
21
53
38
94
41
53
97
41
74
72
17
6
33
93
16
74
57
21
61
59
34
8
69
77
21
78
94
43
78
63
74
74
9
14
94
99
62
89
38
52
100
25
13
25
17
56
33
49
99
39
24
20
7
74
100
2
7
8
60
72
86
84
55
21
31
49
13
57
84
68
74
99
77
53
32
2
95
41
52
1
92
27
80
14
22
42
34
72
72
86
34
60
61
73
64
69
65
63
11
56
63
29
29
58
5
73
37
30
17
34
31
24
84
20
8
71
22
92
9
82
86
73
48
53
18
79
53
98
55
84
75
34
53
35
6
19
36
20
89
94
58
100
21
46
77
16
87
97
100
35
99
24
79
39
40
9
91
15
54
59
41
21
25
20
40
5
77
100
25
76
64
61
51
96
42
74
91
32
78
90
23
29
86
36
63
71
75
61
47
92
89
48
30
57
38
92
11
40
41
17
26
26
33
4
88
20
58
51
24
4
64
2
96
29
13
61
29
38
17
92
81
29
16
11
69
36
82
92
95
73
46
7
17
83
76
32
56
3
84
76
60
5
48
89
5
46
15
54
39
11
17
54
69
93
91
89
8
15
43
53
40
100
68
48
99
98
79
15
62
50
88
9
81
67
52
72
88
48
11
24
24
44
62
51
85
66
67
89
90
62
78
20
82
64
72
52
27
31
5
24
17
22
85
52
18
87
44
51
82
32
8
24
32
7
56
97
24
18
24
46
70
89
84
65
8
100
64
65
95
17
73
88
27
75
76
81
89
34
2
49
76
41
35
92
51
65
79
63
61
69
82
46
89
37
71
33
68
92
87
22
65
78
46
15
31
80
25
43
47
38
42
31
14
89
98
55
79
53
18
22
18
76
57
37
81
90
33
93
91
80
72
70
34
19
44
62
82
55
35
89
21
65
28
86
28
92
59
68
32
53
95
93
51
69
53
41
19
6
39
69
10
65
39
79
68
40
5
48
6
52
83
25
51
22
63
85
75
95
41
45
42
23
68
54
53
8
16
26
91
76
18
39
81
5
63
27
93
27
100
46
18
99
62
55
55
14
6
72
36
90
39
92
25
26
36
70
42
77
79
27
20
60
53
48
67
19
6
73
68
95
13
61
88
16
64
69
57
64
79
76
50
23
40
69
5
16
35
9
82
50
29
10
62
42
51
97
61
20
24
63
14
71
7
5
86
50
88
90
16
13
55
83
25
51
91
