125582 973
3715
3795
1488
9833
6513
3642
6333
6162
7759
617
2926
6389
4465
567
7088
3646
1096
3040
9530
2590
9380
5694
7343
3455
2108
8130
8890
8563
1931
3445
3137
8504
8588
2159
1921
2146
4136
1796
3563
709
2581
7051
1209
6978
7147
5053
8753
2235
2140
4709
403
40
9368
5929
6849
944
1406
2412
4382
1053
6511
6699
4492
2118
4277
752
7464
3823
1924
2021
1849
6887
114
8671
2425
8841
515
7104
1108
2416
8326
6406
6684
9750
6472
2498
7737
359
5548
726
7954
4443
7286
6749
5926
8194
9914
5084
9887
7366
7907
1651
9378
712
3563
3881
8596
5341
3827
9501
6292
2560
1074
7154
5953
8415
5930
5015
5193
1030
2112
8755
2884
4058
934
7000
9438
442
4071
504
139
2804
7110
4707
6917
7365
7228
4678
4478
3611
5642
1272
632
193
9347
6878
2736
4648
545
9853
1369
3557
3788
6846
9352
2361
2663
9654
6222
514
7077
9462
3778
1183
6214
3593
7912
1038
9417
3741
4498
2145
7512
2620
1433
1535
3052
9265
7384
1495
1464
2144
9628
7105
1956
4424
7998
6089
415
6109
7424
6894
106
1639
5751
3642
467
4708
6046
1750
5214
7253
9894
4679
2825
2852
1529
4776
5741
1184
8608
6808
3537
6360
7166
1226
4901
813
7410
172
6246
4762
600
6865
9978
9985
5792
6316
3295
994
676
4783
3089
4978
2174
7399
8430
1209
2436
7851
765
48
9768
5206
7234
1522
3625
3090
6081
9407
7409
440
6030
4675
2121
7509
6910
2309
6359
8741
4004
3994
304
2587
9715
3260
3417
1406
3187
1246
3738
9133
8409
1069
518
8258
8850
7720
1043
670
2466
5650
4302
612
9153
1113
5507
3537
7214
6062
4708
7270
7406
5344
7334
6780
6550
8848
7034
7324
6718
5387
6806
9268
6487
870
423
9414
6089
1329
4896
4072
8853
3838
56
7145
4975
9570
4324
5094
9680
7489
4660
1931
9443
155
7966
4825
2476
6939
4697
8340
2485
5988
663
199
8668
961
3756
3980
1227
1594
2173
3499
8624
5494
858
587
5781
2305
2829
3783
1891
5364
9541
5124
7434
3630
7362
9938
860
3451
1520
2796
274
2239
9570
2499
6932
9041
1508
9186
8851
2
9607
7870
6713
9510
9653
4863
1212
7618
4068
7940
7417
7095
9175
8346
5499
6065
687
7079
9681
2639
6189
128
64
8422
7800
2203
8816
7149
3246
1111
7716
2818
5103
803
1129
4076
9380
7486
1028
8201
8940
3682
1796
7613
1612
287
9843
7641
4168
2021
1509
3243
2474
8620
4154
3033
3583
8334
8376
3359
8774
115
2434
4498
521
8474
2342
8725
5864
9066
2198
617
1768
2133
6839
9907
8520
8034
9416
5406
8366
8891
8144
5911
7624
7090
8432
7158
125
377
2961
5710
6128
4649
2773
1494
530
1014
3336
3381
5126
2040
5565
4946
9748
6917
4307
8065
4559
2392
1379
2771
2615
6696
3538
9610
5220
68
3171
9474
6589
4895
7696
5117
8281
6533
2304
9194
1812
3241
3849
123
6253
3898
644
6461
8995
7275
9930
7154
1859
5473
5296
8506
6655
6474
1576
7297
1693
9131
2616
7976
5394
6739
6601
9770
4612
1806
3653
8804
4652
556
6590
8325
8219
5889
4033
8849
5891
7291
7716
9633
9998
1605
9953
6267
2118
6807
7246
6561
599
8953
1782
852
3043
1855
2953
9027
7106
4962
226
6018
2241
227
9152
6024
1378
901
2944
2843
9138
439
9292
7782
6301
8334
3826
2883
474
4564
5170
3327
8833
2067
7338
6399
2652
9823
8013
1337
3867
9881
5376
3889
3373
435
172
5244
2208
8608
6963
330
3128
8945
9429
5150
1406
748
361
1259
4716
4674
8656
5847
9736
7661
5124
3912
5008
4354
9104
2970
1753
773
4959
6449
6973
8412
216
6360
1981
4682
1777
9087
4257
3705
3571
7062
1755
6183
5524
8208
9782
45
8820
9316
6662
1851
1831
5028
7267
7899
7749
5201
32
8825
2433
3193
6434
5835
6809
1643
1723
3960
8488
6233
7987
4449
4125
8806
6054
9103
5899
1744
7432
8738
5141
2560
3491
731
382
7038
760
4696
8152
937
631
6347
1128
3420
575
3448
7060
2939
5425
9131
1049
2052
223
8281
3807
3702
1982
3564
9436
8755
8710
7410
6639
7366
7803
885
5981
7196
1868
2580
5860
5804
6664
8787
5543
2620
2902
5476
3988
5569
371
6712
8285
7050
283
5290
9781
5358
4683
3833
5446
7944
5577
2303
3472
2777
3275
9296
756
4634
67
9821
7384
9775
560
4512
4359
6075
1880
125
3231
5786
2306
2660
3298
947
7148
8155
2250
3788
5724
7825
8669
7012
8209
2479
719
3133
7634
1799
3107
9336
7434
9411
8959
8048
9632
4920
2880
7361
390
2411
9086
357
6254
2782
593
6324
2675
5752
9426
5991
4857
7003
7789
7068
8871
9715
154
8157
9677
7597
9903
4551
7000
2939
8163
1932
6928
8090
4543
9945
471
4496
4690
6462
4273
5326
184
6537
6954
4648
6789
7612
4317
8641
5205
3122
145
7866
7480
6558
6509
8647
4325
3123
5464
9092
9379
3738
1670
8682
3283
1442
7361
7453
8240
6426
8011
8263
4493
5889
1712
8852
1873
4869
6009
7849
6360
2192
8828
7592
2448
6361
7127
179
3688
8496
3494
1877
949
6146
7072
6892
5155
9292
4579
997
473
5190
166
8381
959
9338
869
2584
8790
218
9050
1060
1708
7299
9282
3836
3606
421
7170
9658
6694
7294
446
2420
2354
6747
1655
1681
1744
1578
2523
7916
8079
2858
2066
3797
1878
7692
1135
5711
3065
9289
2801
354
8716
8224
4269
8364
5311
6144
4474
7782
7331
8741
4101
9653
3108
6484
4491
1689
326
702
9390
5964
3570
2757
2342
7775
5273
887
6724
5267
195
1633
241
2754
9588
6770
3766
7656
8709
8294
3738
8300
8541
