883
20
92
93
16
56
33
43
39
21
7
98
10
96
5
32
7
81
38
43
5
36
78
81
2
20
84
7
6
44
76
23
95
81
20
78
21
65
1
90
16
66
27
48
84
71
98
75
47
25
32
69
65
76
80
37
46
21
28
83
40
41
11
23
66
63
87
27
7
68
41
99
8
61
45
11
6
35
71
30
9
61
55
66
64
3
58
58
38
91
92
59
59
45
7
51
6
60
45
5
43
44
29
99
10
58
72
12
29
10
87
47
63
5
51
32
65
44
21
48
23
28
60
45
80
25
67
30
95
54
38
17
51
35
24
38
68
73
50
45
7
50
37
32
35
24
8
22
26
85
90
98
41
86
33
8
52
26
78
22
53
88
32
13
91
6
27
82
3
92
23
9
39
63
33
8
24
35
95
69
23
98
25
7
59
50
56
52
68
7
66
17
58
4
13
40
68
14
36
45
85
91
42
1
53
18
46
87
64
76
58
41
11
6
5
23
77
51
80
85
20
56
71
18
76
59
41
10
98
45
91
24
35
58
62
16
16
16
19
72
67
5
95
50
89
78
80
39
83
100
66
42
74
27
75
22
95
35
61
41
97
39
56
29
2
2
73
93
66
81
52
2
57
97
90
28
1
48
58
30
11
32
46
9
23
93
37
69
26
89
9
85
27
24
30
2
27
28
65
61
51
93
57
48
6
34
61
81
17
99
57
15
35
50
30
47
71
69
57
24
64
47
28
75
1
72
98
89
62
88
4
6
91
46
17
56
95
27
44
49
37
49
78
8
81
26
8
45
26
38
49
65
11
43
16
60
31
7
87
75
80
45
42
30
75
13
23
52
87
66
60
94
34
17
33
99
24
7
92
61
83
13
88
33
47
27
18
17
40
98
75
38
21
7
9
16
56
44
8
55
27
31
88
38
83
92
15
2
21
18
58
60
26
84
54
60
92
40
1
96
50
54
6
66
81
59
56
54
61
97
84
92
85
72
5
84
65
89
50
53
33
31
11
19
61
61
48
75
59
30
10
86
95
53
13
49
34
51
5
97
81
30
10
61
42
13
21
64
63
22
38
76
99
64
6
50
62
53
47
13
51
5
63
25
3
91
46
67
88
38
7
35
5
75
43
98
40
87
29
2
25
57
4
76
53
81
23
40
11
49
39
70
26
64
30
58
100
95
93
13
5
69
35
40
2
25
64
79
64
29
96
62
54
19
24
72
75
21
91
62
57
69
37
21
78
37
82
91
76
1
31
90
82
55
64
78
65
50
77
85
100
95
82
100
25
48
57
25
46
62
92
99
52
16
39
87
25
46
20
100
1
79
78
65
82
42
16
98
57
53
66
92
54
55
31
33
17
91
7
100
37
2
70
84
41
45
46
27
32
42
61
32
57
66
89
75
93
62
100
54
91
39
40
13
1
73
26
60
78
51
69
91
32
17
31
96
64
78
27
42
29
24
26
53
100
11
1
89
49
26
77
33
71
52
7
93
86
47
18
45
15
18
86
64
39
26
9
87
15
99
29
78
12
33
75
20
53
57
79
65
62
43
84
53
8
91
2
5
6
91
26
68
8
29
2
87
11
93
82
91
44
96
8
89
37
99
12
27
51
37
20
90
28
96
84
51
81
49
69
100
99
64
35
82
54
14
18
41
54
92
46
29
19
51
8
85
16
11
24
81
96
37
85
15
59
19
31
56
55
23
81
100
1
54
69
94
11
7
92
52
20
76
99
25
63
23
9
87
74
12
96
13
19
8
4
34
77
23
100
12
79
68
25
86
7
91
56
2
35
98
14
66
43
26
92
73
40
26
99
15
33
65
31
35
100
60
69
70
90
23
58
11
99
58
78
16
86
79
74
43
17
16
76
37
66
76
96
3
20
88
24
16
91
7
73
43
78
13
25
22
99
8
4
30
57
6
41
30
58
1
56
19
50
41
62
91
94
57
24
10
49
95
29
41
70
93
63
74
56
27
52
5
35
85
70
2
62
82
39
73
50
67
85
97
