131832 988
3901
9588
5494
9302
8214
3911
4828
1697
8971
4936
2707
592
7444
4460
6501
6587
1469
1148
2145
1142
6409
7095
7066
5907
9822
3283
3523
2494
3129
7887
7217
1771
5458
8347
4366
126
928
7031
3795
6749
2709
8337
4293
2919
8039
647
7790
3136
9983
6391
610
4624
6467
3149
166
2172
6756
8013
9964
2321
9194
9231
6301
2790
4275
537
3073
2264
2317
6285
9914
1736
963
8716
5548
1889
7114
1721
9866
3581
8583
1045
390
433
8860
3731
7224
658
6052
4970
6811
1838
472
6876
8853
9742
9964
9904
3698
7186
8257
2412
4830
4459
2220
2203
854
6854
5734
6096
8062
7382
7599
3602
6412
9112
2505
3000
1070
2290
6147
2902
4597
1210
6266
957
5630
6751
5584
350
8425
5363
8286
8885
2768
5033
7335
2680
8765
7525
6213
3116
9901
8340
1278
6661
5597
4883
9265
221
4326
2179
9216
6641
237
2959
6588
1116
5777
8595
8012
8219
6639
6664
4021
4691
6858
844
795
8886
7589
8296
4015
3914
5680
6854
4944
9212
9376
8573
6890
7397
8264
9731
1283
7264
3604
7224
6986
6544
9216
1561
4299
2699
4210
8033
1004
2089
2346
1941
1586
1536
8547
2751
2962
7147
9322
2690
4670
7503
2607
68
1323
1482
8113
9833
8033
1616
4745
7111
8250
6643
2914
4999
1664
4713
2956
6500
7930
9635
1288
9097
3319
9408
5163
8562
6004
6421
7200
6892
9271
9133
9809
5565
9872
3983
2302
1246
7171
2535
906
824
6666
3812
5060
7042
9864
361
243
8597
2954
1057
9281
9836
218
1044
9929
4722
7766
4543
1388
6832
2834
9270
6935
8021
8758
192
5047
8304
9404
184
6546
2351
3313
3596
9749
7801
6184
435
517
7158
9411
5410
2661
7468
7882
1636
5617
907
9634
3307
8538
3237
6508
7473
8981
5276
7789
5737
4205
4953
9128
3614
8004
5034
1705
6903
9000
4308
4097
2673
4689
3000
855
4633
9421
241
5848
1020
5462
4256
132
717
6895
8155
3398
4269
6479
2974
6746
1655
6101
4116
1147
9108
3614
7272
7297
5172
7381
6836
3707
5355
662
6336
7460
9730
8382
4076
7569
2795
3724
3956
4372
5377
6956
235
9720
5417
8427
6060
379
5755
8902
4673
3582
5948
4045
529
3709
7714
1429
6123
902
6514
5618
7945
3378
773
7208
5335
5376
7226
4790
4477
8583
3621
3364
805
6894
6734
5290
7893
1650
4279
1141
8181
1858
698
1912
639
7593
2542
9839
1631
7608
4935
1577
6375
3987
3923
946
6722
3832
1512
603
9955
2732
6886
6825
3521
5846
3283
1663
2951
9077
7771
3509
4955
138
19
9136
8610
3762
5695
4993
1512
9234
3785
8450
6736
9444
4466
7905
6273
9284
9847
2131
1255
1085
1848
9971
779
9492
5253
7188
5488
5452
8278
8182
88
9774
5971
498
7393
812
8294
1276
9984
6290
8244
2473
9356
5084
5568
1012
4776
3404
5423
3330
292
2189
8621
3616
8715
8901
8004
6678
5606
638
3602
6919
5152
8485
7436
4926
5320
79
2625
1180
8566
6482
6074
5162
1001
4194
7017
1096
9352
1679
4575
701
3532
167
3794
3136
5622
6174
4864
65
1027
6730
3019
726
6320
873
9872
2240
101
1281
2300
3530
5555
5367
4681
8967
7040
1037
6079
7999
4245
8113
8186
249
5517
6403
6598
6122
9071
2466
7854
9240
1436
4242
7866
3380
2193
9166
3427
4122
8511
2526
6371
2229
8285
4213
9609
8031
8815
4311
9501
4539
2964
4570
4468
4307
4586
8859
545
4515
8918
1724
5902
2479
6612
343
9668
1692
7715
8434
8148
1187
7751
2010
9599
474
2540
4221
5352
8846
2896
6686
8783
6328
5437
7436
3365
9522
6433
8514
9014
8535
8004
3878
1606
4856
913
6092
9050
8655
6894
5628
2966
3198
5804
1674
1365
1039
2405
4724
3665
4261
4786
7232
6965
5360
6284
488
5347
5827
4456
1043
9298
2732
8426
2414
8015
2120
2315
1505
8201
5880
7003
842
9379
7842
920
7616
9340
2237
4100
3014
3559
1991
4584
5262
5541
1147
1697
3729
5728
404
6486
144
7670
2907
1112
2989
9311
505
4389
3278
5963
5514
2558
8131
1898
1810
804
2495
8280
6520
609
2976
1393
388
8089
1747
9781
5238
8591
838
2316
1713
4309
9263
4767
9397
4078
8267
1464
1280
3552
1320
8338
4822
4899
6873
7734
7318
8988
1081
8478
1173
3781
6690
2365
3595
9831
1940
7547
3593
2969
6969
6661
8512
2363
94
7535
5752
5747
2088
4341
2163
5323
8140
8917
1332
6567
4225
9595
9177
9477
7751
7627
7797
8743
1981
2905
2859
98
9780
1118
7706
5060
3914
2547
8432
3802
5093
9783
4408
6976
9839
6078
8545
2926
218
6922
9695
5119
4651
9179
7987
8066
1511
9859
7153
8969
7199
5495
9857
5956
838
8503
53
7025
2393
6308
153
3141
6756
8159
9500
2777
5177
3745
2740
1844
971
122
3797
5851
8183
4468
4158
9476
9775
3282
4506
6621
6488
8005
5005
2908
9654
3534
1526
9408
7208
5691
7791
3344
5652
577
8994
7024
9845
3388
3443
6769
1166
6976
2933
6415
7037
3222
3366
1100
1675
6645
4535
9011
8089
2221
6257
5441
9668
4282
9834
4971
6203
9010
6109
4824
8446
3438
4867
1015
1636
9578
789
9864
6605
8988
2553
3127
6488
5963
4832
2642
9138
1119
4426
6024
679
2514
552
281
6745
3917
1060
7195
629
8844
6034
9725
820
3428
8507
7602
2709
9276
5812
2991
2251
1192
4684
8969
2884
1458
1705
4734
5572
9848
4322
5091
5052
1498
1032
1313
4867
4137
3561
3156
5053
8897
5378
5312
8317
5879
7313
5022
1740
2343
8101
577
2621
4741
4368
2040
3470
3556
7269
3495
9462
6781
4161
4031
1591
4785
2355
2412
4583
6414
767
1600
4593
8593
4123
2486
9495
5502
8118
1149
3465
1500
1712
3393
3691
8542
8185
2489
2562
4943
2101
7470
