882
39
26
74
64
98
8
91
30
75
16
99
90
37
68
35
99
76
47
75
75
70
13
16
70
49
95
13
52
26
85
42
34
31
62
76
62
70
69
20
78
4
87
5
4
92
85
81
7
88
17
43
1
99
85
86
87
68
82
94
71
43
1
46
88
48
75
94
72
76
6
45
42
31
21
15
76
13
65
95
6
9
98
73
24
72
45
27
68
82
1
86
67
83
68
40
53
53
96
71
35
67
27
54
92
29
1
69
99
37
50
6
95
70
77
29
78
72
26
52
13
25
15
44
82
24
97
79
85
40
68
15
63
17
8
64
56
31
29
60
12
58
74
3
81
99
82
64
42
5
95
60
25
17
99
61
67
50
97
58
2
55
100
38
60
71
17
6
49
59
7
12
87
53
98
47
10
92
65
53
35
19
96
37
43
47
64
21
23
53
91
11
17
84
44
77
80
91
28
50
82
56
86
88
7
89
46
73
19
30
86
91
66
17
87
100
44
48
33
17
10
84
63
21
93
90
64
23
73
97
23
90
13
69
82
8
5
88
61
76
100
91
43
79
33
75
33
4
52
58
17
23
11
42
22
78
50
55
93
74
71
77
97
50
90
85
96
13
34
12
15
7
6
35
59
53
18
17
8
76
4
79
23
52
48
45
55
32
85
91
65
92
96
19
8
61
42
79
12
87
1
67
98
22
63
7
56
48
27
37
99
82
62
19
92
30
55
18
56
99
22
53
32
47
51
21
23
83
90
43
49
66
73
4
2
28
78
35
12
39
56
96
98
62
16
51
71
46
4
40
28
31
17
98
74
35
97
62
11
36
36
58
42
53
8
24
74
20
20
40
78
51
17
63
81
1
7
36
10
38
66
83
76
97
87
89
18
67
34
55
43
45
46
18
62
66
53
27
1
33
7
44
76
72
31
24
5
30
94
10
52
70
94
7
42
74
43
82
71
60
74
19
81
19
26
79
38
81
70
38
88
74
66
99
36
48
10
36
55
44
16
50
35
99
77
86
83
21
100
76
53
14
50
77
45
19
95
64
47
70
27
66
9
48
44
68
65
2
17
2
74
67
92
84
100
28
16
92
27
44
31
50
38
50
19
70
83
61
46
84
96
36
61
10
88
95
6
3
75
96
18
87
37
54
42
68
96
75
46
100
6
66
24
94
48
39
12
7
56
89
89
21
95
14
4
65
38
64
70
93
83
78
49
69
58
17
22
83
23
88
35
20
16
96
20
87
25
48
6
39
52
24
42
54
36
47
18
96
39
14
30
90
96
71
61
80
35
66
62
43
67
11
68
59
94
94
32
26
53
59
56
46
18
31
19
26
45
4
14
10
90
23
11
52
41
12
51
89
12
11
2
37
92
64
9
25
7
37
6
31
61
80
39
46
8
90
91
26
94
62
42
41
71
89
24
86
68
99
19
51
47
13
35
37
5
9
20
56
62
30
53
65
3
40
47
74
1
47
50
8
69
13
24
95
87
99
6
77
12
69
37
10
39
5
27
61
40
92
92
83
39
4
32
64
84
90
8
77
42
10
8
20
8
96
73
76
60
48
9
78
100
19
58
74
81
47
71
11
93
13
68
85
41
4
28
81
33
43
10
8
100
30
93
22
4
60
71
29
61
45
61
59
50
2
34
9
53
9
27
55
9
9
11
27
46
83
21
23
71
12
49
92
37
86
13
76
2
47
17
81
72
21
57
40
18
22
42
87
42
21
77
9
50
87
97
83
10
79
34
4
27
19
36
30
98
49
40
5
61
69
44
35
80
34
76
45
72
13
30
37
88
51
81
95
92
43
80
58
95
42
27
56
32
12
70
18
92
9
98
10
20
69
88
81
82
87
31
98
85
61
62
19
38
91
15
56
92
26
90
40
3
35
16
20
98
100
6
56
72
11
17
46
74
80
90
11
87
34
90
3
89
83
10
26
52
99
45
27
7
1
71
72
16
24
89
31
58
54
14
82
94
30
44
39
16
27
42
56
62
64
5
14
37
