107949 963
8225
7948
3512
9867
5531
4971
1358
2611
6752
3342
5462
6751
4998
2186
4573
6879
7651
2886
7784
8264
4073
3313
1147
4659
4117
4623
9647
3
7836
8505
7514
7823
7705
1111
9363
7476
4236
6314
3571
8834
8899
9524
1563
271
4200
9077
5939
1047
5948
2581
5018
5243
3347
9394
698
2723
3283
208
7444
9
1237
4031
2237
7509
6312
7122
5071
5263
1366
3397
8385
5580
3627
7955
6776
8227
5842
3045
5520
2875
6733
9657
105
9347
9063
4688
7154
1175
6195
8655
6006
9338
396
785
5974
4076
44
7850
4907
1720
4652
985
2690
2418
6238
7508
390
7817
4961
2192
4040
2508
4890
9976
9449
6580
9778
2827
6423
6153
7380
3947
3192
5799
7110
224
1719
6698
9451
7065
1677
2388
4679
4740
1763
9310
7862
8643
1455
9335
8561
2142
780
7128
6493
5837
6349
5967
1893
7821
3205
7318
7630
8718
1480
2467
1432
6947
3520
6560
6140
7305
5751
4926
3573
2543
8917
5652
9866
5226
9926
741
1965
1839
5755
6310
8499
9765
3613
8209
4024
5298
6591
6182
443
8056
7243
3614
3091
8324
8424
6741
4545
9496
1098
5641
4462
6238
9861
2457
9901
7177
2512
9520
8918
8843
6326
9658
9150
5650
5517
9623
7914
6874
8323
8852
7979
5498
142
1151
8166
3296
1697
3391
9744
521
7358
3333
688
661
8119
6048
3359
3388
2204
2724
8463
5103
2283
6817
4100
4615
7850
2097
6971
1976
4531
1384
2626
5582
491
2156
9527
9081
6950
5179
4583
5907
1416
6628
1344
1073
887
9970
9109
7932
2514
5721
9041
8533
3220
5959
6733
9429
2580
738
1001
4327
6388
1945
3648
9675
1403
5923
2370
4771
822
8857
9627
9951
823
6206
7062
600
3842
9279
3266
3214
3653
2357
3617
1026
9675
1870
2449
7382
7298
8349
3347
3860
6650
2589
8884
9606
8566
4755
2764
9534
5364
3475
9427
5610
9085
6283
4040
3616
7897
6579
6702
3154
8696
290
515
4629
3298
8430
7619
8122
3898
4440
392
8065
8996
6259
172
5171
7859
5664
4108
1751
7458
7385
9441
9824
8468
4753
2154
6823
2281
7544
7958
4042
941
125
5180
1038
2857
1432
2290
3053
5932
2192
5043
8014
5417
7020
3004
6894
1889
5057
234
3482
6423
4997
3517
738
1975
3621
2373
5556
9699
8199
2523
1121
1395
2045
7969
3688
6932
5364
3876
8372
4676
2561
4955
5419
4298
8733
5237
1285
7139
2483
4467
3388
2736
8190
840
3789
539
5175
4821
6318
5031
3398
8442
911
4560
1707
1030
8638
4214
9762
8189
8639
6373
5631
5423
545
4988
7678
5843
6128
7845
1498
7564
4430
8346
9549
4294
4776
2476
2603
4495
4749
2978
5278
2292
8781
3087
9063
5387
4325
1207
3753
6436
8220
8375
7249
3358
2810
4385
2913
9013
2070
3499
5345
3304
5374
6435
1963
3266
5344
5930
3482
8919
9410
8914
7032
756
9525
2159
7196
437
4929
1781
9114
117
3521
2083
3428
5607
4656
1049
372
8884
6524
2541
6522
7934
193
2276
8911
4636
1156
1670
9690
1934
2088
3368
2051
5106
1836
6555
7061
1178
6927
4063
8735
6337
8086
9826
2536
8908
1056
6947
8402
4284
8710
9729
6723
2868
2154
98
6866
6667
3104
8187
8259
7017
6812
2551
322
3803
403
6498
6092
6287
196
9254
839
8281
2787
3345
7221
7831
3430
1885
1725
3137
4666
6178
5402
4059
2903
4893
238
461
2792
8017
3178
5677
1740
1229
2682
2154
7928
3287
6493
7906
3491
4999
3797
5093
6821
1307
4698
3672
9009
7350
1547
3157
8453
8838
1083
2141
769
5790
4815
872
3605
5592
5852
122
6217
6416
1314
8667
9009
7188
7666
4509
7457
4151
2569
9505
8317
8377
3175
6268
3187
6166
2926
3170
9942
1638
4229
7583
9463
273
5228
360
1130
5400
5661
3015
1031
7705
8539
8384
2483
5828
8858
1513
9436
3638
1316
3235
1118
3419
812
9450
4066
9622
2939
2416
9626
1410
5515
6195
7618
8754
235
7281
5861
2492
2853
5591
8825
9030
761
6008
6749
8241
4118
5834
469
6877
5816
8693
8473
2121
4812
7654
4256
1369
3218
3125
4109
1846
3659
6730
7645
1872
1212
9429
7292
9793
8714
9644
4867
6865
8889
6748
4882
5356
8587
4580
7274
579
5748
688
8537
9108
4765
9542
5639
6938
2330
1278
7341
1127
6484
7466
9855
9055
8011
3922
2838
3584
2953
8006
5424
7468
2603
5031
3385
8514
462
6201
901
6300
7492
4966
5963
8864
4939
8354
9341
9679
8471
6612
5592
8127
3987
5177
9309
7198
9942
8296
1725
208
692
2022
1877
3991
2127
8512
3398
5378
5756
9984
525
9636
1373
3848
2228
6957
3808
1687
6683
4959
7147
7505
6968
7336
8604
6296
4468
8101
4344
2501
2118
1486
3239
9857
2552
4331
7812
9148
4545
7174
3653
6273
8054
4023
5491
5779
5164
9384
2712
7996
2861
4948
9626
5583
7850
7177
9344
4550
6804
2322
7247
4160
3214
2942
1202
110
9932
9081
8456
3095
1091
564
3619
873
7405
9238
1362
2915
9180
7410
190
2024
7237
8300
3109
1138
1111
1165
4532
8432
7981
7697
1881
7599
9774
6636
2223
3696
9381
3350
6217
3609
6646
8657
9236
9385
7346
6094
3357
1490
3230
4951
3744
8866
8924
7060
2771
6732
336
722
9778
35
1032
1953
490
6028
5347
1218
3512
4160
1584
425
640
2965
1119
7992
2160
777
110
6290
8239
5330
1072
1319
7266
1814
1369
9551
201
767
5020
3676
2261
8131
5626
4473
1555
2729
8273
4711
5799
897
3259
852
2736
4712
5268
3346
7208
1036
873
717
5972
699
5642
5185
704
9897
7437
4017
1907
8768
8837
9012
1350
9069
7306
8137
8998
8272
2287
8252
