904
90
48
17
13
18
97
92
100
61
67
62
76
62
57
20
60
89
38
49
51
50
50
10
7
24
18
47
45
73
36
96
42
77
92
61
19
74
3
20
33
1
81
40
44
24
83
9
25
83
39
76
92
64
32
17
65
15
52
52
43
16
73
89
10
67
60
57
38
25
73
85
33
26
56
54
75
13
99
49
59
78
14
96
11
87
86
30
69
36
39
78
68
54
87
69
38
88
8
81
74
2
76
32
66
43
80
19
96
69
2
64
65
29
43
59
53
90
19
82
17
11
14
56
54
44
100
17
77
82
54
35
86
61
90
32
94
31
73
24
68
91
26
27
66
79
82
63
97
34
57
33
97
46
3
49
75
98
88
84
96
30
1
33
13
27
10
94
29
65
9
36
62
60
98
26
68
75
42
99
29
41
33
50
79
42
33
17
34
30
44
33
49
98
67
52
3
89
9
50
20
99
79
48
1
96
92
31
11
30
99
21
3
97
4
22
71
81
26
43
65
98
11
72
30
50
49
51
75
87
25
71
74
6
96
98
67
47
24
43
15
98
97
35
98
21
2
89
7
42
32
51
59
14
32
90
71
53
3
87
93
100
49
5
71
1
61
79
66
34
40
43
35
23
46
73
51
79
42
31
68
56
39
32
48
39
45
14
90
15
48
82
40
95
10
16
96
3
29
24
54
15
14
59
72
43
95
11
27
34
44
6
13
14
11
75
78
45
81
35
97
74
14
9
68
2
61
85
59
84
65
3
71
7
81
96
98
15
50
80
80
26
60
9
42
96
37
49
80
20
90
39
74
92
44
74
6
43
39
62
22
7
20
59
69
97
41
52
98
94
79
46
9
95
70
20
78
82
87
61
52
63
45
61
40
27
96
4
42
54
83
52
32
83
24
15
54
7
1
44
25
84
89
77
20
90
100
2
46
95
80
89
29
74
31
96
43
90
7
65
60
33
18
18
60
65
95
47
28
91
96
12
74
40
56
76
66
25
67
75
32
29
16
85
4
86
19
13
22
92
61
3
46
52
75
52
98
62
92
8
23
39
91
83
64
44
30
47
25
84
46
94
22
65
75
98
59
89
59
37
64
15
85
4
64
73
70
64
99
86
21
60
8
53
56
49
89
18
97
65
19
8
52
26
24
8
20
59
73
62
48
42
33
9
14
64
13
65
51
76
2
24
68
28
54
58
25
9
8
40
91
66
93
41
53
3
11
84
94
81
6
50
76
95
18
29
21
81
60
21
50
94
10
62
73
50
22
14
47
72
80
16
14
18
93
92
12
41
45
23
83
42
52
18
84
11
44
14
5
71
83
78
20
68
8
15
8
13
11
69
75
67
4
27
45
42
59
70
3
24
36
43
49
49
9
37
99
81
83
97
17
44
8
82
77
26
47
44
26
73
19
78
86
82
49
64
10
55
38
99
94
31
64
43
52
99
15
69
50
12
77
6
5
40
97
78
84
56
61
13
16
24
22
55
10
4
26
55
83
57
68
82
42
96
54
11
24
89
52
81
9
25
23
63
45
46
51
72
37
56
77
19
70
99
32
83
3
50
19
74
8
74
43
49
67
11
14
73
83
60
33
25
45
71
2
100
14
70
37
4
52
39
18
64
45
38
79
32
65
54
99
20
21
18
40
57
88
26
60
97
32
32
88
86
70
95
55
29
95
98
93
90
4
96
17
5
66
68
85
43
62
55
25
54
39
24
81
98
44
61
41
2
93
18
51
88
66
89
33
95
96
83
71
65
45
91
88
94
83
65
85
98
76
12
90
38
33
69
72
31
31
3
71
35
55
10
89
80
13
63
2
91
83
53
33
59
48
90
70
63
23
77
4
2
20
29
42
91
15
45
8
85
89
50
40
60
33
32
29
68
1
81
56
56
26
23
99
61
91
43
26
18
64
9
2
66
97
98
69
26
48
78
3
82
52
85
89
99
91
48
37
61
79
31
93
82
84
47
99
74
24
58
64
18
67
69
3
58
32
75
73
3
64
14
7
84
62
13
55
18
45
32
10
24
58
6
36
86
29
40
41
8
59
70
58
