116433 759
7464
1263
9311
6466
8727
3900
6635
5177
6704
7401
2127
2464
8901
8102
8596
7860
1547
164
4768
8418
1338
1116
2314
2529
439
2406
8891
1500
7551
5471
2449
9188
7079
3685
2049
4452
3041
6444
1682
2954
5319
2704
1313
5197
3631
3020
2770
2190
4470
3146
631
5067
964
7607
7621
7792
5753
1966
6681
8395
1785
4339
814
1347
8690
6808
6550
4469
2808
8662
527
4342
1454
9938
8497
72
8517
2764
1744
5670
6774
4917
1081
8892
3733
2547
5219
8333
47
7670
508
7595
84
4806
9861
7732
5741
460
2306
9317
1144
7437
3532
695
9314
9190
9263
4117
5756
9844
6497
26
982
5564
5938
1538
7682
9186
9186
2560
825
3979
6445
3556
4335
6866
3145
1240
8123
1393
9816
4989
4943
3189
3281
353
5859
3216
6460
192
9578
510
5119
7607
306
3575
8705
4999
8561
8803
8141
364
8582
5293
6867
116
5575
541
3713
8057
741
3872
7246
530
9226
937
4321
4459
7831
2075
1376
2453
3371
1691
4868
417
6800
6761
389
7220
1762
4471
3810
237
9748
9770
7767
125
7360
3979
2173
7091
7634
1698
4056
2243
7156
8394
429
3099
8551
7689
2557
8185
6171
203
570
4366
1112
3525
5792
9054
9008
7966
2542
7299
5174
5601
8766
5260
8894
7719
3146
3486
1236
5436
7535
2383
7533
2639
9305
1797
7780
6246
837
6467
3634
3663
9520
6977
3567
9890
2121
7046
7654
9858
4696
1068
3631
4240
3188
1378
3821
9601
6517
9923
9726
4153
6367
5629
3808
9320
7097
2498
4345
5655
9785
5412
6929
3134
819
7251
4512
6313
3557
4961
1087
3888
6364
5380
9327
8205
1310
265
9521
6891
7656
3003
5710
4038
9225
1226
1695
9961
8805
3710
5048
2375
6773
4228
8967
3093
3900
1536
961
3128
4100
2907
2332
5567
1540
4578
2073
2721
1818
6573
3638
9016
1040
4289
2743
7647
9173
8457
8212
1936
2667
6064
8585
2353
7498
9844
2869
4976
2001
9839
1960
1619
2437
4253
8109
5630
5277
7135
1959
8937
571
9790
7970
4216
113
9745
3982
9145
2511
3090
5904
6986
7686
8904
2659
339
1917
4082
7911
8085
8038
7530
9124
6552
2103
4683
1553
104
1918
3330
5395
6353
7522
3776
567
3904
6755
5046
4528
50
597
8457
9705
8476
2166
4665
1326
3394
9836
4237
2033
9413
3365
425
5108
1470
9145
8661
1778
5814
1735
1645
7721
1144
2379
6609
3295
7612
3136
3724
279
9336
7833
6697
2474
6221
5145
6974
5022
8982
1060
5824
5181
4911
1231
8727
7996
9030
8301
4716
9273
6742
7479
2327
1133
369
3290
3348
6692
3539
9518
2266
7759
6941
4853
1354
2725
7172
9659
4501
9288
5195
3301
1888
13
1753
131
8091
1530
7282
6432
5940
6015
9815
9343
4058
1273
4229
8488
9790
7119
1175
231
2484
7194
941
6312
1571
6602
2031
8212
160
8077
4162
5891
7585
8152
41
3382
9354
7800
9023
149
6997
186
1052
8759
6787
1950
2902
2889
6152
2660
7599
7768
7051
1608
9066
9985
4346
6908
3166
6554
8680
7503
3080
1473
9684
9964
9127
8239
3198
9840
8077
547
3723
5824
6896
8343
5020
1314
5269
4462
9674
3811
3516
9438
6872
9590
2067
5194
6024
4281
4821
5580
5797
9965
960
7045
8046
3627
9414
5714
9051
1209
9888
8861
8574
3300
1948
7847
3887
2836
2522
5133
8254
9994
4370
4312
300
4858
7101
1114
5792
3036
5283
7861
7729
1500
2958
9469
5655
1413
3817
819
8418
7948
4123
3361
6355
3249
2724
9466
1819
2670
8564
8097
7872
2271
5378
1496
5524
2198
4578
3669
2882
4093
7704
114
9605
4935
7643
5128
3298
551
2890
8946
9202
5241
4738
888
6011
4048
6594
3498
9562
9458
3964
7589
8025
8471
2103
4253
8165
9206
1026
1317
1528
5546
3777
2682
2836
3623
713
5239
5075
6560
9585
2385
5223
8104
6620
4009
6414
5945
1592
7218
7818
8486
2487
3693
9024
878
1926
3558
3244
761
6162
2745
3255
8793
9362
8287
3433
5018
8859
9632
2319
3681
2338
5466
1114
3008
3816
5298
5875
6466
3780
5282
2651
2283
563
8562
9844
7932
6249
9963
9940
4393
7697
8096
6788
9327
8522
1477
5953
258
7129
1687
5301
1567
6656
6099
4625
659
3799
1177
7147
6429
3866
3714
9347
3073
7988
8721
8854
6609
7777
7099
3031
1975
5966
5068
4963
7577
1434
8877
906
7551
3234
2827
5338
9584
9681
14
2728
5988
3822
9668
3188
7475
10000
3284
