989
93
76
97
83
31
24
48
1
17
29
57
67
21
73
88
43
88
35
21
39
87
92
97
21
42
82
67
43
81
13
38
27
53
89
63
30
46
34
61
72
10
98
52
7
43
61
33
45
81
55
17
44
36
100
62
18
22
87
42
73
30
86
85
15
57
96
94
79
2
2
81
12
75
20
43
23
40
22
69
88
19
75
14
81
77
42
47
35
50
3
13
44
16
59
40
82
27
8
57
9
25
30
53
5
86
45
68
27
26
79
39
55
51
16
36
88
64
50
36
94
3
94
98
75
31
99
24
64
82
14
58
98
13
84
17
53
19
11
81
18
92
1
94
16
28
63
42
80
33
8
91
21
27
48
44
54
37
12
53
74
95
41
48
58
85
79
3
90
76
68
51
6
29
52
33
56
67
18
20
33
45
29
61
9
62
5
89
45
78
61
22
21
4
2
30
60
7
70
83
48
21
17
59
41
59
8
41
49
33
81
59
63
44
22
11
61
22
12
29
17
48
70
28
71
56
44
39
77
98
17
42
68
65
44
92
61
83
49
55
82
83
29
71
92
60
51
85
56
76
17
9
3
77
15
84
73
64
26
50
2
8
80
70
66
10
26
89
70
63
30
83
11
3
58
14
76
69
47
6
12
94
1
8
96
16
52
68
18
5
61
77
2
89
41
62
48
20
33
41
51
100
33
80
37
28
59
13
61
52
32
44
92
51
46
7
59
52
79
50
10
16
34
7
78
80
73
41
74
33
45
44
94
75
15
31
7
49
66
4
87
43
40
20
43
64
52
89
94
6
100
52
26
4
16
81
100
19
76
76
59
63
50
79
89
55
48
66
83
35
26
34
77
93
43
79
57
9
94
6
53
100
90
25
65
26
55
39
32
73
75
61
10
95
21
16
44
21
18
48
67
75
84
21
51
19
78
48
26
7
59
91
10
44
90
82
97
92
61
49
41
11
47
19
66
60
5
93
46
81
82
65
70
98
8
44
24
94
14
80
54
16
83
12
43
64
60
91
41
24
23
27
54
43
57
72
25
68
10
25
98
41
8
95
45
25
91
8
87
32
22
81
87
23
26
64
83
81
50
43
43
87
85
14
21
63
59
14
84
87
65
11
29
59
30
15
88
59
54
62
69
44
65
60
39
72
42
18
74
60
3
9
49
44
69
68
66
87
59
89
3
88
51
14
48
47
62
43
9
58
97
95
38
20
75
39
5
74
45
66
40
19
16
53
11
43
99
1
32
41
72
2
68
35
93
80
88
6
5
72
91
92
79
82
59
100
68
32
2
78
43
12
34
54
69
53
32
77
72
8
22
89
40
19
23
59
25
91
39
46
44
93
98
32
14
43
85
46
55
100
1
61
41
48
85
14
11
38
77
42
94
24
94
44
71
54
22
20
39
51
80
57
94
85
49
80
66
82
54
77
81
97
6
20
98
89
8
56
36
16
73
47
35
87
22
50
38
55
3
95
4
30
18
65
73
71
56
66
1
29
67
76
92
69
6
35
10
29
97
20
54
50
76
63
72
49
46
17
99
34
41
88
20
70
8
18
85
61
57
25
38
9
36
44
34
96
67
82
36
27
12
8
42
4
36
50
37
56
47
58
38
7
5
21
99
61
82
23
33
45
76
61
93
49
81
39
49
44
77
12
14
39
50
2
61
73
25
14
56
99
17
91
62
39
32
22
12
29
23
42
94
97
26
53
51
18
64
99
93
73
74
95
88
38
11
49
22
90
45
88
19
70
41
25
37
46
44
25
99
53
35
54
59
60
76
14
78
38
46
49
74
76
8
20
12
90
94
23
82
93
37
25
3
70
73
2
89
57
60
30
45
2
95
66
63
83
33
31
39
97
61
16
24
59
59
19
41
36
22
82
82
69
37
70
37
93
86
2
97
96
79
72
57
89
27
53
16
91
33
48
88
78
63
74
7
55
11
47
55
49
90
79
59
6
24
8
50
89
66
18
13
40
97
7
95
16
27
49
68
53
1
51
54
43
15
14
57
59
23
22
68
55
43
28
63
72
17
55
94
25
55
96
78
32
56
61
45
76
36
35
60
92
95
88
45
50
68
28
1
58
49
41
54
72
63
22
65
38
10
47
29
55
64
74
87
50
89
75
48
2
99
76
28
52
99
34
88
30
1
75
64
44
75
70
70
41
15
58
86
95
59
9
19
52
2
14
78
30
100
22
28
13
43
77
51
58
14
49
64
25
20
76
94
35
87
93
64
31
27
46
