967
50
80
80
88
40
22
51
88
36
37
92
35
34
20
25
92
90
97
77
10
72
40
55
100
43
73
80
32
45
92
56
15
29
65
97
85
51
9
85
33
87
100
20
52
1
14
41
3
98
37
75
67
53
90
27
35
87
47
32
62
52
77
1
57
76
4
7
66
54
13
46
34
10
18
39
27
74
59
39
80
49
36
56
7
49
84
62
43
5
43
88
72
80
63
64
82
14
89
27
3
29
48
67
56
7
44
88
18
88
22
17
88
8
78
56
93
91
62
78
82
53
5
42
15
3
25
77
40
34
26
12
61
87
53
100
54
38
4
48
48
14
55
58
10
98
85
12
55
85
73
36
75
6
1
30
67
54
43
23
4
31
46
94
60
43
70
24
27
36
100
33
81
1
58
33
84
3
97
44
14
11
70
62
2
76
22
99
47
13
8
17
65
82
45
42
99
3
86
24
70
44
31
21
70
67
57
13
87
24
13
30
18
21
24
43
69
61
91
43
26
69
97
32
49
70
16
50
39
20
66
8
74
46
23
1
22
12
99
76
40
44
5
28
19
96
85
67
39
90
65
21
27
6
88
24
91
3
22
60
21
20
34
38
63
6
44
84
27
48
33
95
68
10
6
18
86
61
5
88
98
16
91
58
62
95
22
99
49
92
97
26
50
83
34
34
62
57
93
100
16
48
12
88
45
96
27
43
67
76
48
13
52
55
46
91
70
6
64
25
39
92
8
21
54
96
18
41
22
38
35
9
70
45
32
20
21
90
66
20
62
83
32
66
64
55
11
86
88
85
84
16
1
7
31
99
94
54
59
87
24
31
11
72
14
99
5
72
33
67
11
63
81
36
14
2
28
6
8
64
44
31
44
92
47
92
55
2
38
76
62
4
23
75
95
14
45
2
36
78
38
77
87
56
5
31
56
51
49
64
4
84
32
2
15
12
53
60
93
68
8
11
23
58
21
34
40
32
9
87
41
10
72
23
36
90
27
55
81
18
68
39
81
99
84
32
95
45
53
70
15
81
98
17
37
7
86
77
11
28
4
86
23
6
44
62
69
74
62
20
80
13
93
21
69
38
42
17
3
75
84
93
92
66
11
93
2
6
96
76
93
65
2
73
69
18
45
57
26
89
75
50
9
59
83
15
27
44
52
32
6
36
38
76
4
20
25
88
45
74
5
54
50
92
35
67
97
87
66
86
90
80
3
89
63
6
11
40
97
36
100
69
13
24
33
10
62
16
72
5
34
80
38
16
59
12
21
97
60
88
73
83
27
1
88
75
54
65
82
32
64
89
16
37
75
85
35
23
7
75
51
9
75
37
76
33
38
98
32
61
83
51
8
66
84
67
15
68
40
91
64
4
27
89
70
32
78
21
30
75
68
15
40
84
19
15
5
80
71
33
98
91
64
23
18
41
58
16
87
68
50
61
83
55
99
86
36
18
15
52
27
55
66
81
100
63
6
80
70
56
57
37
47
29
17
53
14
96
47
33
26
4
14
68
97
90
30
8
66
26
8
36
44
19
28
2
88
43
18
42
42
72
21
48
61
30
16
50
2
63
75
85
76
2
93
41
99
10
3
53
95
27
61
32
82
34
7
34
86
2
28
88
19
94
88
49
26
20
5
28
52
61
77
99
39
77
79
63
24
40
62
45
90
55
72
1
26
71
64
14
48
17
39
60
52
74
44
96
82
38
46
82
10
21
92
75
33
21
58
48
24
72
22
82
8
54
71
71
77
85
6
90
80
45
87
3
18
99
95
12
99
80
33
37
24
51
39
39
65
89
68
44
69
22
99
14
34
31
50
13
34
66
67
22
59
63
56
61
50
7
11
94
5
67
16
25
28
68
87
83
2
83
62
81
93
84
16
22
88
98
35
12
50
53
68
23
47
55
53
100
47
18
41
76
56
36
39
35
58
81
28
79
67
75
39
27
27
46
42
62
29
65
17
13
66
73
64
20
18
60
63
81
17
4
29
38
20
10
17
58
7
91
85
5
2
13
12
1
49
39
26
51
94
53
72
39
62
52
20
21
4
74
51
86
95
27
6
16
41
6
10
66
99
34
83
59
12
98
27
53
40
10
45
72
14
21
50
79
67
89
10
12
56
8
62
37
29
91
64
26
13
12
60
63
25
7
94
83
24
74
77
27
91
65
73
100
74
13
47
46
93
11
62
19
57
99
5
8
