140497 915
2483
1540
3005
5339
624
6895
1254
4014
5483
7613
4932
5472
9332
6996
3939
5941
3809
1322
3519
6918
3549
9966
2466
3983
1485
5399
803
2555
3981
3337
9063
4269
5314
7079
4103
1213
3927
6874
9997
118
969
1566
1377
8424
4039
9701
2282
7058
1886
8600
9079
5879
2354
1392
4947
4728
8101
6115
6508
8326
8772
3846
8279
1516
4126
2414
6292
411
7210
2134
1851
6605
3024
4221
3444
3712
7324
7562
8788
3227
7877
3393
8705
490
1456
6103
8140
188
8942
6692
2803
308
9678
1443
1220
5768
3777
4574
6260
3052
6558
1891
3803
8094
1399
7444
2730
2686
955
8994
1799
9813
782
1863
9405
7185
1895
4228
3934
1182
7703
3144
4773
2835
1856
924
4760
2043
3701
538
396
710
4749
5616
3978
9091
557
6770
7399
8495
9234
9334
6000
9336
5253
972
3576
3077
3274
2209
4220
2823
5926
5992
8758
3242
175
6505
3205
1232
7182
7576
5993
9263
6650
119
2283
9121
3945
3320
4383
3364
6400
709
5547
4786
8775
3499
8350
836
7291
6064
7887
4443
8305
5497
9408
5836
8597
3386
7190
2580
389
6201
1575
934
5898
7062
5519
9599
6490
4548
5984
8510
9313
3367
859
7211
7002
5841
6084
5185
432
7009
8450
4016
1497
4699
3173
1385
5899
6839
962
5668
5131
5398
3320
8320
8191
4980
9537
7398
9303
5510
4635
9208
3500
5888
1443
707
4256
5612
1145
1493
4385
8429
8757
9818
6827
4645
6228
5767
6622
8178
2239
8107
330
5337
1405
3145
75
8798
9916
6277
6626
8855
2817
878
1639
8586
2875
9470
2400
3395
9373
9483
5127
6845
4107
3180
4456
2386
3122
8500
3135
5540
9320
7316
4198
6113
1534
409
8562
1352
9625
6752
9418
1632
1921
489
8095
8965
302
9795
8113
7072
2086
7568
2492
789
2858
8399
8709
3529
5836
8446
3106
9147
852
2528
2286
87
1303
3362
871
9830
2953
2077
1295
6837
7732
9937
2623
9206
5302
947
7434
2415
3868
9145
6566
5059
2696
7794
6842
4289
1816
3435
1885
3438
4379
2404
7129
9952
3110
9078
6650
1482
2784
3473
3190
6296
9216
3779
146
7619
770
4715
8339
3834
2902
706
1964
8238
6498
5056
2434
721
8514
6001
2030
379
9803
6397
8984
8519
334
1964
4833
9664
3718
3083
9872
583
2635
565
5161
8744
7156
8469
6769
9949
3249
8615
1324
342
723
3455
5101
449
2694
6269
9157
9937
8263
380
6403
6124
1074
3809
6659
3255
8270
535
9319
4246
313
291
2724
1837
5869
9489
806
7223
4631
381
266
8052
3603
9348
5421
1497
2540
5582
4062
4220
2517
1047
9301
1761
7337
121
66
6972
5017
8446
7005
842
2812
2339
1476
7078
2626
1312
4461
9421
3243
1758
3646
8848
3781
1692
6782
1030
8531
9514
4464
1698
6978
4883
539
2258
4679
5992
3127
1104
5422
1574
6226
487
1357
6505
1857
2441
3440
9520
4580
8447
6569
7000
3290
7360
2560
4797
4403
1542
6532
8982
501
4885
8845
5649
1225
6048
7685
6642
4910
6996
4783
8070
4926
1779
7391
2996
7874
6628
8382
6712
3016
5652
8368
6512
6837
2789
9422
7300
7948
3641
1366
8249
6895
4376
3957
2987
7714
9174
1825
7086
5987
8291
6804
4071
8850
9904
3153
1815
4276
1233
295
1
8886
9895
6405
7934
3807
8220
7840
2654
5865
5175
5902
8213
5890
8439
6247
4419
3535
2110
9391
9234
4710
3689
78
6346
7771
5040
4039
7049
7906
2802
7244
6036
506
5001
6812
6676
438
1231
8043
8547
4760
8146
9349
2715
8544
5792
412
6700
4900
15
5172
1786
2528
4687
8811
2582
22
2928
9764
8945
679
8978
7406
532
6589
9731
5164
3672
1625
674
9281
8328
5133
4479
6260
6260
1706
9218
7043
404
1848
1198
1297
9506
2811
7712
5360
4828
7634
5804
9039
1784
7918
1067
167
8821
2051
1988
9987
4627
1816
1015
8862
7708
2751
5980
6795
403
1763
1756
387
897
2622
7531
352
3809
7003
370
5972
9846
3154
9471
6437
9379
1385
7553
8788
3355
3794
1615
7373
4391
9194
7544
5263
6239
8270
6902
8462
4156
9755
7901
3892
18
4000
6178
1037
3362
5863
3348
5515
7595
205
7944
253
4207
382
5386
587
4798
1038
8901
6120
3782
6612
1135
404
649
8754
1729
9653
2195
9725
9977
9335
6338
7541
9572
3517
6197
1228
253
9492
9441
6291
7163
6706
4024
7170
5607
970
5404
7663
2970
3439
5361
7785
5331
8456
5433
1809
1293
7195
3770
8018
2405
5516
2033
970
9925
3894
796
4819
334
7612
4416
6758
6730
7234
1573
7887
665
3427
4510
7616
6386
4014
2860
1977
8331
2182
9085
2267
5169
7627
8996
973
2186
2677
4593
4472
6598
9213
2156
3322
2605
5275
8272
4157
8992
9939
5035
9446
3770
3026
6141
2617
4821
578
252
655
661
1507
3454
8150
3788
6582
7941
1054
8008
6664
7075
1508
8013
2884
6450
1970
3567
2311
3872
5755
648
6249
4385
5523
5115
8915
706
4671
7045
8803
5572
8250
1184
2596
9258
2657
9400
8375
8394
8725
6246
5897
331
7908
9733
674
3140
3471
2442
6871
9815
2502
2134
2367
8125
2520
1112
9261
1485
2960
7127
5011
8608
6330
7244
2853
5886
4324
8544
7422
597
6533
6386
1498
1153
1336
2684
8042
1484
4429
6119
8904
1844
8523
1
695
7457
7737
8420
2562
3202
9419
7434
3479
